  t_period economy_id type n c1 c2 exp age master
           2           1  exit         490   1.0584205798184348E-003   2.2944811381101092E-004   11.640816326530611        50.404081632653060       0.46938775510204084     
           2           1  entry         973  -1.0011161356629119E-006   1.2780325385405875E-005   2.4018499486125386        43.493319630010276       0.51387461459403905     
           2           2  exit         490   1.0644329195606695E-003   2.3600265181585205E-004   12.193877551020408        50.581632653061227       0.43469387755102040     
           2           2  entry         973   2.3440904419316369E-008   1.3766035868448009E-005   2.4686536485097634        43.710174717368965       0.51387461459403905     
           3           1  exit         567   2.8350120581858711E-003   9.7524853912286523E-004   11.931216931216932        51.664902998236329       0.53968253968253965     
           3           1  entry         973  -1.0645539568345417E-006   1.2880268756423361E-005   2.5796505652620763        43.338129496402878       0.48818088386433711     
           3           2  exit         567   2.5625790302223933E-003   9.8373433956821729E-004   11.910052910052910        51.121693121693120       0.54320987654320985     
           3           2  entry         973  -8.2960061664955428E-007   1.2523802219938260E-005   2.6433710174717371        43.705035971223019       0.48612538540596095     
           4           1  exit         623   3.4971912309961573E-003   1.2190692874411166E-003   11.802568218298555        51.314606741573037       0.48314606741573035     
           4           1  entry         973  -1.5406865364851044E-006   1.3698299691675146E-005   2.7615621788283660        43.587872559095580       0.51901336073997939     
           4           2  exit         623   3.4411361689506599E-003   1.2263049022417627E-003   12.062600321027288        51.365971107544141       0.50561797752808990     
           4           2  entry         973  -1.7589596094553098E-006   1.3989486330935156E-005   2.5889003083247686        43.702980472764644       0.53031860226104832     
           5           1  exit         659   3.5180684153464990E-003   1.1140510571096751E-003   12.100151745068285        51.506828528072838       0.51441578148710165     
           5           1  entry         973   5.5445426515929572E-007   1.4375870565261962E-005   2.6002055498458376        43.686536485097633       0.48098663926002055     
           5           2  exit         659   3.7408950566267746E-003   1.1810416527951967E-003   12.028831562974203        52.062215477996965       0.53262518968133532     
           5           2  entry         973  -6.1485508735868897E-007   1.4505247790339031E-005   2.7389516957862283        43.921891058581707       0.49845837615621791     
           6           1  exit         691   3.7757305820821812E-003   1.1493361322416110E-003   12.509406657018813        51.733719247467441       0.51374819102749636     
           6           1  entry         973   1.7617677286742377E-008   1.3553972579650476E-005   2.6526207605344294        43.532374100719423       0.54265159301130528     
           6           2  exit         691   4.0946655994683542E-003   1.2883000890526390E-003   11.720694645441389        51.561505065123008       0.49493487698986977     
           6           2  entry         973  -7.4976330935253818E-007   1.3050314182939287E-005   2.6341212744090443        43.750256937307299       0.50668036998972255     
