     time_period  economy_id theta_n theta
   1           1           1   3.5265805889608899     
   1           1           2  -2.0720120226153802     
   1           1           3 -0.27152048912769999     
   1           1           4  0.55168592105296299     
   1           1           5  -7.1790341759027904E-002
   1           1           6 -0.38090578624051202     
   1           1           7  0.52906878844620298     
   1           1           8 -0.12887978275013201     
   1           1           9   2.0934960614102800     
   1           1          10   5.3715105211041996     
   1           1          11  0.81029377021673199     
   1           1          12   7.1236515090867698     
   1           1          13 -0.69407532463088895     
   1           1          14  -2.6004517007167500     
   1           1          15  -5.4966231791896902     
   1           1          16  -5.8882824314572604     
   1           1          17  -7.1814683062315199     
   1           1          18  0.81429729184602695     
   1           1          19   29.549215797854099     
   1           1          20   11.132581278192500     
   1           1          21  0.25000000000000000     
   1           1          22 -0.10000000000000001     
   1           1          23   33.973109182808500     
   1           1          24   36.094180163706298     
   1           1          25   37.788416227440500     
   1           1          26   42.334972042486200     
   1           1          27   48.199733478646600     
   1           1          28   53.980564202983501     
   1           1          29   5.5996405954430202     
   1           1          30   17.856148032338201     
   1           1          31   17.467173426427301     
   1           1          32   31.042814540435700     
   1           1          33   26.553302278777501     
   1           1          34   9.3941990911839302     
   1           1          35   10.670916778708900     
   1           1          36   14.228009856082901     
   1           1          37   20.973904716376399     
   1           1          38   29.690064453635902     
   1           1          39   37.499634418679399     
   1           1          40   17.774820187612200     
   1           1          41  -28.722843014743351     
   1           1          42  -48.435432566039502     
   1           1          43   1226.3568700178200     
   1           1          44   552.20930031743501     
   1           1          45  -37.945759762970802     
   1           1          46  -7.8865749208674698     
   1           1          47  -504.08377801850901     
   1           1          48   506.47501351866498     
   1           1          49   48.562733099634301     
   1           1          50   44.393522306892400     
   1           1          51   8.4014113854039696     
   1           1          52   26.375317745291600     
   1           1          53   31.961530549483399     
   1           1          54   8.0202906187093408     
   1           1          55   54.775552570262697     
   1           1          56   39.981065363170003     
   1           1          57  0.44643629126650097     
   1           1          58   44.956824883431800     
   1           1          59   24.852192828659600     
   1           1          60   5.0393270986534304     
   1           1          61   326.73958742077798     
   1           1          62   278.85061827579199     
   1           2           1   3.5301840168000100     
   1           2           2  -2.0766245612737300     
   1           2           3 -0.27141236321183698     
   1           2           4  0.35144153533925399     
   1           2           5  -7.1989310719141206E-002
   1           2           6 -0.38412005014552503     
   1           2           7  0.52962083143473804     
   1           2           8 -0.12797222577325901     
   1           2           9   2.0871347485549498     
   1           2          10   8.7163132940094705     
   1           2          11  0.80415227689068802     
   1           2          12   7.0696589204625200     
   1           2          13 -0.69521287705224799     
   1           2          14  -2.5929059817790701     
   1           2          15  -5.4660669892279996     
   1           2          16  -5.8485752696919402     
   1           2          17  -7.1772097597424898     
   1           2          18  0.80812545446172801     
   1           2          19   29.325252195661001     
   1           2          20   11.048203641174100     
   1           2          21  0.25000000000000000     
   1           2          22 -0.10000000000000001     
   1           2          23   34.156588214723399     
   1           2          24   35.936447662758901     
   1           2          25   38.214235464118403     
   1           2          26   42.218412293438398     
   1           2          27   48.265078319142397     
   1           2          28   53.929941626755600     
   1           2          29   5.7518575851740801     
   1           2          30   17.595412287336600     
   1           2          31   17.758846457969000     
   1           2          32   23.889801371114700     
   1           2          33   20.465767444151599     
   1           2          34   10.976122352995400     
   1           2          35   11.982487220448601     
   1           2          36   17.944658234189600     
   1           2          37   23.188274304149999     
   1           2          38   30.407071922122100     
   1           2          39   37.475560885230898     
   1           2          40   19.497307070174401     
   1           2          41  -19.857195703784164     
   1           2          42  -54.870414649598303     
   1           2          43   1258.4535757442600     
   1           2          44   531.01482053029804     
   1           2          45  -45.502673251342500     
   1           2          46  -9.1992373502642106     
   1           2          47  -523.99021213294998     
   1           2          48   1132.8529804634200     
   1           2          49   70.768726796308400     
   1           2          50   41.832441142017103     
   1           2          51   8.1839670002925597     
   1           2          52   42.210587146771402     
   1           2          53   29.779247293112899     
   1           2          54   7.6750996320096396     
   1           2          55   48.567855046416902     
   1           2          56   34.796484994636202     
   1           2          57  0.34808884489793901     
   1           2          58   35.078251914264897     
   1           2          59   22.683345614612900     
   1           2          60   3.8781795886850299     
   1           2          61   251.46588342846499     
   1           2          62   239.91518013588001     
   2           1           1   3.4806445824302998     
   2           1           2  -2.2668026046141501     
   2           1           3 -0.27251296350393800     
   2           1           4  0.56044767243231897     
   2           1           5  -7.1022861725114406E-002
   2           1           6 -0.34060279935799997     
   2           1           7  0.52692064373091696     
   2           1           8 -0.11308630511199901     
   2           1           9   2.1309858780692399     
   2           1          10   5.7348054064535301     
   2           1          11  0.84749095625656201     
   2           1          12   7.2772122659627696     
   2           1          13 -0.67803210978806405     
   2           1          14  -4.0038802086610001     
   2           1          15  -5.6855939761960403     
   2           1          16  -6.0713588792937596     
   2           1          17  -7.0594187490717699     
   2           1          18  0.88558971302672895     
   2           1          19   30.567895635080401     
   2           1          20   11.379754553380700     
   2           1          21  0.25000000000000000     
   2           1          22 -0.10000000000000001     
   2           1          23   35.088559928892117     
   2           1          24   22.851353231104255     
   2           1          25   39.779619683339106     
   2           1          26   43.686237667236604     
   2           1          27   36.805575105187089     
   2           1          28   56.104199664811240     
   2           1          29   5.8786012598349382     
   2           1          30   20.635258840480063     
   2           1          31   15.728585546387563     
   2           1          32   29.055699435898195     
   2           1          33   23.208588669184117     
   2           1          34   10.582847601469547     
   2           1          35   12.552934569774518     
   2           1          36   16.902587862059125     
   2           1          37   24.484533621413199     
   2           1          38   29.881487674419102     
   2           1          39   37.863213707702222     
   2           1          40   17.727361265289719     
   2           1          41  -60.052926526218108     
   2           1          42  -44.858997559076222     
   2           1          43   1407.1940193073438     
   2           1          44   658.72082551453184     
   2           1          45  -35.661763689112256     
   2           1          46  -7.1532947467155639     
   2           1          47  -722.40353660509948     
   2           1          48   841.10515074049715     
   2           1          49   30.102077959849723     
   2           1          50   48.947263591118016     
   2           1          51   8.3598347472083674     
   2           1          52   32.303597126541199     
   2           1          53   35.532593157874473     
   2           1          54   9.7583902999709569     
   2           1          55   70.239315709522359     
   2           1          56   42.635840028264170     
   2           1          57  0.35879983524714348     
   2           1          58   61.504412804841785     
   2           1          59   26.257707502801985     
   2           1          60   5.3111906431723881     
   2           1          61   252.52573572085890     
   2           1          62   260.82652820568541     
   2           2           1   3.4663667702725500     
   2           2           2  -2.2046190691448202     
   2           2           3 -0.27218241980619001     
   2           2           4  0.58512653003387805     
   2           2           5  -6.9281025182084094E-002
   2           2           6 -0.37032494342219202     
   2           2           7  0.52858438960011900     
   2           2           8 -0.12939833236223500     
   2           2           9   2.1121470281801500     
   2           2          10   5.6286497773471398     
   2           2          11  0.79533009668632904     
   2           2          12   7.3772508389533602     
   2           2          13 -0.67419098016908197     
   2           2          14  -4.0651952285844999     
   2           2          15  -5.6367987833187296     
   2           2          16  -6.0339831060168700     
   2           2          17  -7.2141775577849501     
   2           2          18   1.1537580060562000     
   2           2          19   31.301565162037299     
   2           2          20   11.241031402371400     
   2           2          21  0.25000000000000000     
   2           2          22 -0.10000000000000001     
   2           2          23   35.450896508682739     
   2           2          24   22.802949425552519     
   2           2          25   39.591753546370114     
   2           2          26   43.722544928741854     
   2           2          27   36.927667185282580     
   2           2          28   55.779695836781080     
   2           2          29   6.0042961843293359     
   2           2          30   21.384197716568984     
   2           2          31   15.258378365650978     
   2           2          32   27.520277825508582     
   2           2          33   21.960990809321800     
   2           2          34   11.316491451802481     
   2           2          35   14.135643312027121     
   2           2          36   18.950311912473900     
   2           2          37   26.363698498088056     
   2           2          38   32.252945220453206     
   2           2          39   39.533383703787045     
   2           2          40   19.882099768050761     
   2           2          41  -56.598809049677399     
   2           2          42  -44.314105703509171     
   2           2          43   1442.9125589040000     
   2           2          44   651.16385563720667     
   2           2          45  -17.414939225311851     
   2           2          46  -7.0056990582211176     
   2           2          47  -546.71311520584152     
   2           2          48   783.36386722242969     
   2           2          49   19.875145670052586     
   2           2          50   47.790697886316408     
   2           2          51   8.1252785063943573     
   2           2          52   31.916345252958649     
   2           2          53   35.312495110267690     
   2           2          54   9.0873756652316331     
   2           2          55   70.857458760292104     
   2           2          56   41.910095140579458     
   2           2          57  0.33174646192615687     
   2           2          58   63.852053558673191     
   2           2          59   25.829667712285325     
   2           2          60   5.3745260687926919     
   2           2          61   238.92266804452564     
   2           2          62   128.82991719116333     
   3           1           1   3.5043762503914127     
   3           1           2  -2.2049807144761813     
   3           1           3 -0.26508079166126419     
   3           1           4  0.57573260918096425     
   3           1           5  -6.9085874558293528E-002
   3           1           6 -0.33131363196436220     
   3           1           7  0.53410592534340706     
   3           1           8 -0.11000213310844117     
   3           1           9   2.1891036756098790     
   3           1          10   5.8912091925965013     
   3           1          11  0.87060434631706674     
   3           1          12   7.4756816943555373     
   3           1          13 -0.65954032470011414     
   3           1          14  -5.6054323159903925     
   3           1          15  -5.6080631480926177     
   3           1          16  -5.9885676206151537     
   3           1          17  -6.9631539465136019     
   3           1          18  0.90974216010553910     
   3           1          19   31.401565528459791     
   3           1          20   11.690111500370323     
   3           1          21  0.25681818191978067     
   3           1          22  -9.7272727232087838E-002
   3           1          23   34.544393422505770     
   3           1          24   27.002468485811143     
   3           1          25   38.942664172614009     
   3           1          26   42.974499582364921     
   3           1          27   48.870830321329585     
   3           1          28   54.982655464594046     
   3           1          29   5.7433839524436978     
   3           1          30   10.220632584628349     
   3           1          31   15.799394303942782     
   3           1          32   29.186505729374872     
   3           1          33   23.313071766117993     
   3           1          34   10.630490683413951     
   3           1          35   12.609446816087887     
   3           1          36   16.978681878425089     
   3           1          37   24.363810175344025     
   3           1          38   30.016011596477313     
   3           1          39   37.653638696286322     
   3           1          40   17.807168341534819     
   3           1          41  -59.772241377852190     
   3           1          42  -44.649328270437813     
   3           1          43   1413.5290873814831     
   3           1          44   661.68633077836262     
   3           1          45  -35.495081930019431     
   3           1          46  -7.1198605127251451     
   3           1          47  -719.02704930329151     
   3           1          48   844.89173476113399     
   3           1          49   30.237594960655784     
   3           1          50   49.167620018616972     
   3           1          51   8.3974700139061333     
   3           1          52   32.449025179836212     
   3           1          53   35.692557877321363     
   3           1          54   9.8023217450994586     
   3           1          55   110.24301117034746     
   3           1          56   42.827782962409252     
   3           1          57  0.36041512166116618     
   3           1          58   61.781300452623562     
   3           1          59   26.375917474006204     
   3           1          60   5.3351011727920099     
   3           1          61   253.66258515619836     
   3           1          62   262.00074710446859     
   3           2           1   3.4663667702725500     
   3           2           2  -2.2046190691448202     
   3           2           3 -0.27218241980619001     
   3           2           4  0.58512653003387805     
   3           2           5  -6.9281025182084094E-002
   3           2           6 -0.37032494342219202     
   3           2           7  0.52858438960011900     
   3           2           8 -0.10351866550415091     
   3           2           9   2.1121470281801500     
   3           2          10   5.6286497773471398     
   3           2          11  0.79533009668632904     
   3           2          12   7.3772508389533602     
   3           2          13 -0.67419098016908197     
   3           2          14  -4.0651952285844999     
   3           2          15  -5.6367987833187296     
   3           2          16  -6.0339831060168700     
   3           2          17  -7.2141775577849501     
   3           2          18   1.1537580060562000     
   3           2          19   31.301565162037299     
   3           2          20   11.241031402371400     
   3           2          21  0.25000000000000000     
   3           2          22 -0.10000000000000001     
   3           2          23   34.633130847497263     
   3           2          24   27.086752383897490     
   3           2          25   38.982346642974370     
   3           2          26   43.031066651353370     
   3           2          27   49.009389426309745     
   3           2          28   54.819130268861457     
   3           2          29   5.9556324356610988     
   3           2          30   20.817728514598372     
   3           2          31   15.429882187032900     
   3           2          32   27.829605114389718     
   3           2          33   22.207831840188540     
   3           2          34   11.443688555066700     
   3           2          35   13.856691800384050     
   3           2          36   18.551662761602003     
   3           2          37   25.645120932108341     
   3           2          38   31.450056177693746     
   3           2          39   38.286834346646728     
   3           2          40   19.090002927896876     
   3           2          41  -55.938327536673071     
   3           2          42  -43.796980907530020     
   3           2          43   1459.1308628313011     
   3           2          44   658.48292237623559     
   3           2          45  -17.211715065624841     
   3           2          46  -6.9239458413015962     
   3           2          47  -540.33322998257813     
   3           2          48   792.16885904670301     
   3           2          49   20.098541849597542     
   3           2          50   48.327864229790038     
   3           2          51   8.2166064496557158     
   3           2          52   32.275084238469027     
   3           2          53   35.709406741950467     
   3           2          54   9.1895175583982436     
   3           2          55   111.95921088232737     
   3           2          56   42.381163644639479     
   3           2          57  0.33547528451705250     
   3           2          58   64.569749169960915     
   3           2          59   26.119992582433660     
   3           2          60   2.6982137547635654     
   3           2          61   241.60815333021222     
   3           2          62   130.27796249303742     
   4           1           1   3.5043762503914100     
   4           1           2  -2.2049807144761799     
   4           1           3 -0.26508079166126403     
   4           1           4  0.57573260918096403     
   4           1           5  -6.9085874558293500E-002
   4           1           6 -0.33131363196436198     
   4           1           7  0.53410592534340695     
   4           1           8 -0.11000213310844099     
   4           1           9   2.1891036756098798     
   4           1          10   5.8912091925965004     
   4           1          11  0.87060434631706696     
   4           1          12   7.4756816943555400     
   4           1          13 -0.65954032470011403     
   4           1          14  -5.6054323159903898     
   4           1          15  -5.6080631480926204     
   4           1          16  -5.9885676206151501     
   4           1          17  -6.9631539465136001     
   4           1          18  0.90974216010553899     
   4           1          19   31.401565528459798     
   4           1          20   11.690111500370300     
   4           1          21  0.25681818191978101     
   4           1          22  -9.7272727232087797E-002
   4           1          23   34.544393422505770     
   4           1          24   27.002468485811143     
   4           1          25   38.942664172614009     
   4           1          26   42.974499582364921     
   4           1          27   48.870830321329585     
   4           1          28   54.982655464594046     
   4           1          29   5.7433839524436978     
   4           1          30   10.220632584628349     
   4           1          31   15.799394303942782     
   4           1          32   29.186505729374872     
   4           1          33   23.313071766117993     
   4           1          34   10.630490683413951     
   4           1          35   12.609446816087887     
   4           1          36   16.978681878425089     
   4           1          37   24.363810175344025     
   4           1          38   30.016011596477313     
   4           1          39   37.653638696286322     
   4           1          40   17.807168341534819     
   4           1          41  -59.772241377852190     
   4           1          42  -44.649328270437813     
   4           1          43   1413.5290873814831     
   4           1          44   661.68633077836262     
   4           1          45  -35.495081930019431     
   4           1          46  -7.1198605127251451     
   4           1          47  -719.02704930329151     
   4           1          48   844.89173476113399     
   4           1          49   30.237594960655784     
   4           1          50   49.167620018616972     
   4           1          51   8.3974700139061333     
   4           1          52   32.449025179836212     
   4           1          53   35.692557877321363     
   4           1          54   9.8023217450994586     
   4           1          55   110.24301117034746     
   4           1          56   42.827782962409252     
   4           1          57  0.36041512166116618     
   4           1          58   61.781300452623562     
   4           1          59   26.375917474006204     
   4           1          60   5.3351011727920099     
   4           1          61   253.66258515619836     
   4           1          62   262.00074710446859     
   4           2           1   3.4900010895129490     
   4           2           2  -2.1444930936358308     
   4           2           3 -0.26475926279177092     
   4           2           4  0.60108452654532296     
   4           2           5  -6.7391542648962730E-002
   4           2           6 -0.36022517208745208     
   4           2           7  0.53579235865661901     
   4           2           8 -0.12586928688158744     
   4           2           9   2.1697510388979722     
   4           2          10   5.7821584099258807     
   4           2          11  0.81702091782826447     
   4           2          12   7.5784485921047136     
   4           2          13 -0.65580395316320950     
   4           2          14  -5.6912733442487502     
   4           2          15  -5.5599333442189955     
   4           2          16  -5.9517015169814682     
   4           2          17  -7.1158024078038009     
   4           2          18   1.1852241339629801     
   4           2          19   32.155244224631822     
   4           2          20   11.547604990640741     
   4           2          21  0.25681818191978067     
   4           2          22  -9.7272727232087838E-002
   4           2          23   34.633130847497263     
   4           2          24   27.086752383897490     
   4           2          25   38.982346642974370     
   4           2          26   43.031066651353370     
   4           2          27   49.009389426309745     
   4           2          28   54.819130268861457     
   4           2          29   5.9556324356610988     
   4           2          30   20.817728514598372     
   4           2          31   15.429882187032900     
   4           2          32   27.829605114389718     
   4           2          33   22.207831840188540     
   4           2          34   11.443688555066700     
   4           2          35   13.856691800384050     
   4           2          36   18.551662761602003     
   4           2          37   25.645120932108341     
   4           2          38   31.450056177693746     
   4           2          39   38.286834346646728     
   4           2          40   19.090002927896876     
   4           2          41  -55.938327536673071     
   4           2          42  -32.847735680647503     
   4           2          43   1459.1308628313011     
   4           2          44   658.48292237623559     
   4           2          45  -17.211715065624841     
   4           2          46  -6.9239458413015962     
   4           2          47  -540.33322998257813     
   4           2          48   792.16885904670301     
   4           2          49   20.098541849597542     
   4           2          50   48.327864229790038     
   4           2          51   8.2166064496557158     
   4           2          52   32.275084238469027     
   4           2          53   35.709406741950467     
   4           2          54   9.1895175583982436     
   4           2          55   111.95921088232737     
   4           2          56   42.381163644639479     
   4           2          57  0.33547528451705250     
   4           2          58   64.569749169960915     
   4           2          59   26.119992582433660     
   4           2          60   2.6982137547635654     
   4           2          61   241.60815333021222     
   4           2          62   130.27796249303742     
   5           1           1   3.5043762503914100     
   5           1           2  -2.2049807144761799     
   5           1           3 -0.26508079166126403     
   5           1           4  0.57573260918096403     
   5           1           5  -6.9085874558293500E-002
   5           1           6 -0.33131363196436198     
   5           1           7  0.53410592534340695     
   5           1           8 -0.11000213310844099     
   5           1           9   2.1891036756098798     
   5           1          10   5.8912091925965004     
   5           1          11  0.87060434631706696     
   5           1          12   7.4756816943555400     
   5           1          13 -0.65954032470011403     
   5           1          14  -5.6054323159903898     
   5           1          15  -5.6080631480926204     
   5           1          16  -5.9885676206151501     
   5           1          17  -6.9631539465136001     
   5           1          18  0.90974216010553899     
   5           1          19   31.401565528459798     
   5           1          20   11.690111500370300     
   5           1          21  0.25681818191978101     
   5           1          22  -9.7272727232087797E-002
   5           1          23   34.117919429635300     
   5           1          24   36.003291314414902     
   5           1          25   38.461890540853403     
   5           1          26   42.443950204804800     
   5           1          27   48.267486737115597     
   5           1          28   54.303857248981700     
   5           1          29   5.6724779777221599     
   5           1          30   10.094451935435400     
   5           1          31   15.604340053276800     
   5           1          32   28.826178498148000     
   5           1          33   23.025256065301701     
   5           1          34   10.499250057692800     
   5           1          35   12.453774633173200     
   5           1          36   16.769068521901300     
   5           1          37   24.063022395401500     
   5           1          38   29.645443552076301     
   5           1          39   37.188778959295099     
   5           1          40   17.587326757071398     
   5           1          41  -60.528852028204597     
   5           1          42  -45.214509640949601     
   5           1          43   1396.0781109940599     
   5           1          44   653.51736373171502     
   5           1          45  -35.944386764576599     
   5           1          46  -7.2099853293419303     
   5           1          47  -728.12865752232199     
   5           1          48   1629.8065871163844     
   5           1          49   29.864291319166199     
   5           1          50   48.560612364066102     
   5           1          51   8.2937975445986396     
   5           1          52   32.048419930702401     
   5           1          53   35.251909014638400     
   5           1          54   9.6813054272587102     
   5           1          55   69.684471258293598     
   5           1          56   42.299044901145002     
   5           1          57  0.35596555225794202     
   5           1          58   61.018568348270200     
   5           1          59   26.050288863216000     
   5           1          60   5.2692357262143403     
   5           1          61   250.53094830241801     
   5           1          62   258.76616997972201     
   5           2           1   3.4900010895129499     
   5           2           2  -2.1444930936358300     
   5           2           3 -0.26475926279177098     
   5           2           4  0.60108452654532296     
   5           2           5  -6.7391542648962702E-002
   5           2           6 -0.36022517208745197     
   5           2           7  0.53579235865661901     
   5           2           8 -0.12586928688158699     
   5           2           9   2.1697510388979699     
   5           2          10   5.7821584099258798     
   5           2          11  0.81702091782826503     
   5           2          12   7.5784485921047100     
   5           2          13 -0.65580395316321005     
   5           2          14  -5.6912733442487502     
   5           2          15  -5.5599333442190000     
   5           2          16  -5.9517015169814700     
   5           2          17  -7.1158024078038000     
   5           2          18   1.1852241339629801     
   5           2          19   32.155244224631801     
   5           2          20   11.547604990640700     
   5           2          21  0.25681818191978101     
   5           2          22  -9.7272727232087797E-002
   5           2          23   34.642115666731549     
   5           2          24   27.095154645546266     
   5           2          25   38.995429123032395     
   5           2          26   43.039593916902660     
   5           2          27   49.018122936115745     
   5           2          28   54.827140373672023     
   5           2          29   5.9629374106377160     
   5           2          30   20.770634797412949     
   5           2          31   15.495060096233587     
   5           2          32   27.947161130258714     
   5           2          33   22.301640725420278     
   5           2          34   11.492028243245906     
   5           2          35   13.890735237751890     
   5           2          36   20.891011393230780     
   5           2          37   25.682797062525367     
   5           2          38   31.524491747630883     
   5           2          39   38.318260754929128     
   5           2          40   19.134741680152462     
   5           2          41  -55.702036475676877     
   5           2          42  -32.708982402580325     
   5           2          43   1465.2944289387278     
   5           2          44   661.26444329808055     
   5           2          45  -17.139010453357724     
   5           2          46  -6.8946981576262267     
   5           2          47  -538.05078934077562     
   5           2          48   1242.9923241338158     
   5           2          49   20.183440808634309     
   5           2          50   48.532007664487011     
   5           2          51   8.2513145065690292     
   5           2          52   32.411418559395038     
   5           2          53   35.860248105612470     
   5           2          54   9.2283353234180243     
   5           2          55   71.956570707982465     
   5           2          56   42.560187411792462     
   5           2          57  0.33689237749082113     
   5           2          58   64.842500523308686     
   5           2          59   26.230326963747963     
   5           2          60   2.7096113745885360     
   5           2          61   242.62873884661556     
   5           2          62   130.82827422628876     
   6           1           1   3.5043762503914100     
   6           1           2  -2.2049807144761799     
   6           1           3 -0.26508079166126403     
   6           1           4  0.57573260918096403     
   6           1           5  -6.9085874558293500E-002
   6           1           6 -0.33131363196436198     
   6           1           7  0.53410592534340695     
   6           1           8 -0.11000213310844099     
   6           1           9   2.1891036756098798     
   6           1          10   5.8912091925965004     
   6           1          11  0.87060434631706696     
   6           1          12   7.4756816943555400     
   6           1          13 -0.65954032470011403     
   6           1          14  -5.6054323159903898     
   6           1          15  -5.6080631480926204     
   6           1          16  -5.9885676206151501     
   6           1          17  -6.9631539465136001     
   6           1          18  0.90974216010553899     
   6           1          19   31.401565528459798     
   6           1          20   11.690111500370300     
   6           1          21  0.25681818191978101     
   6           1          22  -9.7272727232087797E-002
   6           1          23   34.544393422505770     
   6           1          24   27.002468485811143     
   6           1          25   38.942664172614009     
   6           1          26   42.974499582364921     
   6           1          27   48.870830321329585     
   6           1          28   54.982655464594046     
   6           1          29   5.7433839524436978     
   6           1          30   10.220632584628349     
   6           1          31   15.799394303942782     
   6           1          32   29.186505729374872     
   6           1          33   23.313071766117993     
   6           1          34   10.630490683413951     
   6           1          35   12.609446816087887     
   6           1          36   16.978681878425089     
   6           1          37   24.363810175344025     
   6           1          38   30.016011596477313     
   6           1          39   37.653638696286322     
   6           1          40   17.807168341534819     
   6           1          41  -59.772241377852190     
   6           1          42  -44.649328270437813     
   6           1          43   1413.5290873814831     
   6           1          44   661.68633077836262     
   6           1          45  -35.495081930019431     
   6           1          46  -7.1198605127251451     
   6           1          47  -719.02704930329151     
   6           1          48   2578.4049522739697     
   6           1          49   30.237594960655784     
   6           1          50   49.167620018616972     
   6           1          51   8.3974700139061333     
   6           1          52   32.449025179836212     
   6           1          53   35.692557877321363     
   6           1          54   9.8023217450994586     
   6           1          55   70.555527149022367     
   6           1          56   42.827782962409252     
   6           1          57  0.36041512166116618     
   6           1          58   61.781300452623562     
   6           1          59   26.375917474006204     
   6           1          60   5.3351011727920099     
   6           1          61   253.66258515619836     
   6           1          62   262.00074710446859     
   6           2           1   3.4900010895129499     
   6           2           2  -2.1444930936358300     
   6           2           3 -0.26475926279177098     
   6           2           4  0.60108452654532296     
   6           2           5  -6.7391542648962702E-002
   6           2           6 -0.36022517208745197     
   6           2           7  0.53579235865661901     
   6           2           8 -0.12586928688158699     
   6           2           9   2.1697510388979699     
   6           2          10   5.7821584099258798     
   6           2          11  0.81702091782826503     
   6           2          12   7.5784485921047100     
   6           2          13 -0.65580395316321005     
   6           2          14  -5.6912733442487502     
   6           2          15  -5.5599333442190000     
   6           2          16  -5.9517015169814700     
   6           2          17  -7.1158024078038000     
   6           2          18   1.1852241339629801     
   6           2          19   32.155244224631801     
   6           2          20   11.547604990640700     
   6           2          21  0.25681818191978101     
   6           2          22  -9.7272727232087797E-002
   6           2          23   34.642115666731549     
   6           2          24   27.095154645546266     
   6           2          25   38.995429123032395     
   6           2          26   43.039593916902660     
   6           2          27   49.018122936115745     
   6           2          28   54.827140373672023     
   6           2          29   5.9629374106377160     
   6           2          30   20.770634797412949     
   6           2          31   15.495060096233587     
   6           2          32   27.947161130258714     
   6           2          33   22.301640725420278     
   6           2          34   11.492028243245906     
   6           2          35   13.890735237751890     
   6           2          36   20.891011393230780     
   6           2          37   25.682797062525367     
   6           2          38   31.524491747630883     
   6           2          39   38.318260754929128     
   6           2          40   19.134741680152462     
   6           2          41  -55.702036475676877     
   6           2          42  -32.708982402580325     
   6           2          43   1465.2944289387278     
   6           2          44   661.26444329808055     
   6           2          45  -17.139010453357724     
   6           2          46  -6.8946981576262267     
   6           2          47  -538.05078934077562     
   6           2          48   2427.7193830738588     
   6           2          49   20.183440808634309     
   6           2          50   48.532007664487011     
   6           2          51   8.2513145065690292     
   6           2          52   32.411418559395038     
   6           2          53   35.860248105612470     
   6           2          54   9.2283353234180243     
   6           2          55   71.956570707982465     
   6           2          56   42.560187411792462     
   6           2          57  0.33689237749082113     
   6           2          58   64.842500523308686     
   6           2          59   26.230326963747963     
   6           2          60   2.7096113745885360     
   6           2          61   242.62873884661556     
   6           2          62   130.82827422628876     
