     time_period  economy_id exp1_tc exp2_tc exp3_tc exp4_tc exp5_tc exp6_tc
   1           1  -7.7737434558231705E-004   2.8085338158874686E-002  -1.3373535161522130E-002  -6.4263863513698873E-003  -3.3107546962643591E-002  -6.3549471224809306E-002
   1           2  -7.7738510903183576E-004   2.8085381058869686E-002  -1.3374059764909416E-002  -6.4248366307605434E-003  -3.3105901570928381E-002  -6.3547667450723988E-002
   2           1  -4.8752778455574347E-004   2.2512002982931922       0.16228327866059702       -4.3229931576652600E-003  0.30703843326385166      -0.20564482507855825     
   2           2  -8.0901710308555093E-004   2.2567012504787893       0.16126877426092226       -3.9221710998452739E-003  0.31051248438380918      -0.21079138890104959     
   3           1  -5.8657029743820971E-004   3.8731244948371475        5.2864988816928253      -0.59593284585533701       0.57051327907673111      -0.38535354710562414     
   3           2  -5.3609724635474739E-004   3.8525916621268936        5.4265748410961061      -0.56838865796200955       0.55894441945122830      -0.39401795510387488     
   4           1  -7.2212305897082082E-004   3.5078964722189991        11.288805503503049      -0.56619665770926164       0.56510607821903591      -0.57603634430030559     
   4           2  -8.2292167734993136E-004   3.5926861571941471        11.408820736104312      -0.48978340258618791       0.57594559990544125      -0.58640461199821159     
   5           1  -3.5980210947119138E-004   3.4383045280725328        11.973664437781405        1.6228625458660810       0.58936132022789300      -0.74864566317554759     
   5           2  -5.3105020087692472E-004   3.4529990291963828        11.874656600008670        1.8238185901527155       0.59299049098545087      -0.76295226947427996     
   6           1  -9.3811172526581555E-004   3.3124566767485870        10.981488426006580        5.3225543714106474       0.58901703116138893      -0.87663598900004069     
   6           2  -4.3834718584563029E-004   3.2574069228250386        11.150340081171896        5.3808497796524666       0.57652104197666720      -0.89250384320845222     
