     time_period  economy_id state_subsidy rewarded_district rewarded_state rewarded_tot mean_reward_dist mean_reward_state mean_reward_tot mean_reward_dist_ratio mean_reward_state_ratio mean_reward_tot_ratio sd_reward_dist sd_reward_state sd_reward_tot sd_reward_dist_ratio sd_reward_state_Ratio sd_reward_tot_Ratio
   1           1   0.0000000000000000       0.10996804142307841        0.0000000000000000       0.10996804142307841        1.4358883552488446E-003                       NaN   1.4358883552488446E-003   4.8183843817933905E-005                       NaN   4.8183843817933905E-005   1.7107307437037207E-003                       NaN   1.7107307437037207E-003   5.5394185303963165E-005                       NaN   5.5394185303963165E-005
   1           2   0.0000000000000000       0.11779588644756266        0.0000000000000000       0.11779588644756266        1.3315034045175112E-003                       NaN   1.3315034045175112E-003   4.6144877219005691E-005                       NaN   4.6144877219005691E-005   1.5801415936494393E-003                       NaN   1.5801415936494393E-003   5.4821502152944595E-005                       NaN   5.4821502152944595E-005
   2           1   0.0000000000000000       0.18260161756141124        0.0000000000000000       0.18260161756141124        6.8629334923561908E-002                       NaN   6.8629334923561908E-002   2.1638156559513266E-003                       NaN   2.1638156559513266E-003  0.16222084038216317                            NaN  0.16222084038216317        4.9992510905999066E-003                       NaN   4.9992510905999066E-003
   2           2   0.0000000000000000       0.20171754845018702        0.0000000000000000       0.20171754845018702        6.4214777417314114E-002                       NaN   6.4214777417314114E-002   2.0550290963319007E-003                       NaN   2.0550290963319007E-003  0.14167825294508879                            NaN  0.14167825294508879        4.7633516307537590E-003                       NaN   4.7633516307537590E-003
   3           1   0.0000000000000000       0.23870749364057545        0.0000000000000000       0.23870749364057545       0.17893122269522738                            NaN  0.17893122269522738        5.6104553534813591E-003                       NaN   5.6104553534813591E-003  0.28265167844862521                            NaN  0.28265167844862521        8.9757874089674231E-003                       NaN   8.9757874089674231E-003
   3           2   0.0000000000000000       0.26787408128858325        0.0000000000000000       0.26787408128858325       0.16389110436955934                            NaN  0.16389110436955934        5.1186026415690426E-003                       NaN   5.1186026415690426E-003  0.25522377465649038                            NaN  0.25522377465649038        8.2142995015171798E-003                       NaN   8.2142995015171798E-003
   4           1   0.0000000000000000       0.26540572768960835        0.0000000000000000       0.26540572768960835       0.23870905714647297                            NaN  0.23870905714647297        7.4787740005068000E-003                       NaN   7.4787740005068000E-003  0.37141445598100098                            NaN  0.37141445598100098        1.1843561964687740E-002                       NaN   1.1843561964687740E-002
   4           2   0.0000000000000000       0.30245321990852175        0.0000000000000000       0.30245321990852175       0.22531016420809338                            NaN  0.22531016420809338        6.9517653833849908E-003                       NaN   6.9517653833849908E-003  0.35157107121130399                            NaN  0.35157107121130399        1.1038024304651254E-002                       NaN   1.1038024304651254E-002
   5           1   0.0000000000000000       0.29676273957085508        0.0000000000000000       0.29676273957085508       0.25015087082593268                            NaN  0.25015087082593268        7.5595069128641997E-003                       NaN   7.5595069128641997E-003  0.38455036685777799                            NaN  0.38455036685777799        1.1917144939436746E-002                       NaN   1.1917144939436746E-002
   5           2   0.0000000000000000       0.32969596864598266        0.0000000000000000       0.32969596864598266       0.23692490616653430                            NaN  0.23692490616653430        7.1759358402812921E-003                       NaN   7.1759358402812921E-003  0.37670987826862173                            NaN  0.37670987826862173        1.1781643019580687E-002                       NaN   1.1781643019580687E-002
   6           1   0.0000000000000000       0.31198530948123299        0.0000000000000000       0.31198530948123299       0.25520215896884357                            NaN  0.25520215896884357        7.5246186736448832E-003                       NaN   7.5246186736448832E-003  0.38206170681680834                            NaN  0.38206170681680834        1.1708034862214032E-002                       NaN   1.1708034862214032E-002
   6           2   0.0000000000000000       0.33646129406130798        0.0000000000000000       0.33646129406130798       0.25254840036637838                            NaN  0.25254840036637838        7.4613641271485129E-003                       NaN   7.4613641271485129E-003  0.37376542194384976                            NaN  0.37376542194384976        1.1605442770190931E-002                       NaN   1.1605442770190931E-002
