3.52658058896089 3.53018401680001 3.52658058896089 3.52264957677277 3.52658058896089 3.52264957677277 3.52264957677277 3.52264957677277 3.52658058896089 3.52658058896089 3.52264957677277 3.52658058896089 3.52658058896089 3.52264957677277 3.52658058896089 3.52658058896089 3.5206840706787 3.52658058896089 3.52658058896089 3.52658058896089 3.5206840706787 3.52264957677277 3.53018401680001 3.52264957677277 3.5206840706787 3.52658058896089 3.52658058896089 3.52658058896089 3.52264957677277 3.52658058896089 3.52264957677277 3.52658058896089 3.52658058896089 3.52264957677277 3.52658058896089 3.52658058896089 3.52264957677277 3.52658058896089 3.52658058896089 3.52658058896089 3.52264957677277 3.52658058896089 3.52658058896089 3.52658058896089 3.51836119984027 3.52264957677277 3.52658058896089 3.52264957677277 3.53018401680001 3.52658058896089
-2.07201202261538 -2.07662456127373 -2.07201202261538 -2.06698016226081 -2.11898881479478 -2.06698016226081 -2.05266229864946 -2.09963909082886 -2.10194937380275 -2.08632988622673 -2.06698016226081 -2.08632988622673 -2.08632988622673 -2.11822757191106 -2.10194937380275 -2.08632988622673 -2.08073453164188 -2.07201202261538 -2.11898881479478 -2.08632988622673 -2.08073453164188 -2.09963909082886 -2.08974926958414 -2.06698016226081 -2.08073453164188 -2.11898881479478 -2.10194937380275 -2.11898881479478 -2.06698016226081 -2.07201202261538 -2.11822757191106 -2.08632988622673 -2.08632988622673 -2.06698016226081 -2.11898881479478 -2.07201202261538 -2.08259964983683 -2.08632988622673 -2.08632988622673 -2.07201202261538 -2.08259964983683 -2.10194937380275 -2.07201202261538 -2.08632988622673 -2.06149086005583 -2.06698016226081 -2.10194937380275 -2.06698016226081 -2.08974926958414 -2.08632988622673
-0.2715204891277 -0.271412363211837 -0.2715204891277 -0.271638444672278 -0.2715204891277 -0.271638444672278 -0.271638444672278 -0.271638444672278 -0.2715204891277 -0.2715204891277 -0.271638444672278 -0.2715204891277 -0.2715204891277 -0.271638444672278 -0.2715204891277 -0.2715204891277 -0.271697422444567 -0.2715204891277 -0.2715204891277 -0.2715204891277 -0.271697422444567 -0.271638444672278 -0.271412363211837 -0.271638444672278 -0.271697422444567 -0.2715204891277 -0.2715204891277 -0.2715204891277 -0.271638444672278 -0.2715204891277 -0.271638444672278 -0.2715204891277 -0.2715204891277 -0.271638444672278 -0.2715204891277 -0.2715204891277 -0.271638444672278 -0.2715204891277 -0.2715204891277 -0.2715204891277 -0.271638444672278 -0.2715204891277 -0.2715204891277 -0.2715204891277 -0.271767123448181 -0.271638444672278 -0.2715204891277 -0.271638444672278 -0.271412363211837 -0.2715204891277
0.551685921052963 0.351441535339254 0.551685921052963 0.553754857459227 0.551685921052963 0.553754857459227 0.556496856434744 0.547500380457221 0.551685921052963 0.551685921052963 0.553754857459227 0.551685921052963 0.35585155943922 0.553754857459227 0.551685921052963 0.551685921052963 0.55478932566236 0.551685921052963 0.551685921052963 0.551685921052963 0.55478932566236 0.556496856434744 0.351441535339254 0.553754857459227 0.55478932566236 0.551685921052963 0.551685921052963 0.551685921052963 0.553754857459227 0.551685921052963 0.553754857459227 0.35585155943922 0.551685921052963 0.553754857459227 0.551685921052963 0.551685921052963 0.553754857459227 0.551685921052963 0.551685921052963 0.35585155943922 0.553754857459227 0.551685921052963 0.35585155943922 0.551685921052963 0.556011878993334 0.553754857459227 0.551685921052963 0.360662494821002 0.351441535339254 0.551685921052963
-0.0717903417590279 -0.0719893107191412 -0.0717903417590279 -0.0715732847116316 -0.0722479808384205 -0.0715732847116316 -0.0711156456322391 -0.072617155669585 -0.0727472234704851 -0.0717903417590279 -0.0715732847116316 -0.0717903417590279 -0.0717903417590279 -0.072617155669585 -0.0717903417590279 -0.0717903417590279 -0.0714647561879335 -0.0717903417590279 -0.0717903417590279 -0.0717903417590279 -0.0714647561879335 -0.0711156456322391 -0.0719893107191412 -0.0715732847116316 -0.0714647561879335 -0.0722479808384205 -0.0717903417590279 -0.0722479808384205 -0.0715732847116316 -0.0717903417590279 -0.0720725273436963 -0.0717903417590279 -0.0717903417590279 -0.0715732847116316 -0.0722479808384205 -0.0717903417590279 -0.0715732847116316 -0.0717903417590279 -0.0717903417590279 -0.0717903417590279 -0.0720725273436963 -0.0717903417590279 -0.0717903417590279 -0.0717903417590279 -0.0713364952053812 -0.0715732847116316 -0.0722479808384205 -0.0706961431427959 -0.0719893107191412 -0.0717903417590279
-0.380905786240512 -0.384120050145525 -0.383993596893356 -0.38385564789099 -0.378075293142073 -0.377399316525954 -0.377399316525954 -0.343433399344679 -0.375480674468503 -0.383993596893356 -0.38385564789099 -0.383993596893356 -0.383993596893356 -0.369595804303172 -0.375480674468503 -0.380905786240512 -0.374112897907019 -0.383993596893356 -0.378075293142073 -0.380905786240512 -0.374112897907019 -0.374568823427514 -0.384120050145525 -0.38385564789099 -0.374112897907019 -0.373102274017731 -0.378075293142073 -0.378075293142073 -0.380487127178797 -0.383993596893356 -0.369595804303172 -0.380905786240512 -0.380905786240512 -0.380487127178797 -0.370922073604523 -0.383993596893356 -0.374568823427514 -0.383993596893356 -0.375480674468503 -0.380905786240512 -0.38385564789099 -0.375480674468503 -0.380905786240512 -0.383993596893356 -0.38003040820238 -0.380487127178797 -0.511658223224743 -0.380487127178797 -0.384120050145525 -0.380905786240512
0.529068788446203 0.529620831434738 0.529068788446203 0.528466559731437 0.531854048504763 0.528466559731437 0.528466559731437 0.528466559731437 0.531854048504763 0.529068788446203 0.528466559731437 0.529068788446203 0.529068788446203 0.531505025249866 0.529068788446203 0.529068788446203 0.531330513622417 0.529068788446203 0.529068788446203 0.529068788446203 0.528165445374054 0.528466559731437 0.532173986488419 0.528466559731437 0.528165445374054 0.529068788446203 0.529068788446203 0.531854048504763 0.528466559731437 0.529068788446203 0.528466559731437 0.529068788446203 0.531854048504763 0.531505025249866 0.529068788446203 0.529068788446203 0.531505025249866 0.529068788446203 0.529068788446203 0.531854048504763 0.528466559731437 0.529068788446203 0.529068788446203 0.529068788446203 0.527809582951692 0.528466559731437 0.531854048504763 0.531505025249866 0.529620831434738 0.531854048504763
-0.128879782750132 -0.127972225773259 -0.127843420765631 -0.127702906211855 -0.124492586986172 -0.128833482922219 -0.128833482922219 -0.124047451179718 -0.125224327717995 -0.126022590334529 -0.127702906211855 -0.127843420765631 -0.127843420765631 -0.124845713796252 -0.128879782750132 -0.128879782750132 -0.128810333008263 -0.127843420765631 -0.126022590334529 -0.128879782750132 -0.127632648934967 -0.128833482922219 -0.127972225773259 -0.127702906211855 -0.127632648934967 -0.126893422279838 -0.128879782750132 -0.125224327717995 -0.128833482922219 -0.127843420765631 -0.126666544227354 -0.128879782750132 -0.128879782750132 -0.128833482922219 -0.126893422279838 -0.127843420765631 -0.128833482922219 -0.127843420765631 -0.128879782750132 -0.128879782750132 -0.124845713796252 -0.128879782750132 -0.128879782750132 -0.126022590334529 -0.128782974019042 -0.128833482922219 -0.126893422279838 -0.128833482922219 -0.127972225773259 -0.128879782750132
2.09349606141028 2.08713474855495 2.09349606141028 2.10043567543428 2.08208831085222 2.10043567543428 2.11184342599234 2.07441469069028 2.09349606141028 2.09349606141028 2.10043567543428 2.09349606141028 2.09349606141028 2.07441469069028 2.09349606141028 2.09349606141028 2.10390548244628 2.09349606141028 2.09349606141028 2.09349606141028 2.10390548244628 2.11184342599234 2.08713474855495 2.10043567543428 2.10390548244628 2.09349606141028 2.09349606141028 2.09349606141028 2.10043567543428 2.09349606141028 2.08799085664367 2.09349606141028 2.09349606141028 2.10043567543428 2.08208831085222 2.09349606141028 2.10043567543428 2.09349606141028 2.09349606141028 2.09349606141028 2.10043567543428 2.09349606141028 2.09349606141028 2.09349606141028 2.10800616346046 2.10043567543428 2.08208831085222 2.12230053067056 2.08713474855495 2.09349606141028
5.3715105211042 8.71631329400947 8.78288175555737 8.85550189542782 8.78288175555737 8.85550189542782 8.85550189542782 8.85550189542782 5.3715105211042 8.78288175555737 5.44413066097465 5.3715105211042 8.78288175555737 5.44413066097465 5.3715105211042 8.78288175555737 5.48044073090987 5.3715105211042 8.78288175555737 8.78288175555737 5.48044073090987 8.85550189542782 8.71631329400947 8.85550189542782 5.48044073090987 8.78288175555737 5.3715105211042 8.78288175555737 8.40021250436927 5.3715105211042 8.40021250436927 8.78288175555737 8.78288175555737 8.85550189542782 5.3715105211042 8.78288175555737 8.85550189542782 8.78288175555737 5.3715105211042 8.78288175555737 8.40021250436927 5.3715105211042 8.78288175555737 8.78288175555737 5.5233526317424 5.44413066097465 8.78288175555737 8.85550189542782 8.71631329400947 5.3715105211042
0.810293770216732 0.804152276890688 0.810293770216732 0.81699358111787 0.495566447669676 0.774989354317586 0.81699358111787 0.81699358111787 0.810293770216732 0.495566447669676 0.81699358111787 0.810293770216732 0.810293770216732 0.81699358111787 0.810293770216732 0.810293770216732 0.820343486568439 0.810293770216732 0.810293770216732 0.810293770216732 0.820343486568439 0.81699358111787 0.804152276890688 0.81699358111787 0.820343486568439 0.810293770216732 0.810293770216732 0.495566447669676 0.502266258570814 0.810293770216732 0.502266258570814 0.810293770216732 0.810293770216732 0.81699358111787 0.810293770216732 0.810293770216732 0.81699358111787 0.810293770216732 0.810293770216732 0.810293770216732 0.502266258570814 0.810293770216732 0.810293770216732 0.810293770216732 0.824302465737294 0.81699358111787 0.810293770216732 0.81699358111787 0.804152276890688 0.810293770216732
7.12365150908677 7.06965892046252 4.35674418655668 7.18255251485869 7.12365150908677 4.4156451923286 7.18255251485869 6.77970404236794 7.12365150908677 7.12365150908677 7.18255251485869 7.12365150908677 7.12365150908677 7.18255251485869 7.12365150908677 4.35674418655668 7.21200301774465 7.12365150908677 7.12365150908677 7.12365150908677 7.21200301774465 7.18255251485869 7.06965892046252 7.18255251485869 7.21200301774465 4.35674418655668 7.12365150908677 7.12365150908677 7.18255251485869 7.12365150908677 7.18255251485869 7.12365150908677 4.35674418655668 7.18255251485869 7.12365150908677 7.12365150908677 4.4156451923286 4.35674418655668 7.12365150908677 7.12365150908677 7.18255251485869 7.12365150908677 7.12365150908677 4.35674418655668 7.24680815751897 7.18255251485869 7.12365150908677 7.18255251485869 7.06965892046252 7.12365150908677
-0.694075324630889 -0.695212877052248 -0.694075324630889 -0.692834358353042 -0.699271579059042 -0.698502999547391 -0.698502999547391 -0.70468697175941 -0.704940220253392 -0.699271579059042 -0.692834358353042 -0.689312091405082 -0.689312091405082 -0.698502999547391 -0.694075324630889 -0.689312091405082 -0.698118709791566 -0.694075324630889 -0.699271579059042 -0.689312091405082 -0.704560347512418 -0.692834358353042 -0.690846579928592 -0.692834358353042 -0.704560347512418 -0.699271579059042 -0.689312091405082 -0.699271579059042 -0.692834358353042 -0.694075324630889 -0.698502999547391 -0.689312091405082 -0.689312091405082 -0.692834358353042 -0.699271579059042 -0.694075324630889 -0.698502999547391 -0.689312091405082 -0.699271579059042 -0.694075324630889 -0.698502999547391 -0.694075324630889 -0.694075324630889 -0.699271579059042 -0.691480576959028 -0.692834358353042 -0.704940220253392 -0.692834358353042 -0.690846579928592 -0.689312091405082
-2.60045170071675 -2.59290598177907 -2.60045170071675 -2.60868339410331 -2.60045170071675 -2.60868339410331 -2.60868339410331 -2.60868339410331 -2.60045170071675 -2.60045170071675 -2.60868339410331 -2.60045170071675 -2.60045170071675 -2.60868339410331 -2.60045170071675 -2.60045170071675 -2.61279924079658 -2.60045170071675 -2.60045170071675 -2.60045170071675 -2.61279924079658 -2.60868339410331 -2.59290598177907 -2.60868339410331 -2.61279924079658 -2.60045170071675 -2.60045170071675 -2.60045170071675 -2.60868339410331 -2.60045170071675 -2.60868339410331 -2.60045170071675 -2.60045170071675 -2.60868339410331 -2.60045170071675 -2.60045170071675 -2.60868339410331 -2.60045170071675 -2.60045170071675 -2.60045170071675 -2.60868339410331 -2.60045170071675 -2.60045170071675 -2.60045170071675 -2.61766342325228 -2.60868339410331 -2.60045170071675 -2.60868339410331 -2.59290598177907 -2.60045170071675
-5.49662317918969 -5.466066989228 -5.49662317918969 -5.52995720460245 -5.49662317918969 -5.52995720460245 -5.52995720460245 -5.52995720460245 -5.49662317918969 -5.49662317918969 -5.52995720460245 -5.49662317918969 -5.49662317918969 -5.52995720460245 -5.49662317918969 -5.49662317918969 -5.54662421730883 -5.49662317918969 -5.49662317918969 -5.49662317918969 -5.54662421730883 -5.52995720460245 -5.466066989228 -5.52995720460245 -5.54662421730883 -5.49662317918969 -5.49662317918969 -5.49662317918969 -5.52995720460245 -5.49662317918969 -5.52995720460245 -5.49662317918969 -5.49662317918969 -5.52995720460245 -5.49662317918969 -5.49662317918969 -5.52995720460245 -5.49662317918969 -5.49662317918969 -5.49662317918969 -5.52995720460245 -5.49662317918969 -5.49662317918969 -5.49662317918969 -5.56632159596182 -5.52995720460245 -5.49662317918969 -5.52995720460245 -5.466066989228 -5.49662317918969
-5.88828243145726 -5.84857526969194 -5.88828243145726 -5.93159933520124 -5.88828243145726 -5.93159933520124 -5.93159933520124 -5.93159933520124 -5.88828243145726 -5.88828243145726 -5.93159933520124 -5.88828243145726 -5.88828243145726 -5.93159933520124 -5.88828243145726 -5.88828243145726 -5.95325778707323 -5.88828243145726 -5.88828243145726 -5.88828243145726 -5.95325778707323 -5.93159933520124 -5.84857526969194 -5.93159933520124 -5.95325778707323 -5.88828243145726 -5.88828243145726 -5.88828243145726 -5.93159933520124 -5.88828243145726 -5.93159933520124 -5.88828243145726 -5.88828243145726 -5.93159933520124 -5.88828243145726 -5.88828243145726 -5.93159933520124 -5.88828243145726 -5.88828243145726 -5.88828243145726 -5.93159933520124 -5.88828243145726 -5.88828243145726 -5.88828243145726 -5.97885413928558 -5.93159933520124 -5.88828243145726 -5.93159933520124 -5.84857526969194 -5.88828243145726
-7.18146830623152 -7.17720975974249 -7.18146830623152 -7.18611399331045 -7.21854161433917 -7.18611399331045 -7.18611399331045 -7.18611399331045 -7.21854161433917 -7.18146830623152 -7.18611399331045 -7.18146830623152 -7.18146830623152 -7.22655760215516 -7.18146830623152 -7.18146830623152 -7.23056559606316 -7.18146830623152 -7.18146830623152 -7.18146830623152 -7.18843683684992 -7.18611399331045 -7.21119362550784 -7.18611399331045 -7.18843683684992 -7.18146830623152 -7.18146830623152 -7.21854161433917 -7.18611399331045 -7.18146830623152 -7.18611399331045 -7.18146830623152 -7.21854161433917 -7.22655760215516 -7.18146830623152 -7.18146830623152 -7.22655760215516 -7.18146830623152 -7.18146830623152 -7.21854161433917 -7.18611399331045 -7.18146830623152 -7.18146830623152 -7.18146830623152 -7.19118201557838 -7.18611399331045 -7.21854161433917 -7.22655760215516 -7.17720975974249 -7.21854161433917
0.814297291846027 0.808125454461728 0.814297291846027 0.82103020535617 0.814297291846027 0.82103020535617 0.504747869443024 0.82103020535617 0.814297291846027 0.814297291846027 0.82103020535617 0.814297291846027 0.814297291846027 0.82103020535617 0.814297291846027 0.814297291846027 0.824396662111243 0.814297291846027 0.814297291846027 0.814297291846027 0.824396662111243 0.504747869443024 0.808125454461728 0.82103020535617 0.824396662111243 0.814297291846027 0.814297291846027 0.814297291846027 0.82103020535617 0.814297291846027 0.82103020535617 0.814297291846027 0.814297291846027 0.504747869443024 0.814297291846027 0.498014955932881 0.82103020535617 0.814297291846027 0.814297291846027 0.814297291846027 0.82103020535617 0.814297291846027 0.814297291846027 0.814297291846027 0.786163439479408 0.82103020535617 0.814297291846027 0.766227857133246 0.808125454461728 0.814297291846027
29.5492157978541 29.325252195661 29.5492157978541 28.2617595167302 29.5492157978541 29.7935397275192 29.7935397275192 28.2617595167302 29.5492157978541 29.5492157978541 29.7935397275192 29.5492157978541 29.5492157978541 29.7935397275192 29.5492157978541 29.5492157978541 29.9157016923518 29.5492157978541 29.5492157978541 29.5492157978541 29.9157016923518 29.7935397275192 29.325252195661 28.2617595167302 29.9157016923518 29.5492157978541 29.5492157978541 29.5492157978541 29.7935397275192 29.5492157978541 29.7935397275192 29.5492157978541 29.5492157978541 29.7935397275192 29.5492157978541 29.5492157978541 29.7935397275192 29.5492157978541 29.5492157978541 29.5492157978541 29.7935397275192 29.5492157978541 29.5492157978541 29.5492157978541 30.0600749235176 29.7935397275192 29.5492157978541 29.7935397275192 29.325252195661 29.5492157978541
11.1325812781925 11.0482036411741 11.1325812781925 11.2246296094854 11.1325812781925 11.2246296094854 10.4072936379182 11.2246296094854 11.1325812781925 11.1325812781925 10.6475358614281 11.1325812781925 10.5554875301353 10.6475358614281 11.1325812781925 11.1325812781925 10.4050131530459 11.1325812781925 6.80856000651733 6.80856000651733 10.4050131530459 10.4754049688821 11.0482036411741 11.2246296094854 10.4050131530459 11.1325812781925 11.1325812781925 11.1325812781925 11.2246296094854 11.1325812781925 11.2246296094854 10.5554875301353 11.1325812781925 10.6475358614281 11.1325812781925 11.1325812781925 10.6475358614281 11.1325812781925 11.1325812781925 10.5554875301353 11.2246296094854 11.1325812781925 10.5554875301353 11.1325812781925 10.6954891548333 10.6475358614281 10.5030244621301 10.5378403555991 11.0482036411741 11.1325812781925
0.275013010826114 0.272928593257271 0.275013010826114 0.277286920901215 0.275013010826114 0.277286920901215 0.277286920901215 0.277286920901215 0.275013010826114 0.275013010826114 0.277286920901215 0.275013010826114 0.275013010826114 0.277286920901215 0.275013010826114 0.275013010826114 0.278423875938765 0.275013010826114 0.275013010826114 0.275013010826114 0.278423875938765 0.277286920901215 0.272928593257271 0.277286920901215 0.278423875938765 0.275013010826114 0.275013010826114 0.275013010826114 0.277286920901215 0.275013010826114 0.277286920901215 0.275013010826114 0.275013010826114 0.277286920901215 0.275013010826114 0.275013010826114 0.277286920901215 0.275013010826114 0.275013010826114 0.275013010826114 0.277286920901215 0.275013010826114 0.275013010826114 0.275013010826114 0.279767550074053 0.277286920901215 0.275013010826114 0.277286920901215 0.272928593257271 0.275013010826114
-0.0899947956695543 -0.0908285626970914 -0.0899947956695543 -0.0890852316395138 -0.0899947956695543 -0.0890852316395138 -0.0890852316395138 -0.0890852316395138 -0.0899947956695543 -0.0899947956695543 -0.0890852316395138 -0.0899947956695543 -0.0899947956695543 -0.0890852316395138 -0.0899947956695543 -0.0899947956695543 -0.0886304496244935 -0.0899947956695543 -0.0899947956695543 -0.0899947956695543 -0.0886304496244935 -0.0890852316395138 -0.0908285626970914 -0.0890852316395138 -0.0886304496244935 -0.0899947956695543 -0.0899947956695543 -0.0899947956695543 -0.0890852316395138 -0.0899947956695543 -0.0890852316395138 -0.0899947956695543 -0.0899947956695543 -0.0890852316395138 -0.0899947956695543 -0.0899947956695543 -0.0890852316395138 -0.0899947956695543 -0.0899947956695543 -0.0899947956695543 -0.0890852316395138 -0.0899947956695543 -0.0899947956695543 -0.0899947956695543 -0.0880929799703788 -0.0890852316395138 -0.0899947956695543 -0.0890852316395138 -0.0908285626970914 -0.0899947956695543
