  economy_id district_id expected_wage_bill budget belief_expected_Wage_bill
           1           1   99.272177961622049        746.02634913427732        125.50415908027593     
           1           2   96.852816842211539        730.00205520171698        125.40679817796382     
           1           3   107.12923904345389        812.13131781794505        125.72107900197295     
           1           4   99.621879989137412        879.73257045303069        125.50415908027593     
           1           5   99.125254810818930        892.08531921217389        125.50284950983651     
           1           6   99.267458791874461        719.57133198657971        125.50284950983651     
           1           7   99.710366484139300        770.51415193997877        125.51267186542698     
           1           8   992.45639309552837        847.81994000000009        702.26527808776893     
           1           9   96.219411311457492        839.62383399145313        125.40023825477745     
           1          10   96.786790365930713        892.78563188813780        125.41007836110259     
           1          11   96.534912987758048        734.54369391175521        125.41007836110259     
           1          12   258.50111205135539        750.95830325015083        135.01471837446019     
           1          13   97.689296693570427        843.51970419447957        125.45780569523151     
           1          14   101.77565850809341        824.34636712880501        125.57568239630767     
           1          15   98.968391503081676        905.20474613427723        125.50284950983651     
           1          16   98.202900066127029        722.31364423035450        125.45190644723951     
           1          17   99.282103647117751        763.09433259513492        125.50284950983651     
           1          18   97.874250072148740        784.43033082992019        125.44797388137748     
           1          19   99.207003843736288        857.64608070867075        125.50677829220461     
           1          20   99.027969059474856        858.14572420330421        125.50415908027593     
           1          21   97.475961045206247        745.22438740673249        125.45190644723951     
           1          22   97.807605760744096        736.66703763427734        125.44797388137748     
           1          23   99.957719285552798        814.09646003950354        125.50284950983651     
           1          24   99.895947834085646        829.90240306341491        125.50284950983651     
           1          25   96.253011807384070        832.19614438817291        125.40023825477745     
           1          26   98.931258036946176        686.61110849241607        125.50284950983651     
           1          27   106.53549596184213        742.39850241470356        125.94264535596321     
           1          28   98.594546304206872        707.56589125372864        125.45452827609400     
           1          29   103.71974102969202        794.29629813427755        125.64471386295340     
           1          30   477.63673280181405        818.09641973827740        298.10936849388531     
           1          31   3428.2958664771377        831.96290993549997        3124.1976940833256     
           1          32   99.565913119842435        708.97303045125409        125.50284950983651     
           1          33   98.493306969548158        727.99354100676146        125.44797388137748     
           1          34   99.094335250951033        708.61200586777238        125.52904541886295     
           1          35   100.01217862873438        783.35426596376840        125.50284950983651     
           1          36   99.358640028749676        662.21232041784663        125.51267186542698     
           1          37   97.721319536175372        703.24412809368050        125.44928471300989     
           1          38   101.76391989322349        761.50972104613186        125.56717895603320     
           1          39   99.097725634843229        753.81829965364170        125.50415908027593     
           1          40   101.47576698705774        778.37803636699721        125.56717895603320     
           1          41   96.635970653112025        667.42455816565223        125.40155019215240     
           1          42   99.133870564831355        703.15502213196885        125.52904541886295     
           1          43   97.937973377288003        742.60527513427746        125.45452827609400     
           1          44   100.86845681809960        768.84241279437288        125.57241172377496     
           1          45   101.74588091666661        746.75895744697868        125.51137860458411     
           1          46   104.27096370834386        645.66787458766566        125.63948764836012     
           1          47   4093.1530308841352        780.95737460713883        3573.4090229855678     
           1          48   100.18931326545079        724.40778827638599        125.50284950983651     
           1          49   3521.8942088281729        897.42869186070800        3416.8643139981987     
           1          50   429.21542864962612        939.51210713427736        186.76082506364929     
           1          51   96.297090739102856        653.98189103348830        125.40679817796382     
           1          52   101.99567116921968        703.96686683670464        125.51530739921152     
           1          53   99.044416653162159        690.41634456144322        125.50284950983651     
           1          54   103.16185627617027        779.79519280667307        125.64798044006126     
           1          55   100.51579909960452        850.21512775618999        125.50284950983651     
           1          56   106.28673953234225        678.80737888842157        125.94134058066854     
           1          57   99.116028089326477        685.90784485070799        125.53232057372645     
           1          58   108.50685942066163        733.41183112553949        125.72107900197295     
           1          59   97.869099955013269        747.03310732668274        125.44928471300989     
           1          60   99.395205621686273        812.36731536013212        125.50284950983651     
           1          61   4346.0071081368042        779.64743786250006        3847.3853127638763     
           1          62   98.287742587286061        726.93088522777862        125.41007836110259     
           1          63   100.89454031705975        730.22546947510250        125.57895321707042     
           1          64   99.071427081126700        793.11584613427749        125.50677829220461     
           1          65   98.680928571636031        788.31316996072519        125.44797388137748     
           1          66   307.29146032556400        686.34832117505994        183.08830122434219     
           1          67   99.008921129427790        753.24348489750423        125.50284950983651     
           1          68   99.011895058292851        748.06798881068403        125.50284950983651     
           1          69   100.76895942779799        761.88395660213541        125.52120099082865     
           1          70   99.652491755964292        825.35939906754948        125.50284950983651     
           1          71   97.668971411533562        665.91443313427726        125.45780569523151     
           1          72   99.310109383650754        718.08906407965742        125.51594628001645     
           1          73   99.408312754332883        744.35692682139415        125.50284950983651     
           1          74   99.074232708015643        764.99475699637821        125.50284950983651     
           1          75   100.91117893312878        789.21875956510655        125.50284950983651     
           1          76   99.142655836112922        714.59768782959259        125.50939759887038     
           1          77   103.19275533672220        703.13223809192584        125.64210070815494     
           1          78   101.18812204551401        771.06643513427753        125.56717895603320     
           1          79   99.529912501151969        764.19878759381390        125.50284950983651     
           1          80   346.98409765562332        815.64476544048546        185.84197193419175     
           1          81   99.006478695238997        696.05650501216780        125.50677829220461     
           1          82   99.721097674446753        734.41128037112878        125.50284950983651     
           1          83   100.93747665150551        728.82572765161990        125.50284950983651     
           1          84   100.48041926411358        783.95991864255143        125.50415908027593     
           1          85   349.20430687554477        753.00845955212401        185.70431954387149     
           1          86   101.14596740329345        678.15190902461188        125.51137860458411     
           1          87   101.82729333707979        707.02572507277375        125.59530954460814     
           1          88   300.57527860206005        754.17214925185033        182.94765573908262     
           1          89   99.345603439736152        775.81572507601049        125.50415908027593     
           1          90   106.52716100894824        809.76308433265456        125.72107900197295     
           1          91   102.30057081313967        634.22207183756154        125.51268817910939     
           1          92   100.77110491259954        716.37480891784662        125.56587082338821     
           1          93   103.07900995900913        719.80155864692961        125.64210070815494     
           1          94   99.119742794029065        765.15175447177603        125.50677829220461     
           1          95   102.43707995774596        823.26747396179405        125.52120099082865     
           1          96   239.89051367615849        662.56630913008405        134.77465449767234     
           1          97   99.325669788264122        674.66849719635388        125.50284950983651     
           1          98   97.743003917464847        705.17085622101092        125.40639957056041     
           1          99   99.284638890211539        754.71075341784672        125.51267186542698     
           1         100   99.171217512718655        781.99127403642387        125.50284950983651     
           1         101   100.68977663775155        685.86941870384078        125.50284950983651     
           1         102   101.68897319786522        680.79624594590882        125.52120099082865     
           1         103   99.111232542467391        708.43069755601766        125.50677829220461     
           1         104   99.033472968104647        727.15202768721861        125.50284950983651     
           1         105   99.060617977570161        790.15410177513832        125.50284950983651     
           1         106   99.562366222588523        698.21857413427722        125.50284950983651     
           1         107   120.57677174940520        739.74089801343735        125.94786470390879     
           1         108   100.45156141731783        717.04908735891092        125.51137860458411     
           1         109   103.18361460978866        765.94808997378300        125.65124716562455     
           1         110   105.13600296109189        745.06469713643185        125.63818115408928     
           1         111   99.508737510391285        672.66705654672489        125.50284950983651     
           1         112   99.094114533600660        730.56216471392872        125.50284950983651     
           1         113   103.17273465712009        752.57325513427747        125.64210070815494     
           1         114   243.95712449324247        748.14114783220805        134.77324920599415     
           1         115   101.06533775548940        795.23876653916818        125.51268817910939     
           1         116   107.56274774960781        656.75228555633362        125.94525498057982     
           1         117   363.73151837201794        756.34916685448525        170.23420527611026     
           1         118   376.39059101898306        808.05841714251619        183.91870634358725     
           1         119   418.68105280937925        858.02244273141605        186.90929351663883     
           1         120   98.965403436054871        791.78420813427749        125.50415908027593     
           1         121   113.25193960447663        696.25576214205114        126.07284074799973     
           1         122   104.00501412972238        696.50793644934720        125.63948764836012     
           1         123   97.709212400947450        749.81535045767828        125.44797388137748     
           1         124   99.449981211110980        820.41058303739237        125.50677829220461     
           1         125   103.31858493936265        823.53825419950169        125.58568481845413     
           1         126   103.21042823603466        668.70988234657671        125.57979768669725     
           1         127   651.48987677373123        805.58441641784657        600.93955235072065     
           1         128   101.24510940090563        727.11268698078709        125.59203798258453     
           1         129   97.985552079704817        781.55605462731432        125.46108326222961     
           1         130   100.97810466131224        830.64044766562245        125.56587082338821     
           1         131   99.148699347560893        678.45860221286136        125.50284950983651     
           1         132   965.61172332636909        798.75571332984657        569.17630575878013     
           1         133   12015.375656879340        896.22677312799988        10860.358645729149     
           1         134   99.028251127504291        765.07901913427736        125.50284950983651     
           1         135   99.240400808487308        836.65971203352353        125.50939759887038     
           1         136   5205.5059114317446        802.98995001196931        4237.4288041741356     
           1         137   97.800683641176576        709.42348125254341        125.44797388137748     
           1         138   98.937008067590085        740.19905006127112        125.50284950983651     
           1         139   99.788593885177306        819.74743413840599        125.50677829220461     
           1         140   234.50496131880649        797.29683029911291        134.69116328428962     
           1         141   6635.5792221844240        767.54043899999988        5011.6002299576630     
           1         142   17035.359734331596        810.85646454863854        16031.478361732321     
           1         143   102.24817997312003        751.78048538641667        125.57241172377496     
           1         144   97.732701645449893        770.58198407694113        125.45190644723951     
           1         145   98.005950707343075        824.48145708165941        125.47419500895676     
           1         146   123.38011612575229        686.60584100215613        125.96744077580584     
           1         147   99.006802809668130        742.37711021466123        125.50284950983651     
           1         148   114.17435186632140        707.60722141784686        125.95112699688697     
           1         149   117.59126131004194        794.29375543646393        126.07544555410091     
           1         150   10638.620216741347        972.57894055500014        8881.0703647919290     
           1         151   15288.185591914333        740.21102402827728        13983.549925837267     
           1         152   100.80465374295552        728.34961026271537        125.56587082338821     
           1         153   97.950096789674262        743.43560291536005        125.44797388137748     
           1         154   111.56935567670305        738.75472829203409        125.94134058066854     
           1         155   99.625612190807658        793.40482713427741        125.50284950983651     
           1         156   100.14654813242296        689.51266465377967        125.50677829220461     
           1         157   99.572728141520045        721.46954705388043        125.50939759887038     
           1         158   307.74461704066420        773.79841998704580        183.08830122434219     
           1         159   107.97402988042406        776.98553579631323        125.95112699688697     
           1         160   99.889104215548244        798.24291748991095        125.50284950983651     
           1         161   309.00448933564354        671.09948209169431        183.08830122434219     
           1         162   311.77367742291005        726.95555813427734        183.09020314583850     
           1         163   99.004774868779919        770.31871795293659        125.50939759887038     
           1         164   97.510614479207049        805.48630377175721        125.45190644723951     
           1         165   106.02535468197398        780.11629869771286        125.76366826871917     
           1         166   99.190506043930441        672.96415914353588        125.50415908027593     
           1         167   98.086529682794321        676.31048921081333        125.45780569523151     
           1         168   99.600473191822488        757.91438213693027        125.50284950983651     
           1         169   106.44015765728653        825.94205785070824        125.73412635402562     
           1         170   236.32328442405560        848.36732256432902        134.68370117619844     
           1         171   109.50411079460234        658.69031066092862        125.94134058066854     
           1         172   110.15432036146312        709.46869487790616        125.94134058066854     
           1         173   100.06508213287319        716.93002326736189        125.50284950983651     
           1         174   103.97086860581653        788.02516737629890        125.73552348750573     
           1         175   309.98933664982451        889.94930532541673        183.08830122434219     
           1         176   4451.5388349090472        903.36799156713857        4374.3317898233963     
           1         177   111.75968996960148        704.22059430157833        126.08195800370513     
           1         178   99.777065476213721        760.82360215759832        125.50677829220461     
           1         179   100.43981470734764        757.70394665939386        125.50284950983651     
           1         180   310.02334540646558        813.28110911937881        183.08830122434219     
           1         181   312.62398826833567        719.64430067176420        183.09400709124802     
           1         182   233.49111142448058        726.90650826472609        134.66722535712776     
           1         183   97.596374019638048        730.26835513427750        125.46108326222961     
           1         184   99.486459504248430        793.11373798656155        125.50677829220461     
           1         185   101.31722612284365        788.30868267380629        125.51530739921152     
           1         186   101.42741831710526        686.34365745600530        125.51792671405161     
           1         187   97.597105408856478        733.05997993129517        125.44928471300989     
           1         188   113.31619129693399        741.04903790572257        126.21693970064902     
           1         189   97.930530038833879        758.55048754291909        125.45452827609400     
           1         190   101.03750559309462        847.84532313427724        125.56587082338821     
           1         191   97.922846148323629        672.22405063065275        125.44797388137748     
           1         192   103.15633196047543        738.26145233201555        125.57718133785141     
           1         193   101.05781560855344        733.27972979816627        125.51792671405161     
           1         194   133.92718309356002        771.97837431167648        125.94134058066854     
           1         195   309.87404209732250        802.70386703693578        183.08830122434219     
           1         196   97.243960929787079        719.05643914253437        125.40155019215240     
           1         197   107.46757230988510        704.31075963427725        125.95438944412038     
           1         198   101.13350817957857        780.03750514923934        125.56979529247182     
           1         199   98.967261263039902        736.66003434273523        125.50284950983651     
           1         200   99.684520835769931        815.44356788784296        125.50284950983651     
           1         201   242.96475884611519        676.93521954827293        134.77746515717845     
           1         202   99.702587022916475        727.74855973078650        125.50284950983651     
           1         203   104.34307551196838        746.88861658646567        125.63818115408928     
           1         204   98.927739075955529        805.42378991784699        125.50284950983651     
           1         205   99.343396156113386        763.97716982479585        125.50284950983651     
           1         206   106.05692918461591        697.26203104083697        125.72760238058588     
           1         207   99.609015729060943        696.50211544004014        125.51267186542698     
           1         208   98.793124258000162        751.85367810060291        125.45190644723951     
           1         209   100.97104652126625        789.86806154433839        125.50677829220461     
           1         210   101.21115369751311        774.19725817859910        125.56717895603320     
           1         211   99.698917513040271        628.71030641784660        125.50284950983651     
           1         212   105.40500807644162        696.19515004031518        125.83046754957890     
           1         213   311.75274761447872        719.79666948672661        183.08830122434219     
           1         214   99.216902801604220        757.78660325622138        125.50284950983651     
           1         215   98.997483539884129        799.89822791802101        125.50284950983651     
           1         216   99.300066601044378        656.24876464893157        125.50284950983651     
           1         217   310.10029621758741        691.82897036909696        183.09400709124802     
           1         218   99.438756258275177        725.62392141784687        125.50284950983651     
           1         219   7540.1674607686764        936.18785653819998        6673.5886491330903     
           1         220   105.63565682586405        805.35344800590997        125.73086429294975     
           1         221   18752.717147322877        787.26202270199985        17604.908328572103     
           1         222   99.065549994644812        660.61311681715199        125.50939759887038     
           1         223   99.266129338276414        701.41241731334787        125.50415908027593     
           1         224   21162.133285198441        887.23725109599991        20586.642343096468     
           1         225   134.93527675971049        782.48503241784670        125.94134058066854     
           1         226   35326.041890516870        808.64531408500011        33709.986722518697     
           1         227   131.54286495821000        719.55817378524239        125.94134058066854     
           1         228   310.56480035537658        710.03066326271085        183.08830122434219     
           1         229   313.07468155733847        765.94259747877732        183.10078447446139     
           1         230   22473.737041402863        958.77848216499990        20331.461318064390     
           1         231   99.717621654669912        688.92128292867221        125.50415908027593     
           1         232   103.12531388084615        749.99650663427735        125.64471386295340     
           1         233   99.115064118193871        741.49800557901574        125.50939759887038     
           1         234   100.76734163219550        768.00460415999123        125.57241172377496     
           1         235   98.335378301385674        817.67813810403106        125.44797388137748     
           1         236   96.338528563643337        646.78222873122695        125.40023825477745     
           1         237   306.97376838591867        718.06852036803821        183.00989414239726     
           1         238   98.359284488340606        786.79462531902936        125.44797388137748     
           1         239   100.11965789021892        791.36037213427755        125.50284950983651     
           1         240   100.06464712821791        791.78206166499456        125.50284950983651     
           1         241   308.21123076926489        696.25144803564774        183.08830122434219     
           1         242   100.02203688216301        696.50324215992975        125.50284950983651     
           1         243   117.45442758895197        749.80916107635437        126.07544555410091     
           1         244   99.573954961688784        820.40402883149000        125.50284950983651     
           1         245   43941.590805377200        977.39782128000024        41431.043716698747     
           1         246   470.75322898070459        685.78196913427723        184.38760789669107     
           1         247   99.556407483179186        747.92457719521190        125.50284950983651     
           1         248   242.16242639764320        734.12141852319996        134.78730326507488     
           1         249   101.14040670577441        803.85233329683547        125.56587082338821     
           1         250   99.573375723882862        795.09173351671438        125.50284950983651     
           1         251   100.89610606575657        672.89402355294737        125.56717895603320     
           1         252   50679.246080446930        833.37757769999985        48102.467994106511     
           1         253   100.03718127926402        759.99390513427750        125.50284950983651     
           1         254   100.56726520098289        765.07673669609449        125.50939759887038     
           1         255   99.587031232130698        836.65484941973011        125.50284950983651     
           1         256   99.821065663149085        671.46140667133966        125.50284950983651     
           1         257   98.997342525442917        726.59844719808711        125.50284950983651     
           1         258   99.213781685131210        760.59512693088641        125.50677829220461     
           1         259   111.09630753375114        799.59934814985911        125.84027003530510     
           1         260   318.01226768752429        807.23648441784667        183.18243242888857     
           1         261   99.478261818924622        710.91639336753246        125.50284950983651     
           1         262   103.74909610577325        679.41502489322897        125.51137860458411     
           1         263   470.11638470099103        743.47876325427728        261.64201809987759     
           1         264   102.95573441727427        757.69624831856015        125.56979529247182     
           1         265   1391.7183336176199        750.43928018784663        1271.7698940119888     
           1         266   96.651163013593631        679.19909155147695        125.40023825477745     
           1         267   99.522609071029038        698.80628791784670        125.50284950983651     
           1         268   100.17144059796269        681.74115131283929        125.50284950983651     
           1         269   303.05863985871071        754.32805384973506        183.00799037522950     
           1         270   101.13588905067272        777.38347041983025        125.50284950983651     
           1         271   100.36654652673711        672.28533332980055        125.50284950983651     
           1         272   102.32657768464169        730.61027034546350        125.57587319900396     
           1         273   99.047023769564476        723.36705121173463        125.53232057372645     
           1         274   238.84352381180622        749.55228191784681        134.72484031604412     
           1         275   99.220866465296368        783.79501549262716        125.50284950983651     
           1         276   97.731500912000087        673.75541602496503        125.46108326222961     
           1         277   110.88844777555011        711.22816563225149        125.94264535596321     
           1         278   100.33921903476795        739.06589174179339        125.50939759887038     
           1         279   98.440260553718304        718.03053050994845        125.41033545645239     
           1         280   101.08343535430623        757.14742909712288        125.57568239630767     
           1         281   99.078502380750763        624.73428641784665        125.50284950983651     
           1         282   97.896041370301646        695.40123060370070        125.45452827609400     
           1         283   447.39972745616700        731.19112009204002        184.34264052310434     
           1         284   99.113201224313769        805.48079638352533        125.50284950983651     
           1         285   99.112103293088779        780.10985172155983        125.50284950983651     
           1         286   103.49096544392908        672.95881347570162        125.64798044006126     
           1         287   98.142595884857016        663.05589349223271        125.44928471300989     
           1         288   101.46403225795976        749.52954141784687        125.59530954460814     
           1         289   96.281784856207409        816.82401919646873        125.40155019215240     
           1         290   99.288899891424805        804.13167669739903        125.44797388137748     
           1         291   100.11204337319786        654.34117908095732        125.50284950983651     
           1         292   96.669679308311672        702.48563506874461        125.40679817796382     
           1         293   110.90639839300503        716.92439077562813        125.94134058066854     
           1         294   98.943657598138444        780.63652653769577        125.50939759887038     
           1         295   99.472158514061036        854.01620213427736        125.50677829220461     
           1         296   100.32214039127949        694.75068384362737        125.50284950983651     
           1         297   99.368695895944697        699.50399578540100        125.50415908027593     
           1         298   100.90238741344658        760.81919774314747        125.59203798258453     
           1         299   99.160269388014356        757.69804733263516        125.50415908027593     
           1         300   99.029448943900206        813.27487627021890        125.51267186542698     
           1         301   100.16563512309813        719.61856118718526        125.50284950983651     
           1         302   99.633956141524592        716.43665463427737        125.50284950983651     
           1         303   247.23665995124728        731.10228893106319        134.78241311989746     
           1         304   101.24027474987767        793.10947892426827        125.51530739921152     
           1         305   105.29503277650620        788.30426734682464        125.94134058066854     
           1         306   99.895646710777967        686.33761747462859        125.46108326222961     
           1         307   103.09204978916216        712.87605725800017        125.52120099082865     
           1         308   101.14988318845738        734.01182458268090        125.45654236673501     
           1         309   98.201946518496243        758.59293813427746        125.44928471300989     
           1         310   101.96325013651695        847.84302320380880        125.56587082338821     
           1         311   99.190768833404874        672.21953417792463        125.50415908027593     
           1         312   97.662977172742657        738.25663949737020        125.44797388137748     
           1         313   100.84219707932473        733.27345608080100        125.57241172377496     
           1         314   99.578492633917222        790.96172553600002        125.50415908027593     
           1         315   102.49097480676178        825.12159464583920        125.57241172377496     
           1         316   100.39439414960410        701.81734113427729        125.50284950983651     
           1         317   99.007033589654228        699.59631004122400        125.50284950983651     
           1         318   101.25522417765238        753.51280842655251        125.57241172377496     
           1         319   102.56396611724551        728.41902543595324        125.56717895603320     
           1         320   97.997696572294515        803.25630031178594        125.45780569523151     
           1         321   308.13857233668506        675.85348492926505        183.08830122434219     
           1         322   98.971623217459722        722.21346410456931        125.50939759887038     
           1         323   377.55884275022146        675.61249770141603        183.97963215072767     
           1         324   101.56302228464135        779.51736950932752        125.51530739921152     
           1         325   101.44264031526822        743.23653853080395        125.54084976049877     
           1         326   99.966836728415558        686.23166196084424        125.50284950983651     
           1         327   99.404449636489218        690.98991013596822        125.50939759887038     
           1         328   99.436328354869872        734.19265625927346        125.50284950983651     
           1         329   99.749137598637645        792.34711609363592        125.50284950983651     
           1         330   100.80167152768983        784.24555613427754        125.51137860458411     
           1         331   99.571007266081779        646.74958959569744        125.50677829220461     
           1         332   243.55305505855856        677.14660163832127        134.77746515717845     
           1         333   312.85514956663116        725.61235358810211        183.10256646768062     
           1         334   99.010523985742509        751.67497190037705        125.51267186542698     
           1         335   99.764656444669583        806.29358170449404        125.50284950983651     
           1         336   361.86047493084385        650.98636038080349        183.73955163092924     
           1         337   99.652233610109420        680.21742891784675        125.50939759887038     
           1         338   314.16319436110734        699.39838329478380        183.10078447446139     
           1         339   98.962152108184824        760.81486892144051        125.50415908027593     
           1         340   112.70465171341020        827.78429565583542        125.94525498057982     
           1         341   98.933603404871022        706.84747922797692        125.50284950983651     
           1         342   98.980885136356861        685.49449104471796        125.50284950983651     
           1         343   351.01793441810588        734.92243649230011        183.73576157495933     
           1         344   96.712140248362715        717.75450191784682        125.41335869195406     
           1         345   99.405469244977780        790.19739463073472        125.51267186542698     
           1         346   99.353202062357070        698.21087314622503        125.51594628001645     
           1         347   98.981585316539977        720.68573891092569        125.50415908027593     
           1         348   99.779589915230332        716.61224871195748        125.50284950983651     
           1         349   100.86399234589419        764.31161481724644        125.57241172377496     
           1         350   99.188030103381109        777.08329182250270        125.50677829220461     
           1         351   99.525769199218118        691.91508213427733        125.50415908027593     
           1         352   100.22575781232166        773.43102883510130        125.50284950983651     
           1         353   311.96638015218196        766.16393765691373        183.08830122434219     
           1         354   99.351325055849415        761.01586385913652        125.50677829220461     
           1         355   99.490854054249283        825.38623969257981        125.50284950983651     
           1         356   318.25465849393134        665.89192418451046        183.18243242888857     
           1         357   306.62604196483954        718.04352092788099        183.08830122434219     
           1         358   101.24474590983975        786.84289513427757        125.56717895603320     
           1         359   99.208389979494925        791.35791964079965        125.50284950983651     
           1         360   99.172356151714894        791.77781516612231        125.50284950983651     
           1         361   99.558312565150089        696.24730239569851        125.51267186542698     
           1         362   99.462557681128388        696.49775298309942        125.50284950983651     
           1         363   99.201262249072755        749.80348177773351        125.50415908027593     
           1         364   97.588993697635047        798.07751575965813        125.44928471300989     
           1         365   244.92990900848145        803.66852013427729        134.78241311989746     
           1         366   102.95293289694182        666.66465660470931        125.63818115408928     
           1         367   313.79131070750617        747.92004641728488        183.10649035930984     
           1         368   101.87555291665706        734.11697261615404        125.56587082338821     
           1         369   102.49616621352489        803.84638487862287        125.51137860458411     
           1         370   98.804012550057507        795.08552846205555        125.41623968407707     
           1         371   98.672483267058240        678.10948560734130        125.47747331535224     
           1         372   310.65227476810571        708.96130413427738        183.08830122434219     
           1         373   99.488503485819834        786.21450318469010        125.50284950983651     
           1         374   99.393680082230006        766.32506225900261        125.50415908027593     
           1         375   96.473197157317372        846.52142020908673        125.40155019215240     
           1         376   108.18342182162742        647.85564190542209        125.74780827095252     
           1         377   105.30408295818202        719.93019814140860        125.64988935264616     
           1         378   98.959818828177262        739.33164490493198        125.50939759887038     
           1         379   99.250333650535083        792.23810913427747        125.50284950983651     
           1         380   103.05573107053874        807.23431467627756        125.52120099082865     
           1         381   103.42606358641332        710.91209401236893        125.51137860458411     
           1         382   102.79280575083344        679.41099645259226        125.51137860458411     
           1         383   107.06477445827353        761.93501490067638        125.95438944412038     
           1         384   110.31711500014181        757.69005374580297        125.94134058066854     
           1         385   243.18611309378144        678.26021043569335        78.286747710370960     
           1         386   310.98079206924484        697.60463141784669        183.08830122434219     
           1         387   101.63565002033802        712.04082091238558        125.56979529247182     
           1         388   105.73054330039997        709.09363268294078        125.94134058066854     
           1         389   240.40128581943668        762.55951905870188        134.77746515717845     
           1         390   99.291489100188784        817.14173503054451        125.50415908027593     
           1         391   104.06442526309758        688.03583619461619        125.64210070815494     
           1         392   377.39376628671130        651.47492767433619        183.66571357265832     
           1         393   97.869854125267906        744.11598885070828        125.44797388137748     
           1         394   98.940262479922239        767.20977716984078        125.50284950983651     
           1         395   296.43021720989793        745.30731853648967        135.21031945645720     
           1         396   112.15883182075785        694.74082534033755        125.97070399446811     
           1         397   99.382553589672156        736.11500611742213        125.50415908027593     
           1         398   315.45860507032899        772.59150392587685        183.21853545521162     
           1         399   99.922523188573237        748.54071173872762        125.50284950983651     
           1         400   98.118925790512861        796.95185413427737        125.44928471300989     
           1         401   99.346127634595845        646.79653764193108        125.51267186542698     
           1         402   104.07005410506834        725.81443668467523        125.66431555258495     
           1         403   101.47280982284158        790.70734813098784        125.51137860458411     
           1         404   366.78211346247849        813.70977770286549        183.73576157495933     
           1         405   99.222256732518019        792.25881687977187        125.50415908027593     
           1         406   99.356130528296660        676.63775295949995        125.50677829220461     
           1         407   101.60871587072194        686.85644763427729        125.52447541564105     
           1         408   376.67610273915471        756.00214270847960        183.73955163092924     
           1         409   101.75607993477637        853.46765327191440        125.57241172377496     
           1         410   103.23544923348167        843.89035184696502        125.57587319900396     
           1         411   101.29368228343552        671.68558473223436        125.51792671405161     
           2           1   99.564297373122400        746.02634913427732        127.09257071539415     
           2           2   106.76570175187925        730.00205520171698        127.31508594808422     
           2           3   100.48036595619867        812.13131781794505        127.08877410992945     
           2           4   103.99615772627972        879.73257045303069        127.23237037280070     
           2           5   99.413304803782651        892.08531921217389        127.08877410992945     
           2           6   99.553397092108838        719.57133198657971        127.08877410992945     
           2           7   99.965101538947479        770.51415193997877        127.08877410992945     
           2           8   718.79099906535237        847.81994000000009        488.79198805952916     
           2           9   99.280417867677812        839.62383399145313        127.08877410992945     
           2          10   99.926906777180278        892.78563188813780        127.09257071539415     
           2          11   99.638699151065154        734.54369391175521        127.09510189558405     
           2          12   235.51198482654871        750.95830325015083        136.39807641521412     
           2          13   97.968477626176437        843.51970419447957        127.03813478525505     
           2          14   97.238588623897854        824.34636712880501        126.98207602080964     
           2          15   101.05793315927887        905.20474613427723        127.15399205310372     
           2          16   98.480904771027042        722.31364423035450        127.03560104907520     
           2          17   99.591855201640129        763.09433259513492        127.09826599443913     
           2          18   99.703688713136302        784.43033082992019        127.08877410992945     
           2          19   99.487381138756348        857.64608070867075        127.09003962310945     
           2          20   99.387370673741160        858.14572420330421        127.11725347233261     
           2          21   96.494557495139844        745.22438740673249        126.98207602080964     
           2          22   99.648361189319360        736.66703763427734        127.09510189558405     
           2          23   100.25970179870743        814.09646003950354        127.09826599443913     
           2          24   100.17870719938824        829.90240306341491        127.09003962310945     
           2          25   99.319935014622772        832.19614438817291        127.08877410992945     
           2          26   99.221646915347222        686.61110849241607        127.08877410992945     
           2          27   104.62707292683231        742.39850241470356        127.05513398039437     
           2          28   100.46725213993442        707.56589125372864        127.09003962310945     
           2          29   99.927300058960313        794.29629813427755        127.09826599443913     
           2          30   479.12049267643033        818.09641973827740        298.37409535713391     
           2          31   3428.2750023362810        831.96290993549997        3109.4657125778690     
           2          32   98.309006713805303        708.97303045125409        127.03813478525505     
           2          33   98.793002488540736        727.99354100676146        127.04130207895071     
           2          34   99.342895005959846        708.61200586777238        127.09826599443913     
           2          35   100.28998481888783        783.35426596376840        127.08877410992945     
           2          36   101.45765750990914        662.21232041784663        127.15525611384534     
           2          37   101.36221586720913        703.24412809368050        127.15399205310372     
           2          38   100.15284801775852        761.50972104613186        127.08877410992945     
           2          39   99.382748945581142        753.81829965364170        127.08877410992945     
           2          40   99.903137344783730        778.37803636699721        127.09510189558405     
           2          41   99.765375859459823        667.42455816565223        127.08877410992945     
           2          42   101.17012245845774        703.15502213196885        127.15525611384534     
           2          43   99.764529634274396        742.60527513427746        127.09257071539415     
           2          44   99.350911509828592        768.84241279437288        127.09510189558405     
           2          45   102.01590923646175        746.75895744697868        127.09540930051523     
           2          46   100.40941209235635        645.66787458766566        127.11408854923343     
           2          47   4776.7228650106781        780.95737460713883        4298.4744637704734     
           2          48   100.46715782714169        724.40778827638599        127.08877410992945     
           2          49   3707.9843373225058        897.42869186070800        3607.1630110147967     
           2          50   427.10532298423982        939.51210713427736        188.51481393486978     
           2          51   99.352239906544909        653.98189103348830        127.08877410992945     
           2          52   106.89451468876041        703.96686683670464        127.23847215594290     
           2          53   99.336439952562415        690.41634456144322        127.09003962310945     
           2          54   101.29043008343277        779.79519280667307        127.16663365084678     
           2          55   100.78773961292582        850.21512775618999        127.09003962310945     
           2          56   106.50095896648075        678.80737888842157        127.10455777029416     
           2          57   99.331885109605068        685.90784485070799        127.08877410992945     
           2          58   101.47637580640470        733.41183112553949        127.10143023065804     
           2          59   99.694841168733376        747.03310732668274        127.08877410992945     
           2          60   96.862932397867823        812.36731536013212        126.98841581726529     
           2          61   5302.0366282316509        779.64743786250006        4866.9980586165238     
           2          62   101.77694332728984        726.93088522777862        127.11725347233261     
           2          63   105.87977270458605        730.22546947510250        127.31508594808422     
           2          64   103.32545635829932        793.11584613427749        127.23237037280070     
           2          65   97.599513393183571        788.31316996072519        126.98587983291149     
           2          66   299.55818800309919        686.34832117505994        185.83520614614244     
           2          67   96.533975602907788        753.24348489750423        126.98587983291149     
           2          68   99.301362892976769        748.06798881068403        127.08877410992945     
           2          69   99.360860319528683        761.88395660213541        127.03332945943089     
           2          70   101.81482079769047        825.35939906754948        127.16031257687669     
           2          71   99.455838305674192        665.91443313427726        127.08877410992945     
           2          72   103.59031934410612        718.08906407965742        127.23489534879754     
           2          73   99.690924670551823        744.35692682139415        127.08877410992945     
           2          74   97.871475347382074        764.99475699637821        127.04130207895071     
           2          75   101.18043598239707        789.21875956510655        127.09003962310945     
           2          76   99.414185639152123        714.59768782959259        127.08877410992945     
           2          77   99.485086112824675        703.13223809192584        127.09257071539415     
           2          78   103.66172415017064        771.06643513427753        127.22984548497058     
           2          79   99.830156590640541        764.19878759381390        127.09510189558405     
           2          80   347.93340549687582        815.64476544048546        188.37637946046459     
           2          81   99.286364476020864        696.05650501216780        127.08877410992945     
           2          82   98.436529015979559        734.41128037112878        127.03306740068896     
           2          83   101.20965406451369        728.82572765161990        127.09003962310945     
           2          84   100.75241775430375        783.95991864255143        127.09003962310945     
           2          85   374.46345716384189        753.00845955212401        188.64493435280761     
           2          86   101.41352379294705        678.15190902461188        127.08908151425700     
           2          87   100.13633692866175        707.02572507277375        127.08877410992945     
           2          88   310.48870485513538        754.17214925185033        186.00014815539004     
           2          89   99.631117532036967        775.81572507601049        127.09003962310945     
           2          90   100.03533157955972        809.76308433265456        127.08877410992945     
           2          91   102.55819434664939        634.22207183756154        127.09034702755741     
           2          92   97.770328385310435        716.37480891784662        127.03813478525505     
           2          93   99.417987022244660        719.80155864692961        127.10143023065804     
           2          94   99.397646980511581        765.15175447177603        127.08877410992945     
           2          95   100.89302992388778        823.26747396179405        127.03839684424456     
           2          96   240.57902311809724        662.56630913008405        136.50253062153314     
           2          97   101.44504009315409        674.66849719635388        127.15399205310372     
           2          98   101.08033880680398        705.17085622101092        127.09540930051523     
           2          99   99.545579076630673        754.71075341784672        127.08877410992945     
           2         100   99.491137668661068        781.99127403642387        127.10143023065804     
           2         101   97.913950407767430        685.86941870384078        126.98841581726529     
           2         102   101.92938691175682        680.79624594590882        127.08908151425700     
           2         103   99.414168661128599        708.43069755601766        127.09826599443913     
           2         104   96.577931156280442        727.15202768721861        126.99475616185261     
           2         105   97.844463261041810        790.15410177513832        127.03560104907520     
           2         106   99.844626775433653        698.21857413427722        127.08877410992945     
           2         107   120.63269468857509        739.74089801343735        127.11404844144890     
           2         108   102.68265074729807        717.04908735891092        127.16067242772444     
           2         109   99.452147970779592        765.94808997378300        127.08877410992945     
           2         110   103.07164852233636        745.06469713643185        127.16347304508442     
           2         111   99.817064129542445        672.66705654672489        127.09826599443913     
           2         112   101.19745467681652        730.56216471392872        127.15525611384534     
           2         113   99.483245274871464        752.57325513427747        127.09826599443913     
           2         114   244.61462874591115        748.14114783220805        136.50932217982231     
           2         115   99.653462506398768        795.23876653916818        127.03586310794105     
           2         116   110.43166701507555        656.75228555633362        127.19729449915467     
           2         117   324.86996305092271        756.34916685448525        171.92389976792188     
           2         118   375.50932790254461        808.05841714251619        186.11774006167656     
           2         119   419.59460528609225        858.02244273141605        188.70793429993387     
           2         120   101.08321718842794        791.78420813427749        127.16663365084678     
           2         121   110.16018695770104        696.25576214205114        127.10835389019734     
           2         122   107.01039893294875        696.50793644934720        127.33904035473405     
           2         123   101.35498325092627        749.81535045767828        127.15525611384534     
           2         124   99.727836678135446        820.41058303739237        127.09003962310945     
           2         125   103.55605290153353        823.53825419950169        127.15435190298706     
           2         126   101.45130032479945        668.70988234657671        127.09540930051523     
           2         127   583.21205256578298        805.58441641784657        502.89487392374201     
           2         128   98.118768265090765        727.11268698078709        127.04446950982759     
           2         129   98.251270869850146        781.55605462731432        127.03813478525505     
           2         130   96.673656601469574        830.64044766562245        126.99158592104193     
           2         131   97.914086357421212        678.45860221286136        127.03180060941935     
           2         132   966.38822838699150        798.75571332984657        552.48753435347817     
           2         133   12014.839714443566        896.22677312799988        10828.748493942425     
           2         134   97.830051645101008        765.07901913427736        127.04130207895071     
           2         135   99.519657821873651        836.65971203352353        127.09257071539415     
           2         136   4943.0940718651682        802.98995001196931        3964.7146477668066     
           2         137   98.102541338834612        709.42348125254341        127.03813478525505     
           2         138   99.227481607398246        740.19905006127112        127.08877410992945     
           2         139   102.00264123903982        819.74743413840599        127.17927744954072     
           2         140   242.02213398250166        797.29683029911291        136.50253062153314     
           2         141   6633.5622713975517        767.54043899999988        4975.8789402468828     
           2         142   17035.513331727539        810.85646454863854        16025.722851466837     
           2         143   102.53050916608375        751.78048538641667        127.16663365084678     
           2         144   96.730893048492305        770.58198407694113        126.98334393625274     
           2         145   101.63615312547577        824.48145708165941        127.15778430134790     
           2         146   123.43313713749363        686.60584100215613        127.13303349813752     
           2         147   99.296391662146689        742.37711021466123        127.08877410992945     
           2         148   114.22367852937316        707.60722141784686        127.10582312158607     
           2         149   111.74428329154320        794.29375543646393        127.05513398039437     
           2         150   10635.401542489792        972.57894055500014        8814.3564714935874     
           2         151   16070.530854164313        740.21102402827728        14745.568277724431     
           2         152   101.09439623037488        728.34961026271537        127.15399205310372     
           2         153   99.786835567749392        743.43560291536005        127.08877410992945     
           2         154   111.67659546514331        738.75472829203409        127.10455777029416     
           2         155   99.908002768821504        793.40482713427741        127.08877410992945     
           2         156   102.35448416175097        689.51266465377967        127.16663365084678     
           2         157   99.842249505289033        721.46954705388043        127.09003962310945     
           2         158   303.88134536842932        773.79841998704580        185.90267142772851     
           2         159   110.74642432803923        776.98553579631323        127.17201298457827     
           2         160   102.05443798130564        798.24291748991095        127.15399205310372     
           2         161   310.09362043109178        671.09948209169431        186.02780878815148     
           2         162   312.61282845745535        726.95555813427734        185.99553874497803     
           2         163   99.278389396621222        770.31871795293659        127.08877410992945     
           2         164   99.304126499635515        805.48630377175721        127.09003962310945     
           2         165   110.54812896067776        780.11629869771286        127.10455777029416     
           2         166   99.474422031735187        672.96415914353588        127.08877410992945     
           2         167   99.905731554160070        676.31048921081333        127.08877410992945     
           2         168   99.907812428433942        757.91438213693027        127.09826599443913     
           2         169   104.03907638103044        825.94205785070824        127.22858307412007     
           2         170   244.27316269890522        848.36732256432902        136.50693583639310     
           2         171   109.69501449692048        658.69031066092862        127.10455777029416     
           2         172   110.33645832475045        709.46869487790616        127.10582312158607     
           2         173   102.25927376840251        716.93002326736189        127.15778430134790     
           2         174   108.28844787357583        788.02516737629890        127.10455777029416     
           2         175   316.75916247146642        889.94930532541673        186.08759784965397     
           2         176   4451.4865181226069        903.36799156713857        4372.1234728446225     
           2         177   106.62913167252319        704.22059430157833        127.05513398039437     
           2         178   100.05292550302975        760.82360215759832        127.09257071539415     
           2         179   100.70092389648130        757.70394665939386        127.08877410992945     
           2         180   310.87617988509987        813.28110911937881        185.98816410133560     
           2         181   313.41949110503759        719.64430067176420        185.99553874497803     
           2         182   234.16056253111060        726.90650826472609        136.38786949682046     
           2         183   103.36965268826356        730.26835513427750        127.24120817455584     
           2         184   99.760337869011821        793.11373798656155        127.08877410992945     
           2         185   101.58848123677323        788.30868267380629        127.09540930051523     
           2         186   101.67541730168577        686.34365745600530        127.08908151425700     
           2         187   99.401296934241898        733.05997993129517        127.08877410992945     
           2         188   107.82461659000234        741.04903790572257        127.11088474684176     
           2         189   99.757332429768255        758.55048754291909        127.09257071539415     
           2         190   99.498889378076896        847.84532313427724        127.08877410992945     
           2         191   99.756653848682589        672.22405063065275        127.08877410992945     
           2         192   101.39963868932342        738.26145233201555        127.09034702755741     
           2         193   101.34137738771241        733.27972979816627        127.10173763619346     
           2         194   138.51263218470760        771.97837431167648        127.17833253653430     
           2         195   310.71952721385827        802.70386703693578        185.98632051984282     
           2         196   100.47423826266294        719.05643914253437        127.08877410992945     
           2         197   105.39192954309812        704.31075963427725        127.05513398039437     
           2         198   96.758744595606331        780.03750514923934        126.98207602080964     
           2         199   99.257318047618583        736.66003434273523        127.08877410992945     
           2         200   99.961999794722942        815.44356788784296        127.08877410992945     
           2         201   243.61187296755335        676.93521954827293        136.50388888607606     
           2         202   99.980791897560167        727.74855973078650        127.08877410992945     
           2         203   100.40994750431904        746.88861658646567        127.09257071539415     
           2         204   99.218237940624448        805.42378991784699        127.08877410992945     
           2         205   99.627739593800854        763.97716982479585        127.08877410992945     
           2         206   98.199879097050513        697.26203104083697        127.06030872224045     
           2         207   98.308261766699829        696.50211544004014        127.03306740068896     
           2         208   97.759695019534476        751.85367810060291        127.00743849556939     
           2         209   101.22870321200087        789.86806154433839        127.08877410992945     
           2         210   99.669106085073551        774.19725817859910        127.09510189558405     
           2         211   100.00374400268539        628.71030641784660        127.09826599443913     
           2         212   105.58211678227588        696.19515004031518        127.04690016951558     
           2         213   312.59836577532786        719.79666948672661        185.98632051984282     
           2         214   97.978249896042442        757.78660325622138        127.03306740068896     
           2         215   99.286929789506701        799.89822791802101        127.08877410992945     
           2         216   99.585762024260248        656.24876464893157        127.08877410992945     
           2         217   316.91506563626041        691.82897036909696        186.10048932996995     
           2         218   99.721081287753876        725.62392141784687        127.08877410992945     
           2         219   7538.6786050052897        936.18785653819998        6631.1228712587636     
           2         220   99.395413012350843        805.35344800590997        127.10143023065804     
           2         221   20760.162094404328        787.26202270199985        19670.971992637176     
           2         222   99.354236449376671        660.61311681715199        127.09510189558405     
           2         223   96.736857271430637        701.41241731334787        126.98334393625274     
           2         224   21161.693592707659        887.23725109599991        20561.441591991250     
           2         225   150.81306880145411        782.48503241784670        127.34112676819872     
           2         226   35324.500054979035        808.64531408500011        33644.263996406778     
           2         227   146.28714706693410        719.55817378524239        127.34679842364865     
           2         228   302.26943411677985        710.03066326271085        185.82966472602601     
           2         229   308.71685519150793        765.94259747877732        185.90305621415990     
           2         230   22472.100286623714        958.77848216499990        20235.759112210668     
           2         231   99.996055120798047        688.92128292867221        127.08877410992945     
           2         232   99.440858829565173        749.99650663427735        127.09826599443913     
           2         233   103.37661958079968        741.49800557901574        127.23489534879754     
           2         234   99.260099972276493        768.00460415999123        127.09510189558405     
           2         235   102.17213386213282        817.67813810403106        127.18243874315608     
           2         236   99.423580414906539        646.78222873122695        127.09003962310945     
           2         237   312.96004714575650        718.06852036803821        185.99553874497803     
           2         238   104.38001315049833        786.79462531902936        127.22858307412007     
           2         239   100.41788591623812        791.36037213427755        127.09826599443913     
           2         240   98.748723053447250        791.78206166499456        127.03306740068896     
           2         241   309.08906051926402        696.25144803564774        185.98632051984282     
           2         242   100.30024295106074        696.50324215992975        127.08877410992945     
           2         243   109.20910910104899        749.80916107635437        127.00054871305984     
           2         244   99.856804234588850        820.40402883149000        127.08877410992945     
           2         245   46154.639500493678        977.39782128000024        43672.434044175556     
           2         246   421.23807348787733        685.78196913427723        186.01502613217670     
           2         247   99.848109449301191        747.92457719521190        127.09257071539415     
           2         248   247.36067053772430        734.12141852319996        136.57397244994496     
           2         249   101.42842242333262        803.85233329683547        127.15525611384534     
           2         250   98.296950161183332        795.09173351671438        127.03180060941935     
           2         251   101.21348378236480        672.89402355294737        127.16663365084678     
           2         252   46013.686555430228        833.37757769999985        43056.325188488430     
           2         253   100.31565780741735        759.99390513427750        127.08877410992945     
           2         254   100.81043295579040        765.07673669609449        127.08877410992945     
           2         255   99.893253040743460        836.65484941973011        127.09826599443913     
           2         256   106.89610326046183        671.46140667133966        127.31382541067524     
           2         257   99.319605408127529        726.59844719808711        127.10143023065804     
           2         258   99.499805552903410        760.59512693088641        127.09257071539415     
           2         259   111.31242889253861        799.59934814985911        127.04690016951558     
           2         260   312.71714225443412        807.23648441784667        185.98632051984282     
           2         261   99.761702199244979        710.91639336753246        127.08877410992945     
           2         262   103.99888521898771        679.41502489322897        127.09034702755741     
           2         263   470.93671018289024        743.47876325427728        264.28781696068887     
           2         264   101.20477089807439        757.69624831856015        127.08877410992945     
           2         265   1391.5600820366676        750.43928018784663        1266.2408317411193     
           2         266   98.268733480023243        679.19909155147695        127.04446950982759     
           2         267   103.87303760736100        698.80628791784670        127.22984548497058     
           2         268   102.36196681715603        681.74115131283929        127.15525611384534     
           2         269   321.15594694631426        754.32805384973506        186.19342586669825     
           2         270   103.40296637499935        777.38347041983025        127.15399205310372     
           2         271   102.63848877461704        672.28533332980055        127.17927744954072     
           2         272   100.65847582779681        730.61027034546350        127.08908151425700     
           2         273   99.273714432908989        723.36705121173463        127.09257071539415     
           2         274   243.35776564852097        749.55228191784681        136.50253062153314     
           2         275   99.507432084838342        783.79501549262716        127.08877410992945     
           2         276   98.009926768175077        673.75541602496503        127.04130207895071     
           2         277   111.08529159440576        711.22816563225149        127.10455777029416     
           2         278   100.59463357893631        739.06589174179339        127.08877410992945     
           2         279   101.91552214610063        718.03053050994845        127.08908151425700     
           2         280   99.518132744146712        757.14742909712288        127.08877410992945     
           2         281   99.367177258166450        624.73428641784665        127.08877410992945     
           2         282   101.56593672721866        695.40123060370070        127.15778430134790     
           2         283   502.47993446463232        731.19112009204002        186.20987392220422     
           2         284   101.23903895494477        805.48079638352533        127.16347304508442     
           2         285   97.890295595562733        780.10985172155983        127.03560104907520     
           2         286   101.56113689677157        672.95881347570162        127.15778430134790     
           2         287   99.989069423547846        663.05589349223271        127.08877410992945     
           2         288   99.820306456307520        749.52954141784687        127.08877410992945     
           2         289   99.349768084687312        816.82401919646873        127.08877410992945     
           2         290   103.23988260497096        804.13167669739903        127.15778430134790     
           2         291   97.447995338157781        654.34117908095732        126.98334393625274     
           2         292   106.47665693969965        702.48563506874461        127.31382541067524     
           2         293   108.26032217997306        716.92439077562813        127.05513398039437     
           2         294   99.217907254898506        780.63652653769577        127.08877410992945     
           2         295   99.746983526256514        854.01620213427736        127.08877410992945     
           2         296   98.981228498669466        694.75068384362737        127.03306740068896     
           2         297   99.650895917560348        699.50399578540100        127.08877410992945     
           2         298   99.322013004307649        760.81919774314747        127.08877410992945     
           2         299   99.453901315438969        757.69804733263516        127.09257071539415     
           2         300   99.327317494528302        813.27487627021890        127.10143023065804     
           2         301   102.36860605302726        719.61856118718526        127.16031257687669     
           2         302   98.414127606497985        716.43665463427737        127.05714060533724     
           2         303   247.87024278915027        731.10228893106319        136.50286097170289     
           2         304   101.49038737227040        793.10947892426827        127.08908151425700     
           2         305   105.49950650757772        788.30426734682464        127.10455777029416     
           2         306   100.16205636276108        686.33761747462859        127.05714060533724     
           2         307   101.46816133064014        712.87605725800017        127.04156413809491     
           2         308   105.54121794393488        734.01182458268090        127.15561596392143     
           2         309   97.161813047308740        758.59293813427746        126.98207602080964     
           2         310   98.785574630294846        847.84302320380880        127.05714060533724     
           2         311   99.490310270628584        672.21953417792463        127.09510189558405     
           2         312   97.953235171826506        738.25663949737020        127.03306740068896     
           2         313   99.310940916918796        733.27345608080100        127.08877410992945     
           2         314   99.857852206386113        790.96172553600002        127.08877410992945     
           2         315   100.80529654345779        825.12159464583920        127.09257071539415     
           2         316   100.66467634267967        701.81734113427729        127.09003962310945     
           2         317   103.25050370343726        699.59631004122400        127.22858307412007     
           2         318   101.54796320246902        753.51280842655251        127.16347304508442     
           2         319   100.86145794287097        728.41902543595324        127.08877410992945     
           2         320   99.810063435678586        803.25630031178594        127.08877410992945     
           2         321   304.30855050958763        675.85348492926505        185.91651313532091     
           2         322   103.22002949512105        722.21346410456931        127.24120817455584     
           2         323   394.21763864039667        675.61249770141603        185.94538627233459     
           2         324   101.80018788170341        779.51736950932752        127.09034702755741     
           2         325   101.61277317775607        743.23653853080395        127.09034702755741     
           2         326   100.24469735600964        686.23166196084424        127.08877410992945     
           2         327   98.131101083328062        690.98991013596822        127.03180060941935     
           2         328   98.173182359173921        734.19265625927346        127.03306740068896     
           2         329   100.02910633699230        792.34711609363592        127.09003962310945     
           2         330   103.07709908136385        784.24555613427754        127.16383289641423     
           2         331   99.841481950390019        646.74958959569744        127.08877410992945     
           2         332   236.83881568318682        677.14660163832127        136.39807641521412     
           2         333   313.57922730727887        725.61235358810211        185.99185135961616     
           2         334   99.275925953945517        751.67497190037705        127.08877410992945     
           2         335   98.466012184143565        806.29358170449404        127.03180060941935     
           2         336   362.08182492477476        650.98636038080349        186.00949600536222     
           2         337   99.918818239295732        680.21742891784675        127.08877410992945     
           2         338   328.89131726000704        699.39838329478380        186.20139966736718     
           2         339   97.742649980297728        760.81486892144051        127.03180060941935     
           2         340   110.09850095636776        827.78429565583542        127.05196702016454     
           2         341   97.729621886558860        706.84747922797692        127.03560104907520     
           2         342   99.270819649514976        685.49449104471796        127.08877410992945     
           2         343   361.92054118212400        734.92243649230011        186.11037508836520     
           2         344   103.92743335310472        717.75450191784682        127.24120817455584     
           2         345   99.665684757462103        790.19739463073472        127.08877410992945     
           2         346   101.44285677060554        698.21087314622503        127.15525611384534     
           2         347   99.292594814615285        720.68573891092569        127.09826599443913     
           2         348   100.06978070343291        716.61224871195748        127.09257071539415     
           2         349   96.561235575434040        764.31161481724644        126.98587983291149     
           2         350   101.28544576546868        777.08329182250270        127.15399205310372     
           2         351   98.275078890448356        691.91508213427733        127.04130207895071     
           2         352   100.49298932645171        773.43102883510130        127.08877410992945     
           2         353   312.81186692420880        766.16393765691373        185.98632051984282     
           2         354   99.626069262523060        761.01586385913652        127.08877410992945     
           2         355   101.62807037803948        825.38623969257981        127.15525611384534     
           2         356   312.99352653886240        665.89192418451046        185.98632051984282     
           2         357   307.52751034486346        718.04352092788099        185.98632051984282     
           2         358   98.152988983832628        786.84289513427757        127.03813478525505     
           2         359   96.689235336515111        791.35791964079965        126.98207602080964     
           2         360   103.51999342945241        791.77781516612231        127.25699265018005     
           2         361   106.53011232144820        696.24730239569851        127.32012831854396     
           2         362   99.755702108351784        696.49775298309942        127.09257071539415     
           2         363   101.31002926528362        749.80348177773351        127.15525611384534     
           2         364   96.602891013377430        798.07751575965813        126.98207602080964     
           2         365   245.54192235637211        803.66852013427729        136.50286097170289     
           2         366   101.09333835854279        666.66465660470931        127.15399205310372     
           2         367   314.56828340755754        747.92004641728488        185.98677188826784     
           2         368   100.24194396912314        734.11697261615404        127.08877410992945     
           2         369   100.93334198019190        803.84638487862287        127.03586310794105     
           2         370   99.061993707314002        795.08552846205555        126.98863870096035     
           2         371   102.43532984874807        678.10948560734130        127.16347304508442     
           2         372   306.53258581536818        708.96130413427738        185.90451688562311     
           2         373   99.772101769388655        786.21450318469010        127.08877410992945     
           2         374   99.675269456966703        766.32506225900261        127.08877410992945     
           2         375   103.60142276356382        846.52142020908673        127.23237037280070     
           2         376   101.21482120566675        647.85564190542209        127.09034702755741     
           2         377   108.40993143864743        719.93019814140860        127.32377044105964     
           2         378   101.04064294532660        739.33164490493198        127.15778430134790     
           2         379   103.56794510342111        792.23810913427747        127.23805169279103     
           2         380   103.30464176040731        807.23431467627756        127.09540930051523     
           2         381   103.71478078657319        710.91209401236893        127.09857339967212     
           2         382   101.22360228642781        679.41099645259226        127.04156413809491     
           2         383   107.24485704594143        761.93501490067638        127.11088474684176     
           2         384   110.56197197679305        757.69005374580297        127.13303349813752     
           2         385   220.78713463419049        678.26021043569335        78.547470641221295     
           2         386   311.83098777403376        697.60463141784669        185.98632051984282     
           2         387   100.05049534116634        712.04082091238558        127.09826599443913     
           2         388   108.36966548800322        709.09363268294078        127.17327685088208     
           2         389   241.06560432965935        762.55951905870188        136.50253062153314     
           2         390   106.19004045671122        817.14173503054451        127.31382541067524     
           2         391   102.07726439959065        688.03583619461619        127.15525611384534     
           2         392   378.05184792602284        651.47492767433619        185.83950282220084     
           2         393   99.699616059613291        744.11598885070828        127.08877410992945     
           2         394   99.230647008463748        767.20977716984078        127.08877410992945     
           2         395   308.77970325730900        745.30731853648967        136.45453570786381     
           2         396   111.97031597864850        694.74082534033755        127.10455777029416     
           2         397   101.51956998379126        736.11500611742213        127.16031257687669     
           2         398   316.13626891269240        772.59150392587685        186.08759784965397     
           2         399   98.622533085604914        748.54071173872762        127.03560104907520     
           2         400   99.964169280618421        796.95185413427737        127.08877410992945     
           2         401   99.607272326534456        646.79653764193108        127.08877410992945     
           2         402   102.03243766456109        725.81443668467523        127.15525611384534     
           2         403   100.00122764697458        790.70734813098784        127.03206266809909     
           2         404   366.87279068358220        813.70977770286549        186.00949600536222     
           2         405   97.980798557918291        792.25881687977187        127.03306740068896     
           2         406   103.66105150797792        676.63775295949995        127.22984548497058     
           2         407   101.84348788210134        686.85644763427729        127.09034702755741     
           2         408   378.51567146031368        756.00214270847960        186.01871304246771     
           2         409   104.28439866831866        853.46765327191440        127.23805169279103     
           2         410   101.47810229350063        843.89035184696502        127.09034702755741     
           2         411   99.837729556372793        671.68558473223436        127.03839684424456     
