  economy_id district_id expected_hires capacity belief_expected_hires
           1           1   3.3147766001329120        17.000000000000000        4.3550137137521343     
           1           2   3.2858116269054642        17.000000000000000        4.3538632135436917     
           1           3   3.4345578347715868        17.000000000000000        4.3575785273723779     
           1           4   3.3246191060917645        17.000000000000000        4.3550137137521343     
           1           5   3.3105583622267392        17.000000000000000        4.3549679918302564     
           1           6   3.3146329712501794        17.000000000000000        4.3549679918302564     
           1           7   3.3275151522843629        17.000000000000000        4.3553109261667542     
           1           8   22.430556576756626        17.000000000000000        15.569846933271716     
           1           9   3.2661150161404966        17.000000000000000        4.3536344784336229     
           1          10   3.2837668229002479        17.000000000000000        4.3539775887573047     
           1          11   3.2759613972633619        17.000000000000000        4.3539775887573047     
           1          12   8.2919089753127597        17.000000000000000        4.6796987095142430     
           1          13   3.2913438263431609        17.000000000000000        4.3546091647685881     
           1          14   3.3590161547273572        17.000000000000000        4.3560907883590012     
           1          15   3.3060475532124443        17.000000000000000        4.3549679918302564     
           1          16   3.3064142884155761        17.000000000000000        4.3544033430487197     
           1          17   3.3150290913253606        17.000000000000000        4.3549679918302564     
           1          18   3.2966875979864345        17.000000000000000        4.3542661377613214     
           1          19   3.3129720464804135        17.000000000000000        4.3551051600478257     
           1          20   3.3077928234870435        17.000000000000000        4.3550137137521343     
           1          21   3.2848871729611560        17.000000000000000        4.3544033430487197     
           1          22   3.2947227706275273        17.000000000000000        4.3542661377613214     
           1          23   3.3345608818824015        17.000000000000000        4.3549679918302564     
           1          24   3.3327652547968785        17.000000000000000        4.3549679918302564     
           1          25   3.2671517745069489        16.000000000000000        4.3536344784336229     
           1          26   3.3049849085327048        16.000000000000000        4.3549679918302564     
           1          27   3.5249156020190298        16.000000000000000        4.3659813170893642     
           1          28   3.3184221496128909        16.000000000000000        4.3544948173257962     
           1          29   3.3810739217286270        16.000000000000000        4.3568433319464273     
           1          30   13.350215873053168        16.000000000000000        8.0084827880855247     
           1          31   57.977647929854946        16.000000000000000        52.809057981281633     
           1          32   3.3232139512261134        16.000000000000000        4.3549679918302564     
           1          33   3.3151713688057951        16.000000000000000        4.3542661377613214     
           1          34   3.3101700967347907        16.000000000000000        4.3558825855720213     
           1          35   3.3361428511753628        16.000000000000000        4.3549679918302564     
           1          36   3.3174434403932440        16.000000000000000        4.3553109261667542     
           1          37   3.2921629467740416        16.000000000000000        4.3543118720400482     
           1          38   3.3585163502860489        16.000000000000000        4.3557936652873472     
           1          39   3.3097869067251762        16.000000000000000        4.3550137137521343     
           1          40   3.3503457092402704        16.000000000000000        4.3557936652873472     
           1          41   3.2790312066217027        16.000000000000000        4.3536802238218977     
           1          42   3.3112834925110590        16.000000000000000        4.3558825855720213     
           1          43   3.2986503214552760        16.000000000000000        4.3544948173257962     
           1          44   3.3338867302576203        16.000000000000000        4.3559765061664928     
           1          45   3.3838917667193775        16.000000000000000        4.3551326759354643     
           1          46   3.3950646571630370        16.000000000000000        4.3566605522385258     
           1          47   83.930150024905217        16.000000000000000        73.257333151668419     
           1          48   3.3411516255840548        16.000000000000000        4.3549679918302564     
           1          49   57.935975685414405        16.000000000000000        56.207388108681826     
           1          50   12.877903554956147        16.000000000000000        6.4578165690476661     
           1          51   3.2685937022585438        16.000000000000000        4.3538632135436917     
           1          52   3.3915221796286432        16.000000000000000        4.3552698445642815     
           1          53   3.3082215966089481        16.000000000000000        4.3549679918302564     
           1          54   3.3663935188381688        16.000000000000000        4.3569575759091723     
           1          55   3.3507362796356976        16.000000000000000        4.3549679918302564     
           1          56   3.5178361558608473        16.000000000000000        4.3659356441271697     
           1          57   3.3108576182753469        16.000000000000000        4.3559969327817569     
           1          58   3.4685858152573972        16.000000000000000        4.3575785273723779     
           1          59   3.2965830323675784        16.000000000000000        4.3543118720400482     
           1          60   3.3183119732788784        16.000000000000000        4.3549679918302564     
           1          61   85.353275960466220        16.000000000000000        75.558947263592174     
           1          62   3.3292903302466264        16.000000000000000        4.3539775887573047     
           1          63   3.3347339520154011        16.000000000000000        4.3562050756617818     
           1          64   3.3090832990444889        16.000000000000000        4.3551051600478257     
           1          65   3.3205301996291454        16.000000000000000        4.3542661377613214     
           1          66   10.262837298130526        16.000000000000000        6.3531628481784290     
           1          67   3.3072193154060590        16.000000000000000        4.3549679918302564     
           1          68   3.3073052079170706        16.000000000000000        4.3549679918302564     
           1          69   3.3576912807136381        16.000000000000000        4.3554756113001654     
           1          70   3.3255871871314704        16.000000000000000        4.3549679918302564     
           1          71   3.2907381615039872        16.000000000000000        4.3546091647685881     
           1          72   3.3160943373571570        16.000000000000000        4.3554252478295066     
           1          73   3.3185650346675359        16.000000000000000        4.3549679918302564     
           1          74   3.3090901449349817        16.000000000000000        4.3549679918302564     
           1          75   3.3623856601592794        16.000000000000000        4.3549679918302564     
           1          76   3.3111736177114759        16.000000000000000        4.3551966096128876     
           1          77   3.3669909689008635        16.000000000000000        4.3567519404567356     
           1          78   3.3424493552251198        16.000000000000000        4.3557936652873472     
           1          79   3.3221817186833507        16.000000000000000        4.3549679918302564     
           1          80   11.432810137904768        16.000000000000000        6.4427491688065741     
           1          81   3.3072241481216436        16.000000000000000        4.3551051600478257     
           1          82   3.3276908967178787        16.000000000000000        4.3549679918302564     
           1          83   3.3631443841512478        16.000000000000000        4.3549679918302564     
           1          84   3.3498021349936185        16.000000000000000        4.3550137137521343     
           1          85   11.687260400736912        16.000000000000000        6.4414831816389562     
           1          86   3.3683185116147789        16.000000000000000        4.3551326759354643     
           1          87   3.3605113800313577        16.000000000000000        4.3567765888381018     
           1          88   10.195799774627792        16.000000000000000        6.3515434686880861     
           1          89   3.3169169142723356        16.000000000000000        4.3550137137521343     
           1          90   3.4192817046674611        16.000000000000000        4.3575785273723779     
           1          91   3.3993286017029352        16.000000000000000        4.3551783979944174     
           1          92   3.3310498939800977        16.000000000000000        4.3557479571114905     
           1          93   3.3640641361276806        16.000000000000000        4.3567519404567356     
           1          94   3.3104385947093080        16.000000000000000        4.3551051600478257     
           1          95   3.4053125580189771        16.000000000000000        4.3554756113001654     
           1          96   8.0117012927507503        16.000000000000000        4.6766978991518666     
           1          97   3.3162793441408236        16.000000000000000        4.3549679918302564     
           1          98   3.3133535038915150        16.000000000000000        4.3537676528340459     
           1          99   3.3152665254119760        16.000000000000000        4.3553109261667542     
           1         100   3.3118735074778880        16.000000000000000        4.3549679918302564     
           1         101   3.3549281505421149        16.000000000000000        4.3549679918302564     
           1         102   3.3839775928018239        16.000000000000000        4.3554756113001654     
           1         103   3.3102281085559500        16.000000000000000        4.3551051600478257     
           1         104   3.3079267935557284        16.000000000000000        4.3549679918302564     
           1         105   3.3087034619225415        16.000000000000000        4.3549679918302564     
           1         106   3.3231273277266751        16.000000000000000        4.3549679918302564     
           1         107   3.9456198098013400        16.000000000000000        4.3661640173159268     
           1         108   3.3486312369806885        16.000000000000000        4.3551326759354643     
           1         109   3.3670579157055753        16.000000000000000        4.3570718249839473     
           1         110   3.4188892985603023        16.000000000000000        4.3566148593561662     
           1         111   3.3215844275235793        16.000000000000000        4.3549679918302564     
           1         112   3.3096360517411831        16.000000000000000        4.3549679918302564     
           1         113   3.3664519852873611        16.000000000000000        4.3567519404567356     
           1         114   8.1278985924355993        16.000000000000000        4.6766488349643964     
           1         115   3.3658162334758854        16.000000000000000        4.3551783979944174     
           1         116   3.5550932157319810        16.000000000000000        4.3660726655271009     
           1         117   11.258156632123734        16.000000000000000        5.8890294654723716     
           1         118   12.000206661174115        16.000000000000000        6.3718981432679573     
           1         119   12.657612753649271        16.000000000000000        6.4590147756608882     
           1         120   3.3059980310067565        16.000000000000000        4.3550137137521343     
           1         121   3.6654802852176740        16.000000000000000        4.3678605467685765     
           1         122   3.3881820487987566        16.000000000000000        4.3566605522385258     
           1         123   3.2917831292649375        16.000000000000000        4.3542661377613214     
           1         124   3.3199710569475864        16.000000000000000        4.3551051600478257     
           1         125   3.4007158623010465        16.000000000000000        4.3562740807485065     
           1         126   3.3972328299166761        16.000000000000000        4.3560683757243455     
           1         127   16.784103361907416        16.000000000000000        13.854021572723395     
           1         128   3.3445473524839269        16.000000000000000        4.3566622759803799     
           1         129   3.3001384068987134        16.000000000000000        4.3547235173186634     
           1         130   3.3367394744133199        16.000000000000000        4.3557479571114905     
           1         131   3.3112295373045471        16.000000000000000        4.3549679918302564     
           1         132   21.959878669199508        16.000000000000000        13.360297011730598     
           1         133   198.68031375640379        16.000000000000000        177.55428324372252     
           1         134   3.3077744915325531        16.000000000000000        4.3549679918302564     
           1         135   3.3139177724116613        16.000000000000000        4.3551966096128876     
           1         136   83.743650315296463        16.000000000000000        65.179787657776359     
           1         137   3.2945005438408326        16.000000000000000        4.3542661377613214     
           1         138   3.3051603074651323        16.000000000000000        4.3549679918302564     
           1         139   3.3296973051264054        16.000000000000000        4.3551051600478257     
           1         140   7.9555869368715673        16.000000000000000        4.6761980404552776     
           1         141   139.94760241548693        16.000000000000000        105.26133932100790     
           1         142   284.01276066284959        16.000000000000000        257.73277985868015     
           1         143   3.3719770135353611        16.000000000000000        4.3559765061664928     
           1         144   3.2925343325282537        16.000000000000000        4.3544033430487197     
           1         145   3.3009816930893661        16.000000000000000        4.3551809785969011     
           1         146   4.0111132021244904        16.000000000000000        4.3668492625637674     
           1         147   3.3071613971486102        16.000000000000000        4.3549679918302564     
           1         148   3.7504509060524782        16.000000000000000        4.3662782117646204     
           1         149   3.8030958019977197        16.000000000000000        4.3679518450335113     
           1         150   197.36169921943409        16.000000000000000        163.36775555529172     
           1         151   257.13205114783153        16.000000000000000        233.58158749015891     
           1         152   3.3319725851897424        16.000000000000000        4.3557479571114905     
           1         153   3.2989729421081320        16.000000000000000        4.3542661377613214     
           1         154   3.6729387234463227        16.000000000000000        4.3659356441271697     
           1         155   3.3249560392287485        16.000000000000000        4.3549679918302564     
           1         156   3.3396872456781268        16.000000000000000        4.3551051600478257     
           1         157   3.3235552094951339        16.000000000000000        4.3551966096128876     
           1         158   10.275872923197342        16.000000000000000        6.3531628481784290     
           1         159   3.5669268581488507        16.000000000000000        4.3662782117646204     
           1         160   3.3323475219709202        16.000000000000000        4.3549679918302564     
           1         161   10.311473134697263        16.000000000000000        6.3531628481784290     
           1         162   10.389655187301786        16.000000000000000        6.3532292536615920     
           1         163   3.3072310281628661        16.000000000000000        4.3551966096128876     
           1         164   3.2859057423417921        16.000000000000000        4.3544033430487197     
           1         165   3.5733263972164844        16.000000000000000        4.3639147297611016     
           1         166   3.3124542209718197        16.000000000000000        4.3550137137521343     
           1         167   3.3031464766847605        16.000000000000000        4.3546091647685881     
           1         168   3.3242268736304896        16.000000000000000        4.3549679918302564     
           1         169   3.4174660411684004        16.000000000000000        4.3580353228399815     
           1         170   8.0115250569700969        16.000000000000000        4.6758501069827272     
           1         171   3.6129721582448768        16.000000000000000        4.3659356441271697     
           1         172   3.6329073565840857        16.000000000000000        4.3659356441271697     
           1         173   3.3375730727368946        16.000000000000000        4.3549679918302564     
           1         174   3.5080097818933469        16.000000000000000        4.3629315872288386     
           1         175   10.339621642154002        16.000000000000000        6.3531628481784290     
           1         176   57.984541795795884        16.000000000000000        56.971957130643688     
           1         177   3.6314991622133084        16.000000000000000        4.3681801053860818     
           1         178   3.3290751550277173        16.000000000000000        4.3551051600478257     
           1         179   3.3478070296419231        16.000000000000000        4.3549679918302564     
           1         180   10.340658393969759        16.000000000000000        6.3531628481784290     
           1         181   10.413396708679588        16.000000000000000        6.3533620681616050     
           1         182   7.9238604304287703        16.000000000000000        4.6753633569209958     
           1         183   3.2886142023491454        16.000000000000000        4.3547235173186634     
           1         184   3.3210201544950211        16.000000000000000        4.3551051600478257     
           1         185   3.3727219243183044        16.000000000000000        4.3552698445642815     
           1         186   3.3759243996262120        16.000000000000000        4.3553612944035223     
           1         187   3.2884491134022302        16.000000000000000        4.3543118720400482     
           1         188   3.6383143131309854        16.000000000000000        4.3697597183771348     
           1         189   3.2984999888872322        16.000000000000000        4.3544948173257962     
           1         190   3.3383211945999385        16.000000000000000        4.3557479571114905     
           1         191   3.2980475408760146        16.000000000000000        4.3542661377613214     
           1         192   3.3959382480409759        16.000000000000000        4.3559769565835618     
           1         193   3.3655470553253211        16.000000000000000        4.3553612944035223     
           1         194   4.3496607223259636        16.000000000000000        4.3659356441271697     
           1         195   10.336379186703237        16.000000000000000        6.3531628481784290     
           1         196   3.2979580747375912        16.000000000000000        4.3536802238218977     
           1         197   3.5504657341712638        16.000000000000000        4.3663924114499952     
           1         198   3.3411095342917152        16.000000000000000        4.3558850840917467     
           1         199   3.3060261544446030        16.000000000000000        4.3549679918302564     
           1         200   3.3263883580919051        16.000000000000000        4.3549679918302564     
           1         201   8.1007265291785124        16.000000000000000        4.6767960301548035     
           1         202   3.3270474925087385        16.000000000000000        4.3549679918302564     
           1         203   3.3967465358630884        16.000000000000000        4.3566148593561662     
           1         204   3.3048890385324938        16.000000000000000        4.3549679918302564     
           1         205   3.3167833799757100        16.000000000000000        4.3549679918302564     
           1         206   3.4073219006610769        16.000000000000000        4.3578069148786334     
           1         207   3.3245490687680892        16.000000000000000        4.3553109261667542     
           1         208   3.3243176143445510        16.000000000000000        4.3544033430487197     
           1         209   3.3642299182730904        16.000000000000000        4.3551051600478257     
           1         210   3.3431853292721430        16.000000000000000        4.3557936652873472     
           1         211   3.3270629340761539        16.000000000000000        4.3549679918302564     
           1         212   3.5224098994869593        16.000000000000000        4.3643293058822543     
           1         213   10.391938990821423        16.000000000000000        6.3531628481784290     
           1         214   3.3131648597287358        16.000000000000000        4.3549679918302564     
           1         215   3.3068791807931341        16.000000000000000        4.3549679918302564     
           1         216   3.3155766070064563        16.000000000000000        4.3549679918302564     
           1         217   10.343179943819383        16.000000000000000        6.3533620681616050     
           1         218   3.3194661645950605        16.000000000000000        4.3549679918302564     
           1         219   142.05551091605554        16.000000000000000        125.73627623868144     
           1         220   3.3969849664664782        16.000000000000000        4.3579211163022862     
           1         221   333.63985462303026        16.000000000000000        312.31364131777320     
           1         222   3.3089493566166239        16.000000000000000        4.3551966096128876     
           1         223   3.3145868656879678        16.000000000000000        4.3550137137521343     
           1         224   362.28730758689505        16.000000000000000        352.09336477925268     
           1         225   4.3930742356201735        16.000000000000000        4.3659356441271697     
           1         226   558.18698073251676        16.000000000000000        531.59666003005520     
           1         227   4.2959091896548243        16.000000000000000        4.3659356441271697     
           1         228   10.357379146649619        16.000000000000000        6.3531628481784290     
           1         229   10.429145112299416        16.000000000000000        6.3534038811431035     
           1         230   389.01826731905652        16.000000000000000        350.59051679822380     
           1         231   3.3276270648482784        16.000000000000000        4.3550137137521343     
           1         232   3.3653121110086404        16.000000000000000        4.3568433319464273     
           1         233   3.3103620023556446        16.000000000000000        4.3551966096128876     
           1         234   3.3311014353262984        16.000000000000000        4.3559765061664928     
           1         235   3.3102021649147528        16.000000000000000        4.3542661377613214     
           1         236   3.2697980986754134        16.000000000000000        4.3536344784336229     
           1         237   10.327241758002520        16.000000000000000        6.3522021155030011     
           1         238   3.3112125041212552        16.000000000000000        4.3542661377613214     
           1         239   3.3391985553743782        16.000000000000000        4.3549679918302564     
           1         240   3.3376086046045308        16.000000000000000        4.3549679918302564     
           1         241   10.289137863507223        16.000000000000000        6.3531628481784290     
           1         242   3.3364154416569902        16.000000000000000        4.3549679918302564     
           1         243   3.7890366071545305        16.000000000000000        4.3679518450335113     
           1         244   3.3234680822989167        16.000000000000000        4.3549679918302564     
           1         245   725.70418653757281        16.000000000000000        682.49648686754176     
           1         246   14.460280292520453        16.000000000000000        6.3783197271960104     
           1         247   3.3229408960453095        16.000000000000000        4.3549679918302564     
           1         248   8.0771137796174699        16.000000000000000        4.6771395162594587     
           1         249   3.3412175299361406        16.000000000000000        4.3557479571114905     
           1         250   3.3234152026852382        16.000000000000000        4.3549679918302564     
           1         251   3.3345219344707324        16.000000000000000        4.3557936652873472     
           1         252   780.63068202425541        16.000000000000000        739.37174247280507     
           1         253   3.3368327144023078        16.000000000000000        4.3549679918302564     
           1         254   3.3517183190699185        16.000000000000000        4.3551966096128876     
           1         255   3.3238322536803735        16.000000000000000        4.3549679918302564     
           1         256   3.3304266870853501        16.000000000000000        4.3549679918302564     
           1         257   3.3068897356721689        16.000000000000000        4.3549679918302564     
           1         258   3.3130965271653832        16.000000000000000        4.3551051600478257     
           1         259   3.6837399945751494        16.000000000000000        4.3646720526412945     
           1         260   10.480848815208100        16.000000000000000        6.3543706948966072     
           1         261   3.3207056671532258        16.000000000000000        4.3549679918302564     
           1         262   3.4381518423226947        16.000000000000000        4.3551326759354643     
           1         263   14.895409411644401        16.000000000000000        9.0577599623125984     
           1         264   3.3913732666124865        16.000000000000000        4.3558850840917467     
           1         265   27.498306404990394        16.000000000000000        25.128301738527206     
           1         266   3.2793792714653862        16.000000000000000        4.3536344784336229     
           1         267   3.3218240647417892        16.000000000000000        4.3549679918302564     
           1         268   3.3405222762590765        16.000000000000000        4.3549679918302564     
           1         269   10.209342653913550        16.000000000000000        6.3521356919371081     
           1         270   3.3671349531728336        16.000000000000000        4.3549679918302564     
           1         271   3.3464057722748102        16.000000000000000        4.3549679918302564     
           1         272   3.3736953468799760        16.000000000000000        4.3559312482395267     
           1         273   3.3088856465640095        16.000000000000000        4.3559969327817569     
           1         274   8.0374155537187875        16.000000000000000        4.6762628541034985     
           1         275   3.3132948740341055        16.000000000000000        4.3549679918302564     
           1         276   3.2926408071373516        16.000000000000000        4.3547235173186634     
           1         277   3.6518122743086052        16.000000000000000        4.3659813170893642     
           1         278   3.3457359910767179        16.000000000000000        4.3551966096128876     
           1         279   3.3333944156116719        16.000000000000000        4.3539048917097452     
           1         280   3.3397873270274987        16.000000000000000        4.3560907883590012     
           1         281   3.3092176900525252        16.000000000000000        4.3549679918302564     
           1         282   3.2973500221812340        16.000000000000000        4.3544948173257962     
           1         283   13.606932998986300        16.000000000000000        6.3792222045895501     
           1         284   3.3101700874086011        16.000000000000000        4.3549679918302564     
           1         285   3.3101590294275982        16.000000000000000        4.3549679918302564     
           1         286   3.3750788609410134        16.000000000000000        4.3569575759091723     
           1         287   3.3047284011054034        16.000000000000000        4.3543118720400482     
           1         288   3.3508391280513932        16.000000000000000        4.3567765888381018     
           1         289   3.2680609172402235        16.000000000000000        4.3536802238218977     
           1         290   3.3383513773344196        16.000000000000000        4.3542661377613214     
           1         291   3.3390233252384602        16.000000000000000        4.3549679918302564     
           1         292   3.2801218570934467        16.000000000000000        4.3538632135436917     
           1         293   3.6384242993819793        16.000000000000000        4.3659356441271697     
           1         294   3.3054702681856729        16.000000000000000        4.3551966096128876     
           1         295   3.3205992232243884        16.000000000000000        4.3551051600478257     
           1         296   3.3451516924928755        16.000000000000000        4.3549679918302564     
           1         297   3.3175799466261995        16.000000000000000        4.3550137137521343     
           1         298   3.3352695069622955        16.000000000000000        4.3566622759803799     
           1         299   3.3115615019250053        16.000000000000000        4.3550137137521343     
           1         300   3.3080024705616360        16.000000000000000        4.3553109261667542     
           1         301   3.3404810759518107        16.000000000000000        4.3549679918302564     
           1         302   3.3250052769666540        16.000000000000000        4.3549679918302564     
           1         303   8.2171420112603926        16.000000000000000        4.6768257764827759     
           1         304   3.3701398671304235        16.000000000000000        4.3552698445642815     
           1         305   3.4885789499522573        16.000000000000000        4.3659356441271697     
           1         306   3.3561404535686541        16.000000000000000        4.3547235173186634     
           1         307   3.4214321195036503        16.000000000000000        4.3554756113001654     
           1         308   3.3915708173306682        16.000000000000000        4.3544599220950850     
           1         309   3.3065585358672465        16.000000000000000        4.3543118720400482     
           1         310   3.3635180665746356        16.000000000000000        4.3557479571114905     
           1         311   3.3124209074751256        16.000000000000000        4.3550137137521343     
           1         312   3.2903823261370095        16.000000000000000        4.3542661377613214     
           1         313   3.3331599142394039        16.000000000000000        4.3559765061664928     
           1         314   3.3236247510457417        16.000000000000000        4.3550137137521343     
           1         315   3.3789685844903738        16.000000000000000        4.3559765061664928     
           1         316   3.3470064633288859        16.000000000000000        4.3549679918302564     
           1         317   3.3071687758784312        16.000000000000000        4.3549679918302564     
           1         318   3.3445541544713842        16.000000000000000        4.3559765061664928     
           1         319   3.3804884493911547        16.000000000000000        4.3557936652873472     
           1         320   3.3005041999367650        16.000000000000000        4.3546091647685881     
           1         321   10.287018765601724        16.000000000000000        6.3531628481784290     
           1         322   3.3062796520990729        16.000000000000000        4.3551966096128876     
           1         323   11.992773078444896        16.000000000000000        6.3737578184312529     
           1         324   3.3785490202164290        16.000000000000000        4.3552698445642815     
           1         325   3.3756683937215168        16.000000000000000        4.3561616199723341     
           1         326   3.3348307391435088        16.000000000000000        4.3549679918302564     
           1         327   3.3187103106384321        16.000000000000000        4.3551966096128876     
           1         328   3.3193202867171783        16.000000000000000        4.3549679918302564     
           1         329   3.3283070966700361        16.000000000000000        4.3549679918302564     
           1         330   3.3583342061888253        16.000000000000000        4.3551326759354643     
           1         331   3.3233207566919036        16.000000000000000        4.3551051600478257     
           1         332   8.1151569878412655        16.000000000000000        4.6767960301548035     
           1         333   10.420507374199067        16.000000000000000        6.3536609180148798     
           1         334   3.3074537433354205        16.000000000000000        4.3553109261667542     
           1         335   3.3287804854454026        16.000000000000000        4.3549679918302564     
           1         336   11.764171558601753        16.000000000000000        6.3695467767349827     
           1         337   3.3258228342428211        16.000000000000000        4.3551966096128876     
           1         338   10.455084547111969        16.000000000000000        6.3534038811431035     
           1         339   3.3059043026559300        16.000000000000000        4.3550137137521343     
           1         340   3.7017017347456220        16.000000000000000        4.3660726655271009     
           1         341   3.3050580478801406        16.000000000000000        4.3549679918302564     
           1         342   3.3064189157286923        16.000000000000000        4.3549679918302564     
           1         343   11.498144437128383        16.000000000000000        6.3694141006245522     
           1         344   3.2814065955941958        16.000000000000000        4.3540919690771647     
           1         345   3.3187959643503757        16.000000000000000        4.3553109261667542     
           1         346   3.3173332815940166        16.000000000000000        4.3554252478295066     
           1         347   3.3064581563161304        16.000000000000000        4.3550137137521343     
           1         348   3.3294071631632463        16.000000000000000        4.3549679918302564     
           1         349   3.3337665768953615        16.000000000000000        4.3559765061664928     
           1         350   3.3124235558976340        16.000000000000000        4.3551051600478257     
           1         351   3.3220443803584923        16.000000000000000        4.3550137137521343     
           1         352   3.3419014526544908        16.000000000000000        4.3549679918302564     
           1         353   10.398071091136538        16.000000000000000        6.3531628481784290     
           1         354   3.3170958709271492        16.000000000000000        4.3551051600478257     
           1         355   3.3208705293767848        16.000000000000000        4.3549679918302564     
           1         356   10.489587954427995        16.000000000000000        6.3543706948966072     
           1         357   10.243771806875218        16.000000000000000        6.3531628481784290     
           1         358   3.3440169612346349        16.000000000000000        4.3557936652873472     
           1         359   3.3129300595399691        16.000000000000000        4.3549679918302564     
           1         360   3.3118631386074799        16.000000000000000        4.3549679918302564     
           1         361   3.3231042995002209        16.000000000000000        4.3553109261667542     
           1         362   3.3202448730402665        16.000000000000000        4.3549679918302564     
           1         363   3.3127277029562463        16.000000000000000        4.3550137137521343     
           1         364   3.2882041021368691        16.000000000000000        4.3543118720400482     
           1         365   8.1526561696593980        16.000000000000000        4.6768257764827759     
           1         366   3.3606342081506289        16.000000000000000        4.3566148593561662     
           1         367   10.446038267639700        16.000000000000000        6.3536031017281838     
           1         368   3.3610445761126395        16.000000000000000        4.3557479571114905     
           1         369   3.4046630062033008        16.000000000000000        4.3551326759354643     
           1         370   3.3447004367312778        16.000000000000000        4.3541107638088485     
           1         371   3.3206737768440568        16.000000000000000        4.3552953566870407     
           1         372   10.359868282054377        16.000000000000000        6.3531628481784290     
           1         373   3.3210050743078079        16.000000000000000        4.3549679918302564     
           1         374   3.3182997437306483        16.000000000000000        4.3550137137521343     
           1         375   3.2739340385293620        16.000000000000000        4.3536802238218977     
           1         376   3.4606833649212612        16.000000000000000        4.3582627420592113     
           1         377   3.4220695818311420        16.000000000000000        4.3568189712125944     
           1         378   3.3059312814979895        16.000000000000000        4.3551966096128876     
           1         379   3.3140310351783557        16.000000000000000        4.3549679918302564     
           1         380   3.4204331109165937        16.000000000000000        4.3554756113001654     
           1         381   3.4310387691102759        16.000000000000000        4.3551326759354643     
           1         382   3.4133896006680482        16.000000000000000        4.3551326759354643     
           1         383   3.5412719314249053        16.000000000000000        4.3663924114499952     
           1         384   3.6379566397447576        16.000000000000000        4.3659356441271697     
           1         385   7.2315180166847775        16.000000000000000        2.7082262938955095     
           1         386   10.369504258813114        16.000000000000000        6.3531628481784290     
           1         387   3.3549007374977347        16.000000000000000        4.3558850840917467     
           1         388   3.5008314006070176        16.000000000000000        4.3659356441271697     
           1         389   8.0263887883470915        16.000000000000000        4.6767960301548035     
           1         390   3.3152616487087903        16.000000000000000        4.3550137137521343     
           1         391   3.3900750828890343        16.000000000000000        4.3567519404567356     
           1         392   12.088887334576830        16.000000000000000        6.3679730450762726     
           1         393   3.2965861114468384        16.000000000000000        4.3542661377613214     
           1         394   3.3052511271137268        16.000000000000000        4.3549679918302564     
           1         395   9.4980687591318489        16.000000000000000        4.6878590255555999     
           1         396   3.6801190197757658        16.000000000000000        4.3669634884368440     
           1         397   3.3179785953001399        16.000000000000000        4.3550137137521343     
           1         398   10.411975277304592        16.000000000000000        6.3556322407840486     
           1         399   3.3334862023313603        16.000000000000000        4.3549679918302564     
           1         400   3.3040682759755358        16.000000000000000        4.3543118720400482     
           1         401   3.3170927249326758        16.000000000000000        4.3553109261667542     
           1         402   3.3907143473564960        16.000000000000000        4.3575288724078405     
           1         403   3.3765584786156779        16.000000000000000        4.3551326759354643     
           1         404   11.888915665504662        16.000000000000000        6.3694141006245522     
           1         405   3.3133639611890588        16.000000000000000        4.3550137137521343     
           1         406   3.3171837254077974        16.000000000000000        4.3551051600478257     
           1         407   3.3823700039728366        16.000000000000000        4.3555899333057013     
           1         408   12.213793601354935        16.000000000000000        6.3695467767349827     
           1         409   3.3583066033811022        16.000000000000000        4.3559765061664928     
           1         410   3.3983411998683812        16.000000000000000        4.3559312482395267     
           1         411   3.3715539539020307        16.000000000000000        4.3553612944035223     
           2           1   3.3249279808062058        17.000000000000000        4.4098455779625709     
           2           2   3.4280353082366921        17.000000000000000        4.4124217884534023     
           2           3   3.3513253479680150        17.000000000000000        4.4097129746337771     
           2           4   3.3903923923724504        17.000000000000000        4.4115290809773162     
           2           5   3.3205278125000626        17.000000000000000        4.4097129746337771     
           2           6   3.3245540184825959        17.000000000000000        4.4097129746337771     
           2           7   3.3363888806733986        17.000000000000000        4.4097129746337771     
           2           8   17.969369189240425        17.000000000000000        12.006300549614339     
           2           9   3.3167057293226336        17.000000000000000        4.4097129746337771     
           2          10   3.3353486754096981        17.000000000000000        4.4098455779625709     
           2          11   3.3270852721221451        17.000000000000000        4.4099339839711860     
           2          12   7.9890292928889259        17.000000000000000        4.7352294667426715     
           2          13   3.3010069203347889        17.000000000000000        4.4092134181953782     
           2          14   3.2987746487223544        17.000000000000000        4.4083419263445327     
           2          15   3.3409619939490516        17.000000000000000        4.4105115210320864     
           2          16   3.3161482862840135        17.000000000000000        4.4091249875259573     
           2          17   3.3258278888029897        17.000000000000000        4.4100444957452982     
           2          18   3.3288649952319349        17.000000000000000        4.4097129746337771     
           2          19   3.3226775620506235        17.000000000000000        4.4097571749855140     
           2          20   3.3203477218809572        17.000000000000000        4.4107076658782844     
           2          21   3.2756880161846333        17.000000000000000        4.4083419263445327     
           2          22   3.3274232144892877        17.000000000000000        4.4099339839711860     
           2          23   3.3451821700778135        17.000000000000000        4.4100444957452982     
           2          24   3.3426575270079000        17.000000000000000        4.4097571749855140     
           2          25   3.3178387155484765        16.000000000000000        4.4097129746337771     
           2          26   3.3150079376273651        16.000000000000000        4.4097129746337771     
           2          27   3.5015512023325783        16.000000000000000        4.4096884089439330     
           2          28   3.3510125822317942        16.000000000000000        4.4097571749855140     
           2          29   3.3355240223383373        16.000000000000000        4.4100444957452982     
           2          30   13.391566993583355        16.000000000000000        8.0253631168645381     
           2          31   57.977582724239156        16.000000000000000        52.559781631421224     
           2          32   3.3111917372143336        16.000000000000000        4.4092134181953782     
           2          33   3.3257261522668764        16.000000000000000        4.4093239607943291     
           2          34   3.3186843013237080        16.000000000000000        4.4100444957452982     
           2          35   3.3458766750926143        16.000000000000000        4.4097129746337771     
           2          36   3.3520421790375741        16.000000000000000        4.4105557077037671     
           2          37   3.3493760243055406        16.000000000000000        4.4105115210320864     
           2          38   3.3418670123126737        16.000000000000000        4.4097129746337771     
           2          39   3.3196429239773257        16.000000000000000        4.4097129746337771     
           2          40   3.3346368861963089        16.000000000000000        4.4099339839711860     
           2          41   3.3306755358052769        16.000000000000000        4.4097129746337771     
           2          42   3.3440701485407285        16.000000000000000        4.4105557077037671     
           2          43   3.3306433609456043        16.000000000000000        4.4098455779625709     
           2          44   3.3188567985294011        16.000000000000000        4.4099339839711860     
           2          45   3.3937581586296903        16.000000000000000        4.4099399285076410     
           2          46   3.3494552149379264        16.000000000000000        4.4105971256779535     
           2          47   83.954283609926364        16.000000000000000        75.519461171943121     
           2          48   3.3508878051902973        16.000000000000000        4.4097129746337771     
           2          49   57.946898611524482        16.000000000000000        56.370227336099369     
           2          50   12.849651181539421        16.000000000000000        6.5349644021681419     
           2          51   3.3187625240985192        16.000000000000000        4.4097129746337771     
           2          52   3.4654759150589656        16.000000000000000        4.4117352087297261     
           2          53   3.3183263347181033        16.000000000000000        4.4097571749855140     
           2          54   3.3476817265859329        16.000000000000000        4.4109534218656865     
           2          55   3.3603781264945205        16.000000000000000        4.4097571749855140     
           2          56   3.5260913327044126        16.000000000000000        4.4101083432737624     
           2          57   3.3181806798660571        16.000000000000000        4.4097129746337771     
           2          58   3.3798767876476319        16.000000000000000        4.4101550122565758     
           2          59   3.3286402383307401        16.000000000000000        4.4097129746337771     
           2          60   3.2871875590954907        16.000000000000000        4.4085630529188711     
           2          61   86.040113189263934        16.000000000000000        78.981470820999306     
           2          62   3.3877638886809267        16.000000000000000        4.4107076658782844     
           2          63   3.4055255177168324        16.000000000000000        4.4124217884534023     
           2          64   3.3729045071377710        16.000000000000000        4.4115290809773162     
           2          65   3.3098339227135036        16.000000000000000        4.4084746000167057     
           2          66   10.167967819108291        16.000000000000000        6.4514826771911551     
           2          67   3.2769572841906176        16.000000000000000        4.4084746000167057     
           2          68   3.3173071154240379        16.000000000000000        4.4097129746337771     
           2          69   3.3423648391293539        16.000000000000000        4.4090419142791069     
           2          70   3.3619256645674191        16.000000000000000        4.4107324619718167     
           2          71   3.3217521098431426        16.000000000000000        4.4097129746337771     
           2          72   3.3799658040660261        16.000000000000000        4.4116174292719368     
           2          73   3.3284106110397182        16.000000000000000        4.4097129746337771     
           2          74   3.2981552659972295        16.000000000000000        4.4093239607943291     
           2          75   3.3719642020664065        16.000000000000000        4.4097571749855140     
           2          76   3.3205440457582283        16.000000000000000        4.4097129746337771     
           2          77   3.3226190983749797        16.000000000000000        4.4098455779625709     
           2          78   3.3816129348689574        16.000000000000000        4.4114407357162175     
           2          79   3.3326526392261218        16.000000000000000        4.4099339839711860     
           2          80   11.465450214084941        16.000000000000000        6.5331198403762771     
           2          81   3.3168743201778343        16.000000000000000        4.4097129746337771     
           2          82   3.3149399085197668        16.000000000000000        4.4090365598871646     
           2          83   3.3727906277848256        16.000000000000000        4.4097571749855140     
           2          84   3.3594011460701512        16.000000000000000        4.4097571749855140     
           2          85   12.015935287507368        16.000000000000000        6.5365814147348065     
           2          86   3.3778395825345049        16.000000000000000        4.4097189191470232     
           2          87   3.3410953412374869        16.000000000000000        4.4097129746337771     
           2          88   10.360020546709077        16.000000000000000        6.4537853355526025     
           2          89   3.3268283851579183        16.000000000000000        4.4097571749855140     
           2          90   3.3384780948082247        16.000000000000000        4.4097129746337771     
           2          91   3.4086737949621209        16.000000000000000        4.4097631195034159     
           2          92   3.2950772535357631        16.000000000000000        4.4092134181953782     
           2          93   3.3209130385958190        16.000000000000000        4.4101550122565758     
           2          94   3.3200434975300390        16.000000000000000        4.4097129746337771     
           2          95   3.3879846140851373        16.000000000000000        4.4092187726021645     
           2          96   8.0355234444038004        16.000000000000000        4.7363468255036389     
           2          97   3.3516344159139968        16.000000000000000        4.4105115210320864     
           2          98   3.3687905651990517        16.000000000000000        4.4099399285076410     
           2          99   3.3242840055348326        16.000000000000000        4.4097129746337771     
           2         100   3.3230155735449460        16.000000000000000        4.4101550122565758     
           2         101   3.3194957382376740        16.000000000000000        4.4085630529188711     
           2         102   3.3925446479574948        16.000000000000000        4.4097189191470232     
           2         103   3.3207379562776724        16.000000000000000        4.4100444957452982     
           2         104   3.2784350542590395        16.000000000000000        4.4087841984309586     
           2         105   3.2972575247549316        16.000000000000000        4.4091249875259573     
           2         106   3.3329638410110758        16.000000000000000        4.4097129746337771     
           2         107   3.9502751426999332        16.000000000000000        4.4104398529607369     
           2         108   3.3860205331068602        16.000000000000000        4.4107390655436136     
           2         109   3.3216395007463371        16.000000000000000        4.4097129746337771     
           2         110   3.3973872882009504        16.000000000000000        4.4108429395494104     
           2         111   3.3323511239263444        16.000000000000000        4.4100444957452982     
           2         112   3.3448249064431730        16.000000000000000        4.4105557077037671     
           2         113   3.3226716951859130        16.000000000000000        4.4100444957452982     
           2         114   8.1516534991255813        16.000000000000000        4.7365840344416714     
           2         115   3.3509809812425062        16.000000000000000        4.4091303419253318     
           2         116   3.6030710499567364        16.000000000000000        4.4118249986229134     
           2         117   10.812832737223648        16.000000000000000        5.9643850578365223     
           2         118   11.993355269892469        16.000000000000000        6.4554274788652313     
           2         119   12.689329950168798        16.000000000000000        6.5370524043704412     
           2         120   3.3419693392997361        16.000000000000000        4.4109534218656865     
           2         121   3.6230019543169334        16.000000000000000        4.4102409420282429     
           2         122   3.4346892892301688        16.000000000000000        4.4132608709427972     
           2         123   3.3492085751884715        16.000000000000000        4.4105557077037671     
           2         124   3.3296186036475999        16.000000000000000        4.4097571749855140     
           2         125   3.4092462930266154        16.000000000000000        4.4105181245753258     
           2         126   3.3783995592618026        16.000000000000000        4.4099399285076410     
           2         127   15.752502309918212        16.000000000000000        12.163370036415966     
           2         128   3.3055005253856145        16.000000000000000        4.4094345081290811     
           2         129   3.3093775366661595        16.000000000000000        4.4092134181953782     
           2         130   3.2813519035226424        16.000000000000000        4.4086736233076129     
           2         131   3.2992764614592645        16.000000000000000        4.4089923472043022     
           2         132   21.979129304809689        16.000000000000000        13.012879681450839     
           2         133   198.66751456919138        16.000000000000000        176.96436098497875     
           2         134   3.2969192893715187        16.000000000000000        4.4093239607943291     
           2         135   3.3235982738147634        16.000000000000000        4.4098455779625709     
           2         136   83.445408522457569        16.000000000000000        63.776539823820812     
           2         137   3.3050079194377933        16.000000000000000        4.4092134181953782     
           2         138   3.3151852178853041        16.000000000000000        4.4097129746337771     
           2         139   3.3676863293265784        16.000000000000000        4.4113953985219876     
           2         140   8.0766043898948396        16.000000000000000        4.7363468255036389     
           2         141   139.91061682379521        16.000000000000000        104.53557814516492     
           2         142   284.01756738890055        16.000000000000000        257.67391585871093     
           2         143   3.3820572163820994        16.000000000000000        4.4109534218656865     
           2         144   3.2830221009900389        16.000000000000000        4.4083861501444632     
           2         145   3.3569421113178359        16.000000000000000        4.4106440833215492     
           2         146   4.0156903900743943        16.000000000000000        4.4111030003564036     
           2         147   3.3171660717890883        16.000000000000000        4.4097129746337771     
           2         148   3.7545431468949273        16.000000000000000        4.4101525421000218     
           2         149   3.7189804653147460        16.000000000000000        4.4096884089439330     
           2         150   197.29920682540683        16.000000000000000        162.10390128395764     
           2         151   257.47666629531568        16.000000000000000        234.64267570691734     
           2         152   3.3419708569250246        16.000000000000000        4.4105115210320864     
           2         153   3.3312751436601618        16.000000000000000        4.4097129746337771     
           2         154   3.6787004413946658        16.000000000000000        4.4101083432737624     
           2         155   3.3347957350492261        16.000000000000000        4.4097129746337771     
           2         156   3.3768259130635725        16.000000000000000        4.4109534218656865     
           2         157   3.3329230057617041        16.000000000000000        4.4097571749855140     
           2         158   10.238193701670840        16.000000000000000        6.4522443419640405     
           2         159   3.6113142020698277        16.000000000000000        4.4109411594657271     
           2         160   3.3683684926067161        16.000000000000000        4.4105115210320864     
           2         161   10.349973779287879        16.000000000000000        6.4547514689399250     
           2         162   10.419893759423962        16.000000000000000        6.4536243372891695     
           2         163   3.3166493689754479        16.000000000000000        4.4097129746337771     
           2         164   3.3173963486764491        16.000000000000000        4.4097571749855140     
           2         165   3.6461632007325284        16.000000000000000        4.4101083432737624     
           2         166   3.3222848278289678        16.000000000000000        4.4097129746337771     
           2         167   3.3346461680422657        16.000000000000000        4.4097129746337771     
           2         168   3.3349711322013404        16.000000000000000        4.4100444957452982     
           2         169   3.3917620417511225        16.000000000000000        4.4113965642232884     
           2         170   8.1416937908860358        16.000000000000000        4.7364955366787260     
           2         171   3.6206692851097912        16.000000000000000        4.4101083432737624     
           2         172   3.6404438392602576        16.000000000000000        4.4101525421000218     
           2         173   3.3742805412240107        16.000000000000000        4.4106440833215492     
           2         174   3.5790354047032582        16.000000000000000        4.4101083432737624     
           2         175   10.452777404961944        16.000000000000000        6.4546678921974578     
           2         176   57.984396536313099        16.000000000000000        56.943551898794105     
           2         177   3.5587732500185925        16.000000000000000        4.4096884089439330     
           2         178   3.3387674587796154        16.000000000000000        4.4098455779625709     
           2         179   3.3571616408988390        16.000000000000000        4.4097129746337771     
           2         180   10.370784353423355        16.000000000000000        6.4533667543097097     
           2         181   10.442368277688770        16.000000000000000        6.4536243372891695     
           2         182   7.9470557338588668        16.000000000000000        4.7348734567458264     
           2         183   3.3743085750048971        16.000000000000000        4.4118383132813728     
           2         184   3.3305321137536117        16.000000000000000        4.4097129746337771     
           2         185   3.3824365201999900        16.000000000000000        4.4099399285076410     
           2         186   3.3847919949168244        16.000000000000000        4.4097189191470232     
           2         187   3.3201724114731594        16.000000000000000        4.4097129746337771     
           2         188   3.5655905917831872        16.000000000000000        4.4103293449906591     
           2         189   3.3305111554787037        16.000000000000000        4.4098455779625709     
           2         190   3.3229341159182981        16.000000000000000        4.4097129746337771     
           2         191   3.3302862864711207        16.000000000000000        4.4097129746337771     
           2         192   3.3770074138770552        16.000000000000000        4.4097631195034159     
           2         193   3.3756702266520580        16.000000000000000        4.4101609568162567     
           2         194   4.4225120100568915        16.000000000000000        4.4111620907959761     
           2         195   10.366199116424475        16.000000000000000        6.4533023613036304     
           2         196   3.3512490312154481        16.000000000000000        4.4097129746337771     
           2         197   3.5234152187878598        16.000000000000000        4.4096884089439330     
           2         198   3.2838678932274910        16.000000000000000        4.4083419263445327     
           2         199   3.3160415357702164        16.000000000000000        4.4097129746337771     
           2         200   3.3361170441528674        16.000000000000000        4.4097129746337771     
           2         201   8.1234869049165805        16.000000000000000        4.7363942656663633     
           2         202   3.3367914468478737        16.000000000000000        4.4097129746337771     
           2         203   3.3489124778643191        16.000000000000000        4.4098455779625709     
           2         204   3.3149145527481929        16.000000000000000        4.4097129746337771     
           2         205   3.3266679934189556        16.000000000000000        4.4097129746337771     
           2         206   3.3081948632410785        16.000000000000000        4.4099873158477711     
           2         207   3.3110285673858053        16.000000000000000        4.4090365598871646     
           2         208   3.3153483880329024        16.000000000000000        4.4092265462748790     
           2         209   3.3733638134158208        16.000000000000000        4.4097129746337771     
           2         210   3.3279989148142302        16.000000000000000        4.4099339839711860     
           2         211   3.3377492962641804        16.000000000000000        4.4100444957452982     
           2         212   3.5297162201917698        16.000000000000000        4.4094010156290944     
           2         213   10.421752644267391        16.000000000000000        6.4533023613036304     
           2         214   3.3012005030153730        16.000000000000000        4.4090365598871646     
           2         215   3.3168806567204014        16.000000000000000        4.4097129746337771     
           2         216   3.3254920709406881        16.000000000000000        4.4097129746337771     
           2         217   10.457890987114611        16.000000000000000        6.4551185486868716     
           2         218   3.3293048799992238        16.000000000000000        4.4097129746337771     
           2         219   142.03009892581798        16.000000000000000        124.93748564940125     
           2         220   3.3202626779880622        16.000000000000000        4.4101550122565758     
           2         221   334.20153624932635        16.000000000000000        315.85007270552410     
           2         222   3.3189340563412224        16.000000000000000        4.4099339839711860     
           2         223   3.2831927036165842        16.000000000000000        4.4083861501444632     
           2         224   362.27807190046269        16.000000000000000        351.63320635952994     
           2         225   4.6281349434041203        16.000000000000000        4.4130198771583560     
           2         226   558.15861313643109        16.000000000000000        530.48447182826249     
           2         227   4.5142151960249315        16.000000000000000        4.4132185764048257     
           2         228   10.252215281656541        16.000000000000000        6.4512893916160801     
           2         229   10.382996561191147        16.000000000000000        6.4522522039281931     
           2         230   388.98429763049182        16.000000000000000        348.84757715257683     
           2         231   3.3373319180408125        16.000000000000000        4.4097129746337771     
           2         232   3.3214804475107940        16.000000000000000        4.4100444957452982     
           2         233   3.3742972664963831        16.000000000000000        4.4116174292719368     
           2         234   3.3162438014978739        16.000000000000000        4.4099339839711860     
           2         235   3.3720774045288593        16.000000000000000        4.4115059045348044     
           2         236   3.3208467371319599        16.000000000000000        4.4097571749855140     
           2         237   10.432777091981446        16.000000000000000        6.4536243372891695     
           2         238   3.4007658558062959        16.000000000000000        4.4113965642232884     
           2         239   3.3497337292589688        16.000000000000000        4.4100444957452982     
           2         240   3.3243173508788613        16.000000000000000        4.4090365598871646     
           2         241   10.319697057608041        16.000000000000000        6.4533023613036304     
           2         242   3.3461587065167326        16.000000000000000        4.4097129746337771     
           2         243   3.6682342140004152        16.000000000000000        4.4088996168064947     
           2         244   3.3333182678653488        16.000000000000000        4.4097129746337771     
           2         245   725.99670964009090        16.000000000000000        685.25315827060501     
           2         246   13.743698036694678        16.000000000000000        6.4540760650960856     
           2         247   3.3331268063622432        16.000000000000000        4.4098455779625709     
           2         248   8.1621089373071491        16.000000000000000        4.7372523906277690     
           2         249   3.3512267870612815        16.000000000000000        4.4105557077037671     
           2         250   3.3107280463898272        16.000000000000000        4.4089923472043022     
           2         251   3.3455584962151321        16.000000000000000        4.4109534218656865     
           2         252   779.53080216837520        16.000000000000000        727.43293826990794     
           2         253   3.3465825085372285        16.000000000000000        4.4097129746337771     
           2         254   3.3604372285877244        16.000000000000000        4.4097129746337771     
           2         255   3.3345505014073042        16.000000000000000        4.4100444957452982     
           2         256   3.4311223977133625        16.000000000000000        4.4123776338046872     
           2         257   3.3180849000221251        16.000000000000000        4.4101550122565758     
           2         258   3.3230204245993367        16.000000000000000        4.4098455779625709     
           2         259   3.6917765893358641        16.000000000000000        4.4094010156290944     
           2         260   10.423983908162366        16.000000000000000        6.4533023613036304     
           2         261   3.3305693275749855        16.000000000000000        4.4097129746337771     
           2         262   3.4473900476385451        16.000000000000000        4.4097631195034159     
           2         263   14.928429985772905        16.000000000000000        9.1702262049850205     
           2         264   3.3721687537895781        16.000000000000000        4.4097129746337771     
           2         265   27.495214464224418        16.000000000000000        25.019087340536817     
           2         266   3.3099804036853477        16.000000000000000        4.4094345081290811     
           2         267   3.3871670889663990        16.000000000000000        4.4114407357162175     
           2         268   3.3769832190672253        16.000000000000000        4.4105557077037671     
           2         269   10.478304022660391        16.000000000000000        6.4558385094751118     
           2         270   3.4045701588578643        16.000000000000000        4.4105115210320864     
           2         271   3.3854804174164750        16.000000000000000        4.4113953985219876     
           2         272   3.3561858557567859        16.000000000000000        4.4097189191470232     
           2         273   3.3165898706743815        16.000000000000000        4.4098455779625709     
           2         274   8.1153021269661885        16.000000000000000        4.7363468255036389     
           2         275   3.3232303110661197        16.000000000000000        4.4097129746337771     
           2         276   3.3022858988364683        16.000000000000000        4.4093239607943291     
           2         277   3.6595977327598659        16.000000000000000        4.4101083432737624     
           2         278   3.3547328074282894        16.000000000000000        4.4097129746337771     
           2         279   3.3904783081687553        16.000000000000000        4.4097189191470232     
           2         280   3.3234690975710897        16.000000000000000        4.4097129746337771     
           2         281   3.3192014500523093        16.000000000000000        4.4097129746337771     
           2         282   3.3549462645561277        16.000000000000000        4.4106440833215492     
           2         283   14.366227489798767        16.000000000000000        6.4566480690535961     
           2         284   3.3461518091674893        16.000000000000000        4.4108429395494104     
           2         285   3.2986124369300436        16.000000000000000        4.4091249875259573     
           2         286   3.3549552118983681        16.000000000000000        4.4106440833215492     
           2         287   3.3370960649880610        16.000000000000000        4.4097129746337771     
           2         288   3.3322497221479450        16.000000000000000        4.4097129746337771     
           2         289   3.3187005712507776        16.000000000000000        4.4097129746337771     
           2         290   3.4006327423164784        16.000000000000000        4.4106440833215492     
           2         291   3.3053524122924651        16.000000000000000        4.4083861501444632     
           2         292   3.4206193236163664        16.000000000000000        4.4123776338046872     
           2         293   3.6015708245739475        16.000000000000000        4.4096884089439330     
           2         294   3.3149032700451295        16.000000000000000        4.4097129746337771     
           2         295   3.3301333049087960        16.000000000000000        4.4097129746337771     
           2         296   3.3314051781011069        16.000000000000000        4.4090365598871646     
           2         297   3.3273712892703537        16.000000000000000        4.4097129746337771     
           2         298   3.3178993333648710        16.000000000000000        4.4097129746337771     
           2         299   3.3217475246928840        16.000000000000000        4.4098455779625709     
           2         300   3.3183081974049173        16.000000000000000        4.4101550122565758     
           2         301   3.3774225629355148        16.000000000000000        4.4107324619718167     
           2         302   3.3145362611848221        16.000000000000000        4.4098767448307639     
           2         303   8.2399510614761713        16.000000000000000        4.7363532137382558     
           2         304   3.3791677565883780        16.000000000000000        4.4097189191470232     
           2         305   3.4966144624067557        16.000000000000000        4.4101083432737624     
           2         306   3.3660011969827393        16.000000000000000        4.4098767448307639     
           2         307   3.4030339701767702        16.000000000000000        4.4093293152103890     
           2         308   3.4606839400523706        16.000000000000000        4.4105623112527068     
           2         309   3.2964120407430890        16.000000000000000        4.4083419263445327     
           2         310   3.3255294774503938        16.000000000000000        4.4098767448307639     
           2         311   3.3228309345252618        16.000000000000000        4.4099339839711860     
           2         312   3.3004509858088209        16.000000000000000        4.4090365598871646     
           2         313   3.3175786281719359        16.000000000000000        4.4097129746337771     
           2         314   3.3333506424726917        16.000000000000000        4.4097129746337771     
           2         315   3.3609811691438392        16.000000000000000        4.4098455779625709     
           2         316   3.3566115291893288        16.000000000000000        4.4097571749855140     
           2         317   3.3708285086139367        16.000000000000000        4.4113965642232884     
           2         318   3.3547400683352766        16.000000000000000        4.4108429395494104     
           2         319   3.3622476678023197        16.000000000000000        4.4097129746337771     
           2         320   3.3319012957979486        16.000000000000000        4.4097129746337771     
           2         321   10.251338324946568        16.000000000000000        6.4527274519783155     
           2         322   3.3703669085250469        16.000000000000000        4.4118383132813728     
           2         323   12.248413221727114        16.000000000000000        6.4532559803569560     
           2         324   3.3873852876331196        16.000000000000000        4.4097631195034159     
           2         325   3.3821088766849940        16.000000000000000        4.4097631195034159     
           2         326   3.3445657444770895        16.000000000000000        4.4097129746337771     
           2         327   3.3057751366112833        16.000000000000000        4.4089923472043022     
           2         328   3.3069230517426615        16.000000000000000        4.4090365598871646     
           2         329   3.3381364527601880        16.000000000000000        4.4097571749855140     
           2         330   3.3965833926610554        16.000000000000000        4.4108495431355017     
           2         331   3.3327552758059662        16.000000000000000        4.4097129746337771     
           2         332   8.0293978765392335        16.000000000000000        4.7352294667426715     
           2         333   10.446938984804689        16.000000000000000        6.4534955436084731     
           2         334   3.3165737565138467        16.000000000000000        4.4097129746337771     
           2         335   3.3156945493034069        16.000000000000000        4.4089923472043022     
           2         336   11.779026675403298        16.000000000000000        6.4538828895077813     
           2         337   3.3350795613387776        16.000000000000000        4.4097129746337771     
           2         338   10.677176023348419        16.000000000000000        6.4561067001948764     
           2         339   3.2941524373892119        16.000000000000000        4.4089923472043022     
           2         340   3.6652685782125651        16.000000000000000        4.4095778692619936     
           2         341   3.2938234502204802        16.000000000000000        4.4091249875259573     
           2         342   3.3164314971960769        16.000000000000000        4.4097129746337771     
           2         343   11.674792089221770        16.000000000000000        6.4551699874998629     
           2         344   3.3888508738768675        16.000000000000000        4.4118383132813728     
           2         345   3.3277961465011332        16.000000000000000        4.4097129746337771     
           2         346   3.3516148893260462        16.000000000000000        4.4105557077037671     
           2         347   3.3172409016555964        16.000000000000000        4.4100444957452982     
           2         348   3.3395585121105142        16.000000000000000        4.4098455779625709     
           2         349   3.2778028245032593        16.000000000000000        4.4084746000167057     
           2         350   3.3472440648073434        16.000000000000000        4.4105115210320864     
           2         351   3.3102068153453534        16.000000000000000        4.4093239607943291     
           2         352   3.3513943726642794        16.000000000000000        4.4097129746337771     
           2         353   10.427882350239621        16.000000000000000        6.4533023613036304     
           2         354   3.3266279803632184        16.000000000000000        4.4097129746337771     
           2         355   3.3565545106734027        16.000000000000000        4.4105557077037671     
           2         356   10.433477107070299        16.000000000000000        6.4533023613036304     
           2         357   10.274872216356998        16.000000000000000        6.4533023613036304     
           2         358   3.3064541153657823        16.000000000000000        4.4092134181953782     
           2         359   3.2817141967470400        16.000000000000000        4.4083419263445327     
           2         360   3.3786748941912754        16.000000000000000        4.4123906062687803     
           2         361   3.4220814826811989        16.000000000000000        4.4125984146353066     
           2         362   3.3304638503069586        16.000000000000000        4.4098455779625709     
           2         363   3.3479260002827167        16.000000000000000        4.4105557077037671     
           2         364   3.2790367735567596        16.000000000000000        4.4083419263445327     
           2         365   8.1750471116081851        16.000000000000000        4.7363532137382558     
           2         366   3.3419492222664933        16.000000000000000        4.4105115210320864     
           2         367   10.474056376649127        16.000000000000000        6.4533110897610895     
           2         368   3.3440414979656441        16.000000000000000        4.4097129746337771     
           2         369   3.3874369785259297        16.000000000000000        4.4091303419253318     
           2         370   3.3538831170749548        16.000000000000000        4.4085678787133080     
           2         371   3.3788291951156899        16.000000000000000        4.4108429395494104     
           2         372   10.317948436849735        16.000000000000000        6.4523087530733063     
           2         373   3.3308724008592971        16.000000000000000        4.4097129746337771     
           2         374   3.3280769446458147        16.000000000000000        4.4097129746337771     
           2         375   3.3801195142940990        16.000000000000000        4.4115290809773162     
           2         376   3.3719602291278492        16.000000000000000        4.4097631195034159     
           2         377   3.4691906435238522        16.000000000000000        4.4127169747223398     
           2         378   3.3405771511878029        16.000000000000000        4.4106440833215492     
           2         379   3.3793356474599694        16.000000000000000        4.4117278689064952     
           2         380   3.4294635258165513        16.000000000000000        4.4099399285076410     
           2         381   3.4414231355322640        16.000000000000000        4.4100504402933769     
           2         382   3.3963523501697308        16.000000000000000        4.4093293152103890     
           2         383   3.5485036810704345        16.000000000000000        4.4103293449906591     
           2         384   3.6479661584050533        16.000000000000000        4.4111030003564036     
           2         385   6.9347810261008487        16.000000000000000        2.7282749758688700     
           2         386   10.399424016432915        16.000000000000000        6.4533023613036304     
           2         387   3.3390142790894646        16.000000000000000        4.4100444957452982     
           2         388   3.5439021564057440        16.000000000000000        4.4109853442141214     
           2         389   8.0494431115223026        16.000000000000000        4.7363468255036389     
           2         390   3.4132376214409548        16.000000000000000        4.4123776338046872     
           2         391   3.3691810233481574        16.000000000000000        4.4105557077037671     
           2         392   12.115577958910899        16.000000000000000        6.4517596857569313     
           2         393   3.3287769185538738        16.000000000000000        4.4097129746337771     
           2         394   3.3152740098264455        16.000000000000000        4.4097129746337771     
           2         395   9.6815413934986161        16.000000000000000        4.7359860615292497     
           2         396   3.6779708945267822        16.000000000000000        4.4101083432737624     
           2         397   3.3538852798480860        16.000000000000000        4.4107324619718167     
           2         398   10.435610907720186        16.000000000000000        6.4546678921974578     
           2         399   3.3205700657537776        16.000000000000000        4.4091249875259573     
           2         400   3.3364270612852516        16.000000000000000        4.4097129746337771     
           2         401   3.3261143928142132        16.000000000000000        4.4097129746337771     
           2         402   3.3678613010652692        16.000000000000000        4.4105557077037671     
           2         403   3.3606059284595480        16.000000000000000        4.4089977015925390     
           2         404   11.901066996159715        16.000000000000000        6.4538828895077813     
           2         405   3.3012909566998840        16.000000000000000        4.4090365598871646     
           2         406   3.3816321471541100        16.000000000000000        4.4114407357162175     
           2         407   3.3907282450497140        16.000000000000000        4.4097631195034159     
           2         408   12.266429312512216        16.000000000000000        6.4542048543039678     
           2         409   3.3984339556630263        16.000000000000000        4.4117278689064952     
           2         410   3.3794611615313856        16.000000000000000        4.4097631195034159     
           2         411   3.3558553616821709        16.000000000000000        4.4092187726021645     
