  economy_id district_id expected_wage_bill budget belief_expected_Wage_bill
           1           1   104.36060237173649        746.02634913427732        134.42793136337127     
           1           2   96.261345475370021        730.00205520171698        134.24099167654995     
           1           3   105.61738705557720        812.13131781794505        134.42068524358771     
           1           4   100.46227808544633        879.73257045303069        134.35337415759233     
           1           5   101.84371727183388        892.08531921217389        134.38362732186488     
           1           6   95.867627691247392        719.57133198657971        134.23615578457714     
           1           7   98.841916510369202        770.51415193997877        134.31521614188415     
           1           8   988.75646717134521        847.81994000000009        678.47943885451173     
           1           9   95.624171835466584        839.62383399145313        134.22890249506881     
           1          10   96.193570444498249        892.78563188813780        134.24703695288500     
           1          11   95.939231465513160        734.54369391175521        134.24703695288500     
           1          12   254.83521589605130        750.95830325015083        144.35703107362056     
           1          13   96.966266916471497        843.51970419447957        134.27983124320986     
           1          14   100.72865543378848        824.34636712880501        134.35337415759233     
           1          15   95.668816618347080        905.20474613427723        134.28331821132147     
           1          16   97.488504152504390        722.31364423035450        134.26895194485726     
           1          17   98.468329723479684        763.09433259513492        134.34543862824842     
           1          18   102.20223626819232        784.43033082992019        134.37879541311415     
           1          19   98.382420988392994        857.64608070867075        134.34543862824842     
           1          20   99.830742827078339        858.14572420330421        134.38359069590956     
           1          21   96.753011813300461        745.22438740673249        134.26895194485726     
           1          22   102.13457856018822        736.66703763427734        134.40054130679380     
           1          23   102.85719586666271        814.09646003950354        134.37879541311415     
           1          24   105.22053390795651        829.90240306341491        134.43880177755969     
           1          25   95.658140879006154        832.19614438817291        134.22890249506881     
           1          26   99.699817590988516        686.61110849241607        134.35941655071292     
           1          27   103.74696291778625        742.39850241470356        134.68312288302877     
           1          28   97.881601105910036        707.56589125372864        134.27378700572848     
           1          29   102.45564740533102        794.29629813427755        134.38845952321157     
           1          30   474.61494031956863        818.09641973827740        306.84548151876140     
           1          31   3599.7944800962209        831.96290993549997        3249.7534551729000     
           1          32   100.39119821072056        708.97303045125409        134.34733222167802     
           1          33   97.782589598543424        727.99354100676146        134.26169990204008     
           1          34   98.212648037943055        708.61200586777238        134.34543862824842     
           1          35   105.40957793525492        783.35426596376840        134.46900514690100     
           1          36   98.486294999562304        662.21232041784663        134.31521614188415     
           1          37   97.002044943522989        703.24412809368050        134.26411717651686     
           1          38   100.77883629371028        761.50972104613186        134.38963537555784     
           1          39   101.85150810779427        753.81829965364170        134.42471036152094     
           1          40   100.43008452481810        778.37803636699721        134.33766607511120     
           1          41   96.044429579425255        667.42455816565223        134.23132018511330     
           1          42   98.252739634879788        703.15502213196885        134.34543862824842     
           1          43   97.219226047950372        742.60527513427746        134.27378700572848     
           1          44   99.813270397367134        768.84241279437288        134.34733222167802     
           1          45   100.90971083586680        746.75895744697868        134.31227338174642     
           1          46   103.01694819393866        645.66787458766566        134.37879541311415     
           1          47   4092.6708530246046        780.95737460713883        3583.4900100512477     
           1          48   97.877027645868779        724.40778827638599        134.26895194485726     
           1          49   3521.5530580156010        897.42869186070800        3405.0466845829219     
           1          50   453.76071318635417        939.51210713427736        199.60171136142591     
           1          51   95.700068345176859        653.98189103348830        134.24099167654995     
           1          52   103.08615127303842        703.96686683670464        134.35128133264200     
           1          53   95.690672304158667        690.41634456144322        134.24703695288500     
           1          54   101.89063833419657        779.79519280667307        134.39450018638277     
           1          55   106.04027074375576        850.21512775618999        134.42310054369543     
           1          56   101.89165457558046        678.80737888842157        134.63853717342604     
           1          57   98.233264949109881        685.90784485070799        134.35148449740242     
           1          58   107.01203540071845        733.41183112553949        134.42068524358771     
           1          59   102.23914536770863        747.03310732668274        134.42471036152094     
           1          60   100.21522008546849        812.36731536013212        134.35941655071292     
           1          61   4341.3881901054883        779.64743786250006        3784.0581806432665     
           1          62   97.712702927558780        726.93088522777862        134.24703695288500     
           1          63   99.837196132908005        730.22546947510250        134.35941655071292     
           1          64   104.07115812055785        793.11584613427749        134.42310054369543     
           1          65   98.036560084716143        788.31316996072519        134.31610626917376     
           1          66   300.54187718856235        686.34832117505994        195.89588248440657     
           1          67   95.653819437509327        753.24348489750423        134.24099167654995     
           1          68   96.836183615341582        748.06798881068403        134.31005928835697     
           1          69   98.397985642887548        761.88395660213541        134.28698281296283     
           1          70   104.94067391306417        825.35939906754948        134.47504719298442     
           1          71   96.945721164141361        665.91443313427726        134.27983124320986     
           1          72   98.436043522463279        718.08906407965742        134.32125972468597     
           1          73   98.568715619500665        744.35692682139415        134.32125972468597     
           1          74   104.09851580681215        764.99475699637821        134.43276247566661     
           1          75   97.282028113140441        789.21875956510655        134.24099167654995     
           1          76   95.803066676501771        714.59768782959259        134.28331821132147     
           1          77   101.92450870757474        703.13223809192584        134.38362732186488     
           1          78   102.17216478608665        771.06643513427753        134.43075376864456     
           1          79   104.71387426387260        764.19878759381390        134.42793136337127     
           1          80   338.42022438389932        815.64476544048546        198.78132065499767     
           1          81   101.73111004402389        696.05650501216780        134.42471036152094     
           1          82   100.61093303230560        734.41128037112878        134.38963537555784     
           1          83   97.355394906163909        728.82572765161990        134.28331821132147     
           1          84   106.00683825553561        783.95991864255143        134.44484153673261     
           1          85   346.81180551436216        753.00845955212401        198.72305422654534     
           1          86   106.93288704381408        678.15190902461188        134.44949444741454     
           1          87   100.77514519202359        707.02572507277375        134.38963537555784     
           1          88   298.74797902456123        754.17214925185033        195.78646113284489     
           1          89   102.16210573267382        775.81572507601049        134.43075376864456     
           1          90   105.00958288253196        809.76308433265456        134.42068524358771     
           1          91   105.84477686549857        634.22207183756154        134.43441003202139     
           1          92   99.717443510647598        716.37480891784662        134.33524972132244     
           1          93   101.80906658421158        719.80155864692961        134.38362732186488     
           1          94   98.247347340344547        765.15175447177603        134.30433884489591     
           1          95   101.58912077302021        823.26747396179405        134.32315060757375     
           1          96   237.78204999273444        662.56630913008405        144.21387064853522     
           1          97   97.132886731813102        674.66849719635388        134.31610626917376     
           1          98   98.485119957960848        705.17085622101092        134.31721067028002     
           1          99   98.411787922863667        754.71075341784672        134.31521614188415     
           1         100   96.990433165624722        781.99127403642387        134.31610626917376     
           1         101   103.83509777019724        685.86941870384078        134.42471036152094     
           1         102   102.76226727638458        680.79624594590882        134.39237274361471     
           1         103   101.85998464234842        708.43069755601766        134.42471036152094     
           1         104   104.04887846373566        727.15202768721861        134.43880177755969     
           1         105   95.711950852774848        790.15410177513832        134.25308268632796     
           1         106   97.289000847179963        698.21857413427722        134.26169990204008     
           1         107   119.81902338260174        739.74089801343735        134.76435771790969     
           1         108   96.894289361779599        717.04908735891092        134.25951161048440     
           1         109   101.91135255432901        765.94808997378300        134.40054130679380     
           1         110   103.88842259485637        745.06469713643185        134.37637956845799     
           1         111   96.093321454068388        672.66705654672489        134.25308268632796     
           1         112   104.11701164684253        730.56216471392872        134.42310054369543     
           1         113   101.90432914791711        752.57325513427747        134.38362732186488     
           1         114   241.89336157281326        748.14114783220805        144.21127741218970     
           1         115   98.683081398358553        795.23876653916818        134.28093861304902     
           1         116   109.27521040465064        656.75228555633362        134.88380843175099     
           1         117   372.99237415881117        756.34916685448525        181.92777079180891     
           1         118   374.42002007110250        808.05841714251619        196.65137925417721     
           1         119   503.33516042544335        858.02244273141605        200.07866806318526     
           1         120   101.68845095897785        791.78420813427749        134.42471036152094     
           1         121   112.34054230801722        696.25576214205114        134.83670067312403     
           1         122   102.74755692248998        696.50793644934720        134.37879541311415     
           1         123   101.97593797268738        749.81535045767828        134.37637956845799     
           1         124   98.580847310031047        820.41058303739237        134.30433884489591     
           1         125   102.28495408677682        823.53825419950169        134.36215641325546     
           1         126   106.98420130424410        668.70988234657671        134.43137805149075     
           1         127   645.10829905513742        805.58441641784657        589.64605502608902     
           1         128   100.18732008718406        727.11268698078709        134.38359069590956     
           1         129   97.264895834551993        781.55605462731432        134.28587593783240     
           1         130   99.926802104887585        830.64044766562245        134.33524972132244     
           1         131   101.89126702348281        678.45860221286136        134.40054130679380     
           1         132   961.13663786562927        798.75571332984657        550.54819005271042     
           1         133   12006.157894247974        896.22677312799988        10671.775303353392     
           1         134   104.03025344747235        765.07901913427736        134.42793136337127     
           1         135   101.98718247603239        836.65971203352353        134.40054130679380     
           1         136   5198.9382253392287        802.98995001196931        4098.5190665261143     
           1         137   97.082829549874148        709.42348125254341        134.26169990204008     
           1         138   95.635371477494857        740.19905006127112        134.27727019183976     
           1         139   105.09654750841112        819.74743413840599        134.46900514690100     
           1         140   233.05822857706505        797.29683029911291        144.18991555010393     
           1         141   6311.9424486616062        767.54043899999988        4686.7754483332837     
           1         142   19496.520292124915        810.85646454863854        18457.249094837429     
           1         143   105.75949186834085        751.78048538641667        134.42310054369543     
           1         144   97.012556867125198        770.58198407694113        134.26895194485726     
           1         145   97.280087573469061        824.48145708165941        134.31005928835697     
           1         146   122.65928931735489        686.60584100215613        134.80060340064509     
           1         147   96.789441656416983        742.37711021466123        134.27378700572848     
           1         148   113.41500240909500        707.60722141784686        134.77039750039202     
           1         149   120.31499893706477        794.29375543646393        134.96696869632535     
           1         150   10623.342374905224        972.57894055500014        8661.3537453722838     
           1         151   15277.251014716921        740.21102402827728        13780.431950025644     
           1         152   99.751371031030331        728.34961026271537        134.33524972132244     
           1         153   97.233693316174453        743.43560291536005        134.26169990204008     
           1         154   106.42589024454621        738.75472829203409        134.62645153135330     
           1         155   104.83787200260372        793.40482713427741        134.42310054369543     
           1         156   99.286023687665889        689.51266465377967        134.30433884489591     
           1         157   100.36697949398528        721.46954705388043        134.33524972132244     
           1         158   310.24400539564090        773.79841998704580        195.95963203970402     
           1         159   103.28966928180989        776.98553579631323        134.62645153135330     
           1         160   105.22688126600517        798.24291748991095        134.43880177755969     
           1         161   325.33971708807070        671.09948209169431        196.08465165583254     
           1         162   329.14288109841124        726.95555813427734        196.06010734035343     
           1         163   98.129843833818356        770.31871795293659        134.30917301626013     
           1         164   96.788134955735245        805.48630377175721        134.26895194485726     
           1         165   105.49912694961552        780.11629869771286        134.66875940451860     
           1         166   99.984361167255074        672.96415914353588        134.35941655071292     
           1         167   97.367939456036751        676.31048921081333        134.27983124320986     
           1         168   100.47701569052568        757.91438213693027        134.38963537555784     
           1         169   104.91680340092975        825.94205785070824        134.44484153673261     
           1         170   234.89874843751429        848.36732256432902        144.17087000750979     
           1         171   114.47832866026319        658.69031066092862        134.96092928552923     
           1         172   105.29757030784441        709.46869487790616        134.66271402945085     
           1         173   100.93923699976996        716.93002326736189        134.34249900210978     
           1         174   103.44443860202952        788.02516737629890        134.61678435462983     
           1         175   326.77364824736816        889.94930532541673        196.11972391600847     
           1         176   4451.2297837733440        903.36799156713857        4337.0676614100184     
           1         177   117.69014198767971        704.22059430157833        135.05050995779916     
           1         178   98.912991054638994        760.82360215759832        134.30433884489591     
           1         179   103.48035762480855        757.70394665939386        134.38362732186488     
           1         180   326.65449734001027        813.28110911937881        196.04958992752844     
           1         181   330.38771680160158        719.64430067176420        196.08465165583254     
           1         182   232.05376345451276        726.90650826472609        144.14580016309478     
           1         183   96.871106330608214        730.26835513427750        134.28587593783240     
           1         184   102.32692403283107        793.11373798656155        134.43075376864456     
           1         185   102.32245010428942        788.30868267380629        134.34644843891951     
           1         186   100.57533855868820        686.34365745600530        134.31710752148314     
           1         187   101.82966148669847        733.05997993129517        134.38362732186488     
           1         188   112.15216630444478        741.04903790572257        134.91504504927903     
           1         189   97.211280113158395        758.55048754291909        134.27378700572848     
           1         190   99.987165579638258        847.84532313427724        134.33524972132244     
           1         191   97.206872400481501        672.22405063065275        134.26169990204008     
           1         192   102.12514683791018        738.26145233201555        134.34644843891951     
           1         193   100.20279068387531        733.27972979816627        134.31710752148314     
           1         194   133.20274978624698        771.97837431167648        134.77039750039202     
           1         195   299.14731388997205        802.70386703693578        195.83911802902603     
           1         196   96.658007129366311        719.05643914253437        134.23132018511330     
           1         197   106.67624735550255        704.31075963427725        134.77643774867082     
           1         198   100.08238695177263        780.03750514923934        134.34249900210978     
           1         199   98.094528756877821        736.66003434273523        134.29708813637791     
           1         200   97.407790238759858        815.44356788784296        134.26895194485726     
           1         201   250.24333852814695        676.93521954827293        144.32239486185281     
           1         202   100.59333234389142        727.74855973078650        134.38963537555784     
           1         203   103.09134903407434        746.88861658646567        134.37637956845799     
           1         204   98.054596041660602        805.42378991784699        134.29708813637791     
           1         205   97.114110118127542        763.97716982479585        134.28587593783240     
           1         206   104.53317583535518        697.26203104083697        134.43276247566661     
           1         207   102.46424060103499        696.50211544004014        134.43075376864456     
           1         208   98.083289731855601        751.85367810060291        134.26895194485726     
           1         209   100.11605128233401        789.86806154433839        134.30433884489591     
           1         210   100.16193571145266        774.19725817859910        134.33766607511120     
           1         211   104.93838562824753        628.71030641784660        134.42310054369543     
           1         212   112.28589879723987        696.19515004031518        134.93677632033697     
           1         213   329.06840702562511        719.79666948672661        196.11972391600847     
           1         214   100.01106126159561        757.78660325622138        134.35337415759233     
           1         215   96.769467189277222        799.89822791802101        134.26411717651686     
           1         216   102.05056675414269        656.24876464893157        134.37637956845799     
           1         217   326.77376678439151        691.82897036909696        196.07588523651145     
           1         218   104.60873915558280        725.62392141784687        134.43880177755969     
           1         219   7534.4252838242601        936.18785653819998        6569.0516438758586     
           1         220   104.10479541561757        805.35344800590997        134.43880177755969     
           1         221   18745.635224715141        787.26202270199985        17519.102125547040     
           1         222   101.74608462250168        660.61311681715199        134.37879541311415     
           1         223   97.020029278982022        701.41241731334787        134.26895194485726     
           1         224   19013.249280041662        887.23725109599991        18385.404871411814     
           1         225   149.72195919230924        782.48503241784670        135.05654763204933     
           1         226   38711.986962942785        808.64531408500011        36765.376993832011     
           1         227   124.62136191042991        719.55817378524239        134.63853717342604     
           1         228   313.36743787699118        710.03066326271085        195.95963203970402     
           1         229   330.76699576993315        765.94259747877732        196.08276941805943     
           1         230   20174.588224968407        958.77848216499990        17867.686359683947     
           1         231   104.95844035120923        688.92128292867221        134.42310054369543     
           1         232   101.85512392878044        749.99650663427735        134.38845952321157     
           1         233   101.81796708863475        741.49800557901574        134.38845952321157     
           1         234   99.711039221703530        768.00460415999123        134.34733222167802     
           1         235   97.624552066607109        817.67813810403106        134.26169990204008     
           1         236   95.744539625594541        646.78222873122695        134.22890249506881     
           1         237   304.78156701283029        718.06852036803821        195.82042237082473     
           1         238   102.90577719808745        786.79462531902936        134.43075376864456     
           1         239   103.06236408003934        791.36037213427755        134.38362732186488     
           1         240   102.98821465147583        791.78206166499456        134.37879541311415     
           1         241   310.68162306850792        696.25144803564774        195.92455489239470     
           1         242   96.517435696067210        696.50324215992975        134.24099167654995     
           1         243   108.44624819530350        749.80916107635437        134.62161779445549     
           1         244   97.299862187269085        820.40402883149000        134.26169990204008     
           1         245   46147.682029727817        977.39782128000024        43283.116333925303     
           1         246   467.85484073891308        685.78196913427723        196.91824741682316     
           1         247   102.36814563397739        747.92457719521190        134.37879541311415     
           1         248   255.21855703221624        734.12141852319996        144.39591907950776     
           1         249   100.09086302604787        803.85233329683547        134.33524972132244     
           1         250   100.40702942390750        795.09173351671438        134.35337415759233     
           1         251   99.843318992408740        672.89402355294737        134.33766607511120     
           1         252   50667.826050748459        833.37757769999985        47413.804686462441     
           1         253   105.41845863922880        759.99390513427750        134.44484153673261     
           1         254   99.751830960016179        765.07673669609449        134.34543862824842     
           1         255   98.748661643164894        836.65484941973011        134.32125972468597     
           1         256   97.589806793228519        671.46140667133966        134.31610626917376     
           1         257   98.124934894434602        726.59844719808711        134.29708813637791     
           1         258   101.96273922308430        760.59512693088641        134.40054130679380     
           1         259   110.43098741138067        799.59934814985911        134.69882911252080     
           1         260   314.80573700277620        807.23648441784667        195.92806213336036     
           1         261   100.28031037622588        710.91639336753246        134.33524972132244     
           1         262   102.91212744368380        679.41502489322897        134.32315060757375     
           1         263   439.17681168961076        743.47876325427728        279.03241110721399     
           1         264   101.92340766462866        757.69624831856015        134.34249900210978     
           1         265   1390.0391650405209        750.43928018784663        1263.9672180405476     
           1         266   96.061028426590156        679.19909155147695        134.22890249506881     
           1         267   98.656664599377180        698.80628791784670        134.29708813637791     
           1         268   101.10748273288358        681.74115131283929        134.38359069590956     
           1         269   297.43729900560658        754.32805384973506        195.84789648173961     
           1         270   106.98888057805580        777.38347041983025        134.43276247566661     
           1         271   103.35153504338845        672.28533332980055        134.37637956845799     
           1         272   96.826067260352659        730.61027034546350        134.25346591273265     
           1         273   98.163463134069403        723.36705121173463        134.35148449740242     
           1         274   237.12010725225707        749.55228191784681        144.19271038852216     
           1         275   100.01507321551637        783.79501549262716        134.35337415759233     
           1         276   97.007691999425731        673.75541602496503        134.28587593783240     
           1         277   116.14295523393926        711.22816563225149        134.91987369696335     
           1         278   96.759976968042821        739.06589174179339        134.22890249506881     
           1         279   107.74900535619179        718.03053050994845        134.44949444741454     
           1         280   100.02988901490994        757.14742909712288        134.35337415759233     
           1         281   98.269209347706877        624.73428641784665        134.35148449740242     
           1         282   104.60357895876797        695.40123060370070        134.44484153673261     
           1         283   502.16977486954596        731.19112009204002        197.15249759265106     
           1         284   95.748524835145957        805.48079638352533        134.24703695288500     
           1         285   101.83390930783230        780.10985172155983        134.38845952321157     
           1         286   102.22345141596001        672.95881347570162        134.39450018638277     
           1         287   102.56311085023002        663.05589349223271        134.38362732186488     
           1         288   100.40621015895350        749.52954141784687        134.38963537555784     
           1         289   104.07470602088725        816.82401919646873        134.42793136337127     
           1         290   104.16400978641464        804.13167669739903        134.39450018638277     
           1         291   96.582506051560898        654.34117908095732        134.23132018511330     
           1         292   96.076481602943275        702.48563506874461        134.24099167654995     
           1         293   105.43756301567498        716.92439077562813        134.61436774611317     
           1         294   98.068107008319558        780.63652653769577        134.30917301626013     
           1         295   102.25737244633329        854.01620213427736        134.38362732186488     
           1         296   103.32415298124995        694.75068384362737        134.40054130679380     
           1         297   104.50794909233069        699.50399578540100        134.44484153673261     
           1         298   99.839871299931005        760.81919774314747        134.38359069590956     
           1         299   96.970042368857534        757.69804733263516        134.31005928835697     
           1         300   101.74111881472058        813.27487627021890        134.42471036152094     
           1         301   101.09840051604920        719.61856118718526        134.38359069590956     
           1         302   104.86269294936133        716.43665463427737        134.42310054369543     
           1         303   262.45770955139307        731.10228893106319        144.38148025609581     
           1         304   104.50576477684839        793.10947892426827        134.43441003202139     
           1         305   101.00098390449664        788.30426734682464        134.61678435462983     
           1         306   99.195981806316524        686.33761747462859        134.28587593783240     
           1         307   99.035969450374552        712.87605725800017        134.23774923776119     
           1         308   100.45092556943860        734.01182458268090        134.27126884394733     
           1         309   97.487466960931911        758.59293813427746        134.26411717651686     
           1         310   102.99523586922295        847.84302320380880        134.38362732186488     
           1         311   98.372767877090865        672.21953417792463        134.34543862824842     
           1         312   96.943722986771917        738.25663949737020        134.26169990204008     
           1         313   99.786741369108071        733.27345608080100        134.34733222167802     
           1         314   100.39041215967417        790.96172553600002        134.33766607511120     
           1         315   103.54436150049823        825.12159464583920        134.37637956845799     
           1         316   99.539510024956783        701.81734113427729        134.29950496608262     
           1         317   101.74354069564498        699.59631004122400        134.42471036152094     
           1         318   97.199887771207557        753.51280842655251        134.31610626917376     
           1         319   103.66047897782279        728.41902543595324        134.38845952321157     
           1         320   97.278142512642148        803.25630031178594        134.27983124320986     
           1         321   310.60161737325842        675.85348492926505        195.92455489239470     
           1         322   101.68003921667460        722.21346410456931        134.42471036152094     
           1         323   378.22551485172880        675.61249770141603        196.63964895554776     
           1         324   107.56719977629871        779.51736950932752        134.43862411605426     
           1         325   100.58471127861038        743.23653853080395        134.35941872590428     
           1         326   105.35513505921065        686.23166196084424        134.47504719298442     
           1         327   102.16623797508311        690.98991013596822        134.38362732186488     
           1         328   96.020241317530676        734.19265625927346        134.24703695288500     
           1         329   102.62296130631084        792.34711609363592        134.38845952321157     
           1         330   103.91242496615807        784.24555613427754        134.39815945621680     
           1         331   96.108998799276847        646.74958959569744        134.23132018511330     
           1         332   257.30458162211426        677.14660163832127        144.40240212924041     
           1         333   310.21094815232482        725.61235358810211        195.89501711451322     
           1         334   98.134392088969562        751.67497190037705        134.31521614188415     
           1         335   102.64751347939736        806.29358170449404        134.39450018638277     
           1         336   361.01993172667346        650.98636038080349        196.55245345186745     
           1         337   97.371086926502457        680.21742891784675        134.27378700572848     
           1         338   317.43716482951152        699.39838329478380        195.97248575882062     
           1         339   101.65784539651958        760.81486892144051        134.40054130679380     
           1         340   107.27092997429241        827.78429565583542        134.62161779445549     
           1         341   103.94521309614343        706.84747922797692        134.46900514690100     
           1         342   101.67808873138287        685.49449104471796        134.39450018638277     
           1         343   384.32440905227520        734.92243649230011        196.97957642871430     
           1         344   96.117536884003442        717.75450191784682        134.25308268632796     
           1         345   98.533586295792489        790.19739463073472        134.31521614188415     
           1         346   98.479590159562065        698.21087314622503        134.32125972468597     
           1         347   95.677430393172330        720.68573891092569        134.28331821132147     
           1         348   96.295997255249034        716.61224871195748        134.22890249506881     
           1         349   99.808739225513534        764.31161481724644        134.34733222167802     
           1         350   95.804504515747979        777.08329182250270        134.24703695288500     
           1         351   104.71292306940474        691.91508213427733        134.43276247566661     
           1         352   101.14441927957172        773.43102883510130        134.35941655071292     
           1         353   300.79733592025661        766.16393765691373        195.77242329427904     
           1         354   98.481366257425833        761.01586385913652        134.30433884489591     
           1         355   100.35338645261137        825.38623969257981        134.38359069590956     
           1         356   315.04510101433908        665.89192418451046        195.92806213336036     
           1         357   322.13396413618938        718.04352092788099        196.11972391600847     
           1         358   100.19639039610256        786.84289513427757        134.33766607511120     
           1         359   104.32145731671550        791.35791964079965        134.46900514690100     
           1         360   101.90376798205979        791.77781516612231        134.38362732186488     
           1         361   98.688473242219672        696.24730239569851        134.31521614188415     
           1         362   104.64122128467551        696.49775298309942        134.44484153673261     
           1         363   98.330781641603423        749.80348177773351        134.29950496608262     
           1         364   99.919926940873907        798.07751575965813        134.38359069590956     
           1         365   242.94360510185714        803.66852013427729        144.24573828686610     
           1         366   101.68309150192843        666.66465660470931        134.37637956845799     
           1         367   311.29924599405280        747.92004641728488        195.95049642965972     
           1         368   100.83618983228423        734.11697261615404        134.33524972132244     
           1         369   101.68959295017807        803.84638487862287        134.32919415084206     
           1         370   105.59460831599824        795.08552846205555        134.44045339539701     
           1         371   97.953336984575145        678.10948560734130        134.31610626917376     
           1         372   319.86187271534118        708.96130413427738        196.01104990559861     
           1         373   104.67540626904427        786.21450318469010        134.44484153673261     
           1         374   102.21443104526125        766.32506225900261        134.42471036152094     
           1         375   95.880404794349502        846.52142020908673        134.23132018511330     
           1         376   106.67456301588703        647.85564190542209        134.45553416057294     
           1         377   104.05628328510278        719.93019814140860        134.38607958897083     
           1         378   103.96572779606318        739.33164490493198        134.47504719298442     
           1         379   97.062513601875139        792.23810913427747        134.31610626917376     
           1         380   99.037609042070230        807.23431467627756        134.28369897323770     
           1         381   110.12731936827173        710.91209401236893        134.44949444741454     
           1         382   104.03462231549960        679.41099645259226        134.39841738167328     
           1         383   114.85287815737158        761.93501490067638        135.05050995779916     
           1         384   119.08000120660716        757.69005374580297        135.00463895274075     
           1         385   243.24736246855733        678.26021043569335        83.543809381736125     
           1         386   313.75013830717097        697.60463141784669        195.92806213336036     
           1         387   100.59022553151641        712.04082091238558        134.34249900210978     
           1         388   107.27587751471941        709.09363268294078        134.87776738836791     
           1         389   238.29636197227759        762.55951905870188        144.21905735632572     
           1         390   102.10021516260741        817.14173503054451        134.43075376864456     
           1         391   96.459600596592182        688.03583619461619        134.27727019183976     
           1         392   367.23113582059523        651.47492767433619        196.33435444140454     
           1         393   104.60109783991003        744.11598885070828        134.46900514690100     
           1         394   103.90223127451762        767.20977716984078        134.42068524358771     
           1         395   296.85721773793830        745.30731853648967        144.61467292250012     
           1         396   111.40318538284379        694.74082534033755        134.80664597858237     
           1         397   97.133783201438774        736.11500611742213        134.27378700572848     
           1         398   312.19719629064406        772.59150392587685        195.99471971710503     
           1         399   105.24112826936098        748.54071173872762        134.42068524358771     
           1         400   100.56182336941346        796.95185413427737        134.38359069590956     
           1         401   98.473598042883523        646.79653764193108        134.31521614188415     
           1         402   102.80296509497164        725.81443668467523        134.42471036152094     
           1         403   104.80708534524057        790.70734813098784        134.43441003202139     
           1         404   355.00553113198896        813.70977770286549        196.44069255585319     
           1         405   95.839329212918443        792.25881687977187        134.24703695288500     
           1         406   98.486502397783099        676.63775295949995        134.30433884489591     
           1         407   102.66262339181914        686.85644763427729        134.39841738167328     
           1         408   355.69907249654841        756.00214270847960        196.34360375881906     
           1         409   100.71080758506444        853.46765327191440        134.34733222167802     
           1         410   107.03789183080912        843.89035184696502        134.45553416057294     
           1         411   100.44249374495290        671.68558473223436        134.31710752148314     
           2           1   97.577653926348816        746.02634913427732        131.42972360963344     
           2           2   105.53832039030647        730.00205520171698        131.53039232365208     
           2           3   99.850317948115418        812.13131781794505        131.42962337652554     
           2           4   103.00137058956514        879.73257045303069        131.49558429045629     
           2           5   104.77237886193124        892.08531921217389        131.54406153001668     
           2           6   104.94736290351271        719.57133198657971        131.53459798312448     
           2           7   99.325958703486947        770.51415193997877        131.41910217784945     
           2           8   607.94860673341122        847.81994000000009        358.69741304184527     
           2           9   102.26504808089409        839.62383399145313        131.50505004465919     
           2          10   97.853124739708562        892.78563188813780        131.38972691856412     
           2          11   105.06060386306878        734.54369391175521        131.54931954256438     
           2          12   234.55533906119339        750.95830325015083        140.82663743291815     
           2          13   97.465980947142569        843.51970419447957        131.39814560713691     
           2          14   96.847290032900332        824.34636712880501        131.35834746991580     
           2          15   97.280548404844083        905.20474613427723        131.40867021832710     
           2          16   105.66711535784741        722.31364423035450        131.57561481863033     
           2          17   98.952695437414988        763.09433259513492        131.43488449692029     
           2          18   97.684956870088911        784.43033082992019        131.40867021832710     
           2          19   97.520943347504613        857.64608070867075        131.43498782611505     
           2          20   98.743129989848981        858.14572420330421        131.46645851553103     
           2          21   96.108177253000605        745.22438740673249        131.35834746991580     
           2          22   100.73212071539658        736.66703763427734        131.50028062016864     
           2          23   98.197487786191559        814.09646003950354        131.42972360963344     
           2          24   105.77426417308807        829.90240306341491        131.53880386497292     
           2          25   98.686549314320686        832.19614438817291        131.41910217784945     
           2          26   100.27903193274273        686.61110849241607        131.49501849362144     
           2          27   102.44228142237051        742.39850241470356        131.41556615983851     
           2          28   97.125236281952823        707.56589125372864        131.36466237419737     
           2          29   103.05111494710164        794.29629813427755        131.53661069014632     
           2          30   477.09671936486887        818.09641973827740        268.67782830263144     
           2          31   3771.3180335039606        831.96290993549997        3320.3797299401895     
           2          32   100.96181118569027        708.97303045125409        131.49501849362144     
           2          33   98.282652165916744        727.99354100676146        131.40340773904506     
           2          34   96.175370293255128        708.61200586777238        131.37413566835133     
           2          35   103.47154925433937        783.35426596376840        131.50505004465919     
           2          36   100.65970194818890        662.21232041784663        131.45503768805702     
           2          37   104.94135876991096        703.24412809368050        131.54931954256438     
           2          38   103.30250569473762        761.50972104613186        131.49979115334489     
           2          39   100.45430609094615        753.81829965364170        131.49501849362144     
           2          40   103.00406435803076        778.37803636699721        131.51030928343906     
           2          41   102.84620208652112        667.42455816565223        131.50505004465919     
           2          42   100.37509928272380        703.15502213196885        131.45503768805702     
           2          43   96.538842967971775        742.60527513427746        131.37413566835133     
           2          44   96.170530975344278        768.84241279437288        131.36045238244228     
           2          45   108.28460698316266        746.75895744697868        131.53059587847687     
           2          46   99.757651219485666        645.66787458766566        131.46119531038681     
           2          47   4776.4514436741274        780.95737460713883        4117.8123437080867     
           2          48   98.359741843056597        724.40778827638599        131.39393615170377     
           2          49   4079.6051446071547        897.42869186070800        3934.0758003192909     
           2          50   480.26580506276264        939.51210713427736        179.22720307173827     
           2          51   104.73080281814654        653.98189103348830        131.57561481863033     
           2          52   105.87238747319252        703.96686683670464        131.50523528138831     
           2          53   96.168943800293960        690.41634456144322        131.36045238244228     
           2          54   100.49013163359321        779.79519280667307        131.47397346266692     
           2          55   101.98074396351110        850.21512775618999        131.50028062016864     
           2          56   102.27293055800837        678.80737888842157        131.42083135121675     
           2          57   102.30702980629191        685.90784485070799        131.48927441303044     
           2          58   100.81886423432965        733.41183112553949        131.44014596472257     
           2          59   105.17878202887238        747.03310732668274        131.57035506823456     
           2          60   105.12085781957104        812.36731536013212        131.53880386497292     
           2          61   5298.6944889903916        779.64743786250006        4925.5241262614327     
           2          62   101.11408577040156        726.93088522777862        131.46645851553103     
           2          63   104.66325612625525        730.22546947510250        131.53039232365208     
           2          64   102.33727640679251        793.11584613427749        131.49558429045629     
           2          65   97.204561654033739        788.31316996072519        131.36466237419737     
           2          66   298.35330555897173        686.34832117505994        176.66849966890041     
           2          67   104.65214919859490        753.24348489750423        131.57035506823456     
           2          68   104.60396157821580        748.06798881068403        131.52828957730404     
           2          69   98.846296350466716        761.88395660213541        131.38986478825859     
           2          70   101.01855538085312        825.35939906754948        131.46871307362542     
           2          71   100.53369201632887        665.91443313427726        131.49501849362144     
           2          72   102.59839974152530        718.08906407965742        131.49979115334489     
           2          73   105.14852668280994        744.35692682139415        131.54406153001668     
           2          74   97.368570945792243        764.99475699637821        131.40340773904506     
           2          75   102.34047426910290        789.21875956510655        131.45293399101996     
           2          76   97.422176619656383        714.59768782959259        131.40867021832710     
           2          77   98.849001105901536        703.13223809192584        131.42541473032139     
           2          78   102.67642665946568        771.06643513427753        131.49558429045629     
           2          79   105.29268906763015        764.19878759381390        131.53459798312448     
           2          80   339.60799961034377        815.64476544048546        178.91198821124172     
           2          81   97.341351315977775        696.05650501216780        131.43498782611505     
           2          82   97.932277583573850        734.41128037112878        131.38972691856412     
           2          83   100.55758404385064        728.82572765161990        131.42120630643041     
           2          84   100.10491856640409        783.95991864255143        131.42120630643041     
           2          85   370.34083984731325        753.00845955212401        179.01867769846365     
           2          86   99.264740014234732        678.15190902461188        131.42986147401768     
           2          87   98.067993930874565        707.02572507277375        131.40340773904506     
           2          88   327.82260072404301        754.17214925185033        176.91735658244312     
           2          89   98.994526651138287        775.81572507601049        131.42120630643041     
           2          90   105.58448605899312        809.76308433265456        131.53459798312448     
           2          91   106.26393380577065        634.22207183756154        131.49576952863086     
           2          92   97.269363616000675        716.37480891784662        131.39814560713691     
           2          93   98.779182092975589        719.80155864692961        131.44014596472257     
           2          94   102.41384200458255        765.15175447177603        131.51030928343906     
           2          95   99.025825935305434        823.26747396179405        131.40584576750896     
           2          96   247.84138811118839        662.56630913008405        140.95690745271301     
           2          97   96.461864264359519        674.66849719635388        131.40572144413525     
           2          98   104.37463484890921        705.17085622101092        131.49156288873550     
           2          99   100.60505214429516        754.71075341784672        131.47397346266692     
           2         100   102.47897185111441        781.99127403642387        131.50505004465919     
           2         101   97.516116344507168        685.86941870384078        131.36887258822560     
           2         102   99.698249215810719        680.79624594590882        131.40354560692271     
           2         103   98.776539715002500        708.43069755601766        131.43488449692029     
           2         104   96.186308030223984        727.15202768721861        131.37939909582303     
           2         105   102.38804427469192        790.15410177513832        131.53661069014632     
           2         106   102.92373855980550        698.21857413427722        131.49137764991869     
           2         107   114.45534897608454        739.74089801343735        131.42083135121675     
           2         108   101.86672189362777        717.04908735891092        131.46362127496465     
           2         109   100.53663795752811        765.94808997378300        131.50028062016864     
           2         110   102.25285677537462        745.06469713643185        131.46871307362542     
           2         111   99.175861963123381        672.66705654672489        131.43488449692029     
           2         112   97.385754910077551        730.56216471392872        131.40340773904506     
           2         113   97.497306375587783        752.57325513427747        131.43498782611505     
           2         114   252.63715376737389        748.14114783220805        140.95240156217187     
           2         115   99.138746975556543        795.23876653916818        131.39407402083870     
           2         116   109.53439283540342        656.75228555633362        131.51471610670060     
           2         117   323.13950172512000        756.34916685448525        163.12903769043072     
           2         118   373.00760731725586        808.05841714251619        176.82822764267908     
           2         119   415.65124955680375        858.02244273141605        179.09658273414024     
           2         120   102.23126772198931        791.78420813427749        131.50505004465919     
           2         121   107.10632167821998        696.25576214205114        131.45151966599204     
           2         122   105.77268935193719        696.50793644934720        131.57035506823456     
           2         123   100.55805408856980        749.81535045767828        131.45503768805702     
           2         124   102.77997446304693        820.41058303739237        131.49137764991869     
           2         125   102.73838574424703        823.53825419950169        131.45310223549663     
           2         126   104.88233628561301        668.70988234657671        131.51049451936521     
           2         127   521.06631769243575        805.58441641784657        372.82039720311070     
           2         128   102.67295317626680        727.11268698078709        131.49558429045629     
           2         129   97.746781768027134        781.55605462731432        131.39814560713691     
           2         130   96.282593431857109        830.64044766562245        131.37413566835133     
           2         131   97.414326861318500        678.45860221286136        131.38762238534881     
           2         132   963.48131948515424        798.75571332984657        449.15249801182028     
           2         133   11382.590699089786        896.22677312799988        9967.2309739090269     
           2         134   97.327461346575902        765.07901913427736        131.40340773904506     
           2         135   98.883313968724465        836.65971203352353        131.42541473032139     
           2         136   4938.6242816470676        802.98995001196931        3811.9610659532473     
           2         137   97.599003073962592        709.42348125254341        131.39814560713691     
           2         138   96.106579842518698        740.19905006127112        131.37939909582303     
           2         139   101.19073622404824        819.74743413840599        131.49501849362144     
           2         140   237.04489970577688        797.29683029911291        140.85803252932277     
           2         141   6310.7283578505749        767.54043899999988        4833.5360133751128     
           2         142   17034.153238882889        810.85646454863854        15835.352141557501     
           2         143   101.71723128890842        751.78048538641667        131.47397346266692     
           2         144   97.565005775633935        770.58198407694113        131.42972360963344     
           2         145   100.83573613287180        824.48145708165941        131.45924524887261     
           2         146   122.52034855069130        686.60584100215613        131.48451728647970     
           2         147   97.295648217775067        742.37711021466123        131.39393615170377     
           2         148   110.93703990339310        707.60722141784686        131.41993938154670     
           2         149   111.10439611080459        794.29375543646393        131.41993938154670     
           2         150   11164.495326665054        972.57894055500014        9160.9009815609024     
           2         151   16068.296753179120        740.21102402827728        14338.553865415017     
           2         152   96.195459834269784        728.34961026271537        131.40572144413525     
           2         153   102.86579683394724        743.43560291536005        131.49979115334489     
           2         154   116.93994692217524        738.75472829203409        131.52650561777497     
           2         155   96.670073469894206        793.40482713427741        131.37413566835133     
           2         156   103.65802942292618        689.51266465377967        131.53134971369371     
           2         157   99.203707346639931        721.46954705388043        131.42120630643041     
           2         158   302.32941212372657        773.79841998704580        176.69951039432738     
           2         159   109.84807659048421        776.98553579631323        131.47263121474091     
           2         160   101.25119991499560        798.24291748991095        131.45293399101996     
           2         161   308.07985965948802        671.09948209169431        176.80541255497437     
           2         162   310.60382403725453        726.95555813427734        176.75605410610930     
           2         163   96.142086842334919        770.31871795293659        131.37413566835133     
           2         164   104.60432086428743        805.48630377175721        131.52828957730404     
           2         165   115.62771304508402        780.11629869771286        131.55280558375017     
           2         166   96.341680637402348        672.96415914353588        131.40045627960475     
           2         167   96.652652642399147        676.31048921081333        131.36466237419737     
           2         168   100.99819254252401        757.91438213693027        131.49501849362144     
           2         169   103.10449915330669        825.94205785070824        131.53661069014632     
           2         170   242.68887024968885        848.36732256432902        140.88181231274876     
           2         171   118.19305817828510        658.69031066092862        131.56214480794753     
           2         172   105.50908182311224        709.46869487790616        131.37977208254455     
           2         173   101.45220961696050        716.93002326736189        131.45924524887261     
           2         174   116.39826041925789        788.02516737629890        131.56740254152115     
           2         175   328.45797518872700        889.94930532541673        176.94554370230622     
           2         176   4962.8874754779135        903.36799156713857        4821.6827766982478     
           2         177   106.05741394038044        704.22059430157833        131.41993938154670     
           2         178   99.412304806678776        760.82360215759832        131.42541473032139     
           2         179   106.51942412969315        757.70394665939386        131.54931954256438     
           2         180   308.90288617691834        813.28110911937881        176.75041458394637     
           2         181   317.20334419695433        719.64430067176420        176.84396500368246     
           2         182   233.22124270157428        726.90650826472609        140.80972608475719     
           2         183   102.37793478761262        730.26835513427750        131.51030928343906     
           2         184   102.83350299452150        793.11373798656155        131.49979115334489     
           2         185   107.71283798551175        788.30868267380629        131.57055861666811     
           2         186   105.14969137739600        686.34365745600530        131.49576952863086     
           2         187   97.385133888611790        733.05997993129517        131.38972691856412     
           2         188   105.11022985665460        741.04903790572257        131.44625541550505     
           2         189   102.81302927402160        758.55048754291909        131.49558429045629     
           2         190   98.864068220217590        847.84532313427724        131.41910217784945     
           2         191   102.84151877741751        672.22405063065275        131.50505004465919     
           2         192   97.882738302619472        738.26145233201555        131.35847179929101     
           2         193   100.68590904378767        733.27972979816627        131.44029844425285     
           2         194   137.19936473842378        771.97837431167648        131.48315034989437     
           2         195   328.22323073017657        802.70386703693578        176.91735658244312     
           2         196   101.60357617866400        719.05643914253437        131.46871307362542     
           2         197   104.82719120245167        704.31075963427725        131.41993938154670     
           2         198   96.370639222936759        780.03750514923934        131.35834746991580     
           2         199   102.22530519276883        736.66003434273523        131.49558429045629     
           2         200   103.13125502347087        815.44356788784296        131.53661069014632     
           2         201   257.51056719957069        676.93521954827293        140.99875062251641     
           2         202   96.770716798068150        727.74855973078650        131.40572144413525     
           2         203   101.57532111607819        746.88861658646567        131.50028062016864     
           2         204   96.098707289250370        805.42378991784699        131.37939909582303     
           2         205   97.644021354595694        763.97716982479585        131.42972360963344     
           2         206   97.687719435028214        697.26203104083697        131.43498782611505     
           2         207   97.858651862333417        696.50211544004014        131.42972360963344     
           2         208   97.354718299467521        751.85367810060291        131.40045627960475     
           2         209   100.59772099449357        789.86806154433839        131.43488449692029     
           2         210   99.030366667652899        774.19725817859910        131.42962337652554     
           2         211   99.360717058583958        628.71030641784660        131.43488449692029     
           2         212   105.01710467166883        696.19515004031518        131.40625848047569     
           2         213   310.78580380487591        719.79666948672661        176.80541255497437     
           2         214   102.53331394843180        757.78660325622138        131.50505004465919     
           2         215   104.59851720988556        799.89822791802101        131.53880386497292     
           2         216   100.67501222275598        656.24876464893157        131.49501849362144     
           2         217   314.40582048099429        691.82897036909696        176.81576506803609     
           2         218   102.78510859896116        725.62392141784687        131.49558429045629     
           2         219   7532.5152273185704        936.18785653819998        6693.8614125979666     
           2         220   98.756807446105114        805.35344800590997        131.44014596472257     
           2         221   20753.327779104020        787.26202270199985        19546.280540414773     
           2         222   96.191314237047791        660.61311681715199        131.37413566835133     
           2         223   96.348465033522444        701.41241731334787        131.36045238244228     
           2         224   21157.690405751786        887.23725109599991        20480.571010918527     
           2         225   148.69898776551838        782.48503241784670        131.55793887173303     
           2         226   35319.914283681312        808.64531408500011        33200.258329181634     
           2         227   144.31813270899281        719.55817378524239        131.56740254152115     
           2         228   329.01423261838568        710.03066326271085        176.89199450528517     
           2         229   332.30447875452950        765.94259747877732        176.89226897765391     
           2         230   24749.333407861872        958.77848216499990        22328.381711768059     
           2         231   96.731130043882899        688.92128292867221        131.36466237419737     
           2         232   104.81099800871276        749.99650663427735        131.57035506823456     
           2         233   102.38708479784280        741.49800557901574        131.49979115334489     
           2         234   102.25463740749429        768.00460415999123        131.53134971369371     
           2         235   101.35827324546894        817.67813810403106        131.50028062016864     
           2         236   102.42637415520720        646.78222873122695        131.49979115334489     
           2         237   330.94624940281972        718.06852036803821        176.88917686686585     
           2         238   103.38137015669783        786.79462531902936        131.48927441303044     
           2         239   99.770845081370652        791.36037213427755        131.43488449692029     
           2         240   98.241871195106768        791.78206166499456        131.38972691856412     
           2         241   318.73271606402562        696.25144803564774        176.90000119738528     
           2         242   105.93317372162714        696.50324215992975        131.53459798312448     
           2         243   108.75391628939175        749.80916107635437        131.38398231583076     
           2         244   97.853035381936451        820.40402883149000        131.42972360963344     
           2         245   46148.117548144335        977.39782128000024        42888.001257909258     
           2         246   397.76092852001557        685.78196913427723        176.73683709982666     
           2         247   99.208609300450419        747.92457719521190        131.42541473032139     
           2         248   245.41174124023624        734.12141852319996        140.91342601549792     
           2         249   96.404746972603746        803.85233329683547        131.37413566835133     
           2         250   97.794163369354294        795.09173351671438        131.38762238534881     
           2         251   100.41394370844758        672.89402355294737        131.47397346266692     
           2         252   45999.215383414223        833.37757769999985        42672.057227925216     
           2         253   101.47398113414650        759.99390513427750        131.50028062016864     
           2         254   100.16412929421817        765.07673669609449        131.41910217784945     
           2         255   99.251272437481205        836.65484941973011        131.43488449692029     
           2         256   105.66803605017746        671.46140667133966        131.52828957730404     
           2         257   100.32275411834851        726.59844719808711        131.47397346266692     
           2         258   102.50753293319092        760.59512693088641        131.49558429045629     
           2         259   110.75729730626244        799.59934814985911        131.40625848047569     
           2         260   330.79082993940222        807.23648441784667        176.89199450528517     
           2         261   102.84194323557983        710.91639336753246        131.50505004465919     
           2         262   103.35827663165306        679.41502489322897        131.42135878859656     
           2         263   452.68881157709961        743.47876325427728        252.36870820721512     
           2         264   107.18445143466708        757.69624831856015        131.57035506823456     
           2         265   1390.8837168467899        750.43928018784663        1353.0254816948031     
           2         266   97.761868950715680        679.19909155147695        131.40867021832710     
           2         267   102.88016229179547        698.80628791784670        131.49137764991869     
           2         268   97.120880045705718        681.74115131283929        131.37939909582303     
           2         269   318.08596932540081        754.32805384973506        176.83938984534279     
           2         270   107.43827514784620        777.38347041983025        131.53459798312448     
           2         271   101.81955614610196        672.28533332980055        131.49501849362144     
           2         272   97.292161563927351        730.61027034546350        131.37425999572611     
           2         273   98.639356673558780        723.36705121173463        131.42541473032139     
           2         274   251.29442606844722        749.55228191784681        140.99521712716609     
           2         275   100.54356235396138        783.79501549262716        131.45924524887261     
           2         276   97.505965732471836        673.75541602496503        131.40340773904506     
           2         277   116.30408744633728        711.22816563225149        131.52124666882210     
           2         278   106.33131276490808        739.06589174179339        131.54406153001668     
           2         279   99.670388640846255        718.03053050994845        131.40354560692271     
           2         280   102.59349720611756        757.14742909712288        131.53661069014632     
           2         281   104.69924550129154        624.73428641784665        131.53459798312448     
           2         282   100.76641539645910        695.40123060370070        131.45924524887261     
           2         283   496.03050575087656        731.19112009204002        176.91853513594711     
           2         284   100.44046906635950        805.48079638352533        131.46871307362542     
           2         285   100.48005743635834        780.10985172155983        131.50028062016864     
           2         286   100.76125421499445        672.95881347570162        131.45924524887261     
           2         287   97.979572936047546        663.05589349223271        131.43498782611505     
           2         288   100.87797737375973        749.52954141784687        131.45503768805702     
           2         289   98.718889614682169        816.82401919646873        131.42120630643041     
           2         290   102.42442532641296        804.13167669739903        131.45924524887261     
           2         291   97.054405688471448        654.34117908095732        131.36045238244228     
           2         292   105.25335385414591        702.48563506874461        131.52828957730404     
           2         293   107.69247871978729        716.92439077562813        131.41993938154670     
           2         294   100.23402252977611        780.63652653769577        131.46345303202168     
           2         295   105.21561518517841        854.01620213427736        131.54406153001668     
           2         296   98.472023384531738        694.75068384362737        131.38972691856412     
           2         297   96.447056265430646        699.50399578540100        131.36887258822560     
           2         298   98.688607627530033        760.81919774314747        131.41910217784945     
           2         299   102.45585947145277        757.69804733263516        131.49979115334489     
           2         300   104.60274581752513        813.27487627021890        131.53459798312448     
           2         301   106.17027513893161        719.61856118718526        131.57561481863033     
           2         302   97.901430005111635        716.43665463427737        131.42972360963344     
           2         303   246.30812640459760        731.10228893106319        140.87505069803839     
           2         304   99.299440258344916        793.10947892426827        131.40880808550625     
           2         305   109.67418238216760        788.30426734682464        131.51072981496796     
           2         306   99.636629427236770        686.33761747462859        131.42972360963344     
           2         307   107.29458614110892        712.87605725800017        131.53679592205671     
           2         308   104.72605939314708        734.01182458268090        131.45520593222716     
           2         309   96.770867801950857        758.59293813427746        131.35834746991580     
           2         310   98.270192598232470        847.84302320380880        131.42972360963344     
           2         311   104.85566932244008        672.21953417792463        131.54406153001668     
           2         312   104.84024066751914        738.25663949737020        131.53039232365208     
           2         313   96.156315496469560        733.27345608080100        131.36466237419737     
           2         314   99.247443335953577        790.96172553600002        131.44014596472257     
           2         315   100.15625792438445        825.12159464583920        131.42541473032139     
           2         316   97.278024398890850        701.81734113427729        131.35834746991580     
           2         317   96.200068658965435        699.59631004122400        131.40572144413525     
           2         318   100.74623354003658        753.51280842655251        131.46871307362542     
           2         319   100.21372780621189        728.41902543595324        131.41910217784945     
           2         320   102.90248924966195        803.25630031178594        131.50505004465919     
           2         321   302.74269729710892        675.85348492926505        176.72066255528833     
           2         322   102.22989936612647        722.21346410456931        131.51030928343906     
           2         323   363.10748889948940        675.61249770141603        176.69464353198438     
           2         324   105.32776248714435        779.51736950932752        131.49576952863086     
           2         325   102.90108412883744        743.23653853080395        131.49518673196360     
           2         326   105.85155694336213        686.23166196084424        131.52828957730404     
           2         327   97.629668697733564        690.98991013596822        131.38762238534881     
           2         328   97.671324433822960        734.19265625927346        131.38972691856412     
           2         329   103.14782949592568        792.34711609363592        131.49137764991869     
           2         330   102.25777759758749        784.24555613427754        131.46888131580189     
           2         331   105.38074478072316        646.74958959569744        131.57035506823456     
           2         332   235.87532975336939        677.14660163832127        140.82663743291815     
           2         333   311.56547141086082        725.61235358810211        176.75041458394637     
           2         334   96.182589508214946        751.67497190037705        131.40572144413525     
           2         335   105.61514830544587        806.29358170449404        131.54406153001668     
           2         336   384.47164762465900        650.98636038080349        176.87395711643117     
           2         337   96.714461080327183        680.21742891784675        131.40045627960475     
           2         338   325.78294537128630        699.39838329478380        176.86500764587277     
           2         339   100.31552956984255        760.81486892144051        131.50028062016864     
           2         340   109.48701453305593        827.78429565583542        131.41467721828872     
           2         341   102.23083987000632        706.84747922797692        131.53134971369371     
           2         342   102.23343208570837        685.49449104471796        131.48927441303044     
           2         343   384.31149016514433        734.92243649230011        176.98406511618774     
           2         344   102.93022695960170        717.75450191784682        131.51030928343906     
           2         345   96.444951819832184        790.19739463073472        131.35834746991580     
           2         346   100.66282506796863        698.21087314622503        131.46871307362542     
           2         347   98.656032199028502        720.68573891092569        131.43488449692029     
           2         348   105.62183021123410        716.61224871195748        131.53880386497292     
           2         349   96.173014414430895        764.31161481724644        131.36466237419737     
           2         350   102.47005836519284        777.08329182250270        131.49137764991869     
           2         351   96.624031502926599        691.91508213427733        131.40572144413525     
           2         352   106.26150974920088        773.43102883510130        131.57561481863033     
           2         353   316.55030035988847        766.16393765691373        176.85101614449789     
           2         354   102.68080219268487        761.01586385913652        131.50505004465919     
           2         355   100.82898160245298        825.38623969257981        131.45503768805702     
           2         356   311.17638438906562        665.89192418451046        176.80541255497437     
           2         357   310.65541762179521        718.04352092788099        176.79602951785785     
           2         358   97.649234579824963        786.84289513427757        131.39814560713691     
           2         359   96.301592827517638        791.35791964079965        131.35834746991580     
           2         360   102.52125583775403        791.77781516612231        131.53661069014632     
           2         361   105.30426162960158        696.24730239569851        131.53880386497292     
           2         362   99.117051356150242        696.49775298309942        131.42541473032139     
           2         363   100.51363722081078        749.80348177773351        131.45503768805702     
           2         364   96.215823172931749        798.07751575965813        131.35834746991580     
           2         365   248.51312378473003        803.66852013427729        140.91811334032977     
           2         366   100.29944305340013        666.66465660470931        131.45293399101996     
           2         367   318.36285797805920        747.92004641728488        176.79625637667954     
           2         368   103.47256817019115        734.11697261615404        131.53661069014632     
           2         369   102.17249746432459        803.84638487862287        131.46661099140127     
           2         370   98.680107725011368        795.08552846205555        131.37952342253081     
           2         371   101.62564166386068        678.10948560734130        131.46871307362542     
           2         372   304.95748038980821        708.96130413427738        176.70233044195129     
           2         373   105.24831069803739        786.21450318469010        131.54406153001668     
           2         374   102.73169998671047        766.32506225900261        131.49979115334489     
           2         375   102.61046533102426        846.52142020908673        131.49558429045629     
           2         376   99.031194607446153        647.85564190542209        131.39407402083870     
           2         377   107.15807614749299        719.93019814140860        131.54426508265499     
           2         378   104.56653944539435        739.33164490493198        131.57035506823456     
           2         379   104.92493322359257        792.23810913427747        131.53039232365208     
           2         380   107.17124706810586        807.23431467627756        131.49576952863086     
           2         381   110.62951113247671        710.91209401236893        131.54952309436166     
           2         382   100.70556701836733        679.41099645259226        131.40354560692271     
           2         383   102.83331004478775        761.93501490067638        131.37556207178957     
           2         384   109.80218887616229        757.69005374580297        131.48451728647970     
           2         385   219.65491472931589        678.26021043569335        80.561029892031655     
           2         386   329.54119404033810        697.60463141784669        176.88917686686585     
           2         387   99.407197643818009        712.04082091238558        131.43488449692029     
           2         388   110.24960867826920        709.09363268294078        131.55806662134299     
           2         389   236.12979113354010        762.55951905870188        140.84112423219506     
           2         390   104.97056551493837        817.14173503054451        131.52828957730404     
           2         391   96.942286556256590        688.03583619461619        131.40572144413525     
           2         392   401.87877366185796        651.47492767433619        176.83158976362765     
           2         393   105.15236967835814        744.11598885070828        131.54406153001668     
           2         394   100.26141754672238        767.20977716984078        131.47397346266692     
           2         395   353.31249694564457        745.30731853648967        141.04236237782186     
           2         396   108.79760268649970        694.74082534033755        131.45151966599204     
           2         397   105.13806348228616        736.11500611742213        131.57035506823456     
           2         398   313.64518693374328        772.59150392587685        176.79602951785785     
           2         399   98.115615515809068        748.54071173872762        131.39393615170377     
           2         400   96.704380815272913        796.95185413427737        131.36466237419737     
           2         401   99.033841823582065        646.79653764193108        131.46645851553103     
           2         402   105.72529495291815        725.81443668467523        131.52828957730404     
           2         403   99.552940852570373        790.70734813098784        131.43512568980026     
           2         404   354.63957246256138        813.70977770286549        176.74295374086807     
           2         405   104.88896097934162        792.25881687977187        131.53880386497292     
           2         406   102.67029849284468        676.63775295949995        131.49137764991869     
           2         407   107.96439398947066        686.85644763427729        131.53480153727671     
           2         408   377.05980188184014        756.00214270847960        176.78040408087628     
           2         409   103.28361257797094        853.46765327191440        131.50505004465919     
           2         410   104.94308160990987        843.89035184696502        131.53153494640745     
           2         411   99.323748877452886        671.68558473223436        131.39828347571350     
