  t_period economy_id type n c1 c2 exp age master
           2           1  exit         489   9.0862649541269085E-004   2.0129894179323111E-004   11.848670756646216        50.893660531697343       0.47852760736196320     
           2           1  entry         974  -9.8029466119097858E-007   1.2804365605749402E-005   2.4014373716632442        43.490759753593430       0.51437371663244358     
           2           2  exit         489   1.1176096798065072E-003   2.0026877684282713E-004   11.873210633946830        50.578732106339466       0.46421267893660534     
           2           2  entry         974   6.8213552361343844E-009   1.3751647433264797E-005   2.4681724845995894        43.698151950718689       0.51540041067761810     
           3           1  exit         564   2.8021280674859982E-003   9.2801708438471010E-004   11.609929078014185        51.560283687943262       0.53014184397163122     
           3           1  entry         974   1.1450167351129248E-006   1.3433815708418800E-005   2.5010266940451746        43.430184804928132       0.53182751540041073     
           3           2  exit         564   2.4310057387326701E-003   8.1498430588384607E-004   11.771276595744681        51.375886524822697       0.51063829787234039     
           3           2  entry         974   6.4304897330595498E-007   1.3696689014373633E-005   2.4322381930184807        43.738193018480494       0.51437371663244358     
           4           1  exit         618   3.3872846178144194E-003   1.1432806994875243E-003   11.488673139158577        51.555016181229774       0.50809061488673135     
           4           1  entry         974  -8.9957905544151253E-008   1.4288804312114894E-005   2.5215605749486651        43.555441478439427       0.50718685831622179     
           4           2  exit         618   3.2750849299526172E-003   1.2131474177402416E-003   12.006472491909385        51.435275080906152       0.50809061488673135     
           4           2  entry         974   9.2189117043120305E-007   1.3787087063654931E-005   2.5431211498973307        43.431211498973305       0.51540041067761810     
           5           1  exit         646   3.7312626128072558E-003   1.2161733070501382E-003   12.088235294117647        51.998452012383900       0.52941176470588236     
           5           1  entry         974   2.1691543121149828E-006   1.3708730082135409E-005   2.3583162217659139        43.702258726899387       0.49178644763860369     
           5           2  exit         646   3.6477815240075579E-003   1.1979946809053698E-003   11.891640866873065        51.108359133126932       0.53715170278637769     
           5           2  entry         974  -1.3359938398357456E-006   1.3448493942505040E-005   2.8049281314168377        43.801848049281311       0.50000000000000000     
           6           1  exit         689   3.6034053123307256E-003   1.1177795873254597E-003   12.883889695210449        52.059506531204647       0.46298984034833091     
           6           1  entry         974   6.1870123203284542E-007   1.2682255133470176E-005   2.4815195071868583        43.357289527720738       0.49794661190965095     
           6           2  exit         689   3.4162703030895395E-003   1.0761170390784296E-003   13.132075471698114        52.265602322206092       0.45428156748911463     
           6           2  entry         974  -6.9478234086244079E-007   1.3627223408624140E-005   2.5143737166324436        43.556468172484600       0.52772073921971252     
