     time_period  economy_id exp1_tc exp2_tc exp3_tc exp4_tc exp5_tc exp6_tc
   1           1  -7.7737434558231705E-004   2.8085338158874686E-002  -1.3373535161522130E-002  -6.4263863513698873E-003  -3.3107546962643591E-002  -6.3549471224809306E-002
   1           2  -7.7738510903183576E-004   2.8085381058869686E-002  -1.3374059764909416E-002  -6.4248366307605434E-003  -3.3105901570928381E-002  -6.3547667450723988E-002
   2           1  -4.8740681488089872E-004   2.2888330792993257       0.16940678738831935       -4.3751836562234735E-003  0.31158447975335640      -0.21093663300296284     
   2           2  -8.1755800063287875E-004   2.2305495173048340       0.17445828949540451       -3.9524252148664110E-003  0.31325942139084606      -0.20379485036140679     
   3           1  -6.5189135923479191E-004   3.8890415386644390        5.2982155351319546      -0.57222291670872671       0.58057194714331750      -0.38705758927667561     
   3           2  -6.3909026001803166E-004   3.7686087445108787        5.5739521268876118      -0.58139711133217897       0.55779965892735051      -0.38178649802444831     
   4           1  -7.1043067896362020E-004   3.5529796633604001        11.238002208304259      -0.51537514372502957       0.59727377372460655      -0.57647667274468517     
   4           2  -5.8596968934554255E-004   3.4942462603786257        11.537965790754122      -0.51939388378371476       0.56434328219133645      -0.57017633645994137     
   5           1  -4.5897777388248951E-004   3.4198668329146833        11.842413427652938        1.8158994567350299       0.61190969572941123      -0.74794976170168148     
   5           2  -4.5373805954976537E-004   3.4961964052780674        11.779689808298160        1.8953182544998810       0.56735403019434738      -0.76877845036859815     
   6           1  -6.6575864384810191E-004   3.5075205953526805        11.435604401207426        5.2408276698402831       0.60851992249469555      -0.87016859608990971     
   6           2  -9.1967967874722733E-004   3.5506921759949228        11.148200619705385        5.5245597314871935       0.56107833261961459      -0.88829942681860574     
