     time_period  economy_id state_subsidy rewarded_district rewarded_state rewarded_tot mean_reward_dist mean_reward_state mean_reward_tot mean_reward_dist_ratio mean_reward_state_ratio mean_reward_tot_ratio sd_reward_dist sd_reward_state sd_reward_tot sd_reward_dist_ratio sd_reward_state_Ratio sd_reward_tot_Ratio
   1           1   0.0000000000000000       0.10996804142307841        0.0000000000000000       0.10996804142307841        1.4358883552488446E-003                       NaN   1.4358883552488446E-003   4.8183843817933905E-005                       NaN   4.8183843817933905E-005   1.7107307437037207E-003                       NaN   1.7107307437037207E-003   5.5394185303963165E-005                       NaN   5.5394185303963165E-005
   1           2   0.0000000000000000       0.11779588644756266        0.0000000000000000       0.11779588644756266        1.3315034045175112E-003                       NaN   1.3315034045175112E-003   4.6144877219005691E-005                       NaN   4.6144877219005691E-005   1.5801415936494393E-003                       NaN   1.5801415936494393E-003   5.4821502152944595E-005                       NaN   5.4821502152944595E-005
   2           1   546.92542067676027       0.18447737620951757       0.15736267956918010       0.18447737620951757        7.4919490628855862E-002  0.49055365151632307       0.49337100301031717        2.3621859557076894E-003   1.4598042804967497E-002   1.4629180298515575E-002  0.17404246196468434        1.1541523549917949        1.2517793915839441        5.3664084770255801E-003   3.1291964432946739E-002   3.4041949378791139E-002
   2           2   511.18222833719250       0.20377892729354458       0.16136180652508206       0.20377892729354458        6.7789631462158828E-002  0.44713137467009917       0.42184943209541353        2.1747639573100061E-003   1.4126604407663354E-002   1.3200180723381753E-002  0.14937912878865336       0.99559245694591447        1.0498131041831920        5.0283752550982384E-003   3.0126066661307599E-002   3.1812347692712718E-002
   3           1   1737.2495007171001       0.24078222136799363       0.19507986825287818       0.24078222136799363       0.18835986051283637        1.1881686923043029        1.1510048209251142        5.8366573157476020E-003   3.4054994718348670E-002   3.2894010899782285E-002  0.29780196153533633        1.6742682461004421        1.8699149498970780        9.1936689974803937E-003   4.3615987327083591E-002   4.9133628656056458E-002
   3           2   1641.6637353286594       0.27332601477459206       0.20729135446644745       0.27332601477459206       0.16306964269705165        1.0566505372191639       0.96443690822670947        5.1185569730781604E-003   3.1644092526607916E-002   2.8697325135307695E-002  0.25225816814292878        1.4136067897167983        1.5578462738394534        8.1547927983690194E-003   3.9976924300096812E-002   4.4277319914613714E-002
   4           1   2804.3011312020362       0.27023786799882593       0.22622709184050188       0.27023786799882593       0.26213004714624971        1.5789015720246828        1.5838926616426277        8.2210324834641815E-003   4.3991074788876795E-002   4.4032427652452667E-002  0.42098082630979383        2.2735487061222286        2.5783609955079401        1.3402478765424199E-002   5.6347279940277335E-002   6.4424927581101687E-002
   4           2   2853.9305153592659       0.30559715667668369       0.24337667057138482       0.30559715667668369       0.24007239380808482        1.4936177709858820        1.4295851633701266        7.4544421753537518E-003   4.2178425650433012E-002   4.0229488407364511E-002  0.36929671804979369        2.0181847181364057        2.2645161393554072        1.1734343396082319E-002   5.1473537588413013E-002   5.8367143400410874E-002
   5           1   3462.2478867403884       0.30063331980202701       0.25753110110498095       0.30063331980202701       0.27399327175129617        1.6437216140856052        1.6820522236479696        8.3670530687617282E-003   4.4106479655225440E-002   4.5058119300558412E-002  0.44364419077705147        2.4147568701285880        2.7495801028402340        1.4001315466460770E-002   5.8392975439047159E-002   6.6907465194007365E-002
   5           2   3454.5832657154688       0.32608689752414094       0.26838529632280567       0.32608689752414094       0.25490781631992748        1.5737536041508244        1.5501831879953591        7.7699549505014561E-003   4.2849079416223020E-002   4.2091248603785103E-002  0.40637951800252098        2.2439019454445392        2.5263979670738963        1.2865199634308374E-002   5.5500967749022113E-002   6.2970499653061923E-002
   6           1   4033.6163682732531       0.32864534348645857       0.28758132599038011       0.32864534348645857       0.27659200415019380        1.6571363893059396        1.7266703017084788        8.1798326851438268E-003   4.3526981666430833E-002   4.5299929548369276E-002  0.41152108003768284        2.2830311790239226        2.6139144745746190        1.2573114875162168E-002   5.4481992914076259E-002   6.2759397550271379E-002
   6           2   4135.6147975194444       0.35251408247910804       0.30029894617999969       0.35251408247910804       0.26702029680366340        1.6270864101122300        1.6530992042465100        7.8372402337464099E-003   4.2848925971192310E-002   4.3451028242353952E-002  0.39650066417266872        2.1976198597096270        2.5030372632904716        1.2027326834455451E-002   5.2532174531581613E-002   6.0300264008463111E-002
