3.58255586549947 3.07419194645037 4.09516360985738 3.52736879116455 3.54650385613042 3.43563281074626 3.56138923935961 3.51573986373775 3.51989488818035 3.35456990727932 3.61654907609576 3.62796610516706 3.40546564676281 3.70639745138183 3.37973481754898 3.70922023098592 3.55313226612425 3.46421614538921 3.50250603317363 3.84921629930308 3.51377971847348 3.50460831242669 3.31867648826068 3.41846810361111 3.52649182587193 3.49622677993492 3.51081750462387 3.5547593382818 4.33409056202389 3.50306406185618 3.13640503478763 3.53109315470898 3.52118833576807 3.47145346214739 3.58598921184 3.6946370829406 3.69384983583245 3.59855741644825 3.06066430404339 3.74004301122596 3.54189227238615 3.48582105986394 3.65844932251731 3.6243762990322 3.49249853194968 3.48251815444735 3.4832000611293 3.477782923605 4.01381466912007 3.24104403684799
-2.18158927013238 -2.54342173804172 -4.16251031784269 -2.0586751591728 -3.232939355401 -3.16279306012042 -2.23981248183307 -3.03174122202727 -2.29526181352201 -2.41289758519874 -4.10512997068962 -4.26461908602924 -3.2620754706436 -3.99670865910902 -2.23509790217957 -4.06715175640505 -1.89210039561719 -2.20165182981374 -3.63146180281845 -4.32260622747144 -2.16964666452202 -2.17719357650018 -2.38785418574102 -2.46408154905181 -2.24009601098342 -2.2834780227584 -2.3051900267889 -2.3314073639037 -4.51152978828507 -2.22610411743429 -2.09086264788216 -2.29127252192645 -2.2892038461193 -2.20057219072377 -3.69504178000163 -2.4863004140444 -4.13009822527862 -3.74578757763979 -2.01863143455212 -4.03993773951627 -2.22459254733043 -2.29113769712236 -2.16285404575521 -3.86423588559516 -2.29316347060432 -4.09675886220138 -3.36943376166085 -2.2488856247277 -3.59791556493541 -3.46170348160686
-0.225346068231695 -0.400186457717539 -0.260088079547743 -0.230817208100466 -0.245121056819277 -0.25309848348377 -0.264880410883319 -0.239839188513738 -0.27243439143568 -0.260683250288097 -0.315803760665053 -0.25966628535477 -0.237666161752378 -0.25031647609211 -0.289108192976627 -0.109534240130401 -0.246179683820964 -0.262500225768833 -0.242112959931137 -0.426415169909998 -0.263535352631637 -0.259438803660053 -0.268514740070682 -0.141821742040282 -0.273739022104366 -0.269011244787833 -0.266496846903218 -0.254595653193367 -0.221073443816094 -0.267629363656637 -0.23419887129742 -0.251286224854344 -0.275494160565646 -0.285353315924294 -0.259228033117247 -0.279353859390524 -0.235108116899309 -0.233725327634552 -0.179203261991586 -0.220491762023929 -0.272503392909113 -0.260576416805781 -0.2755015163967 -0.245499787407755 -0.272374499435918 -0.264317609187031 -0.247531802807901 -0.267968271357791 -0.275505866467156 -0.232148186514292
0.584062685821878 0.378721410995854 0.450819080118685 0.586318427057693 0.642452021622863 0.57661748515103 0.549123970958467 0.564813380894264 0.577846875961709 0.591706747601813 0.764173320923241 0.701461456226309 0.406773888727276 0.640726079356796 0.559056707292846 0.576716306680621 0.614941167051201 0.565966102992922 0.750741983818138 0.721610683617043 0.551424021332337 0.547607749676136 0.388385587074332 0.463280657606666 0.57050642835202 0.57701052539059 0.571859164288637 0.553748995782068 0.705747614194616 0.568010794900484 0.597177344278812 0.367560485812477 0.571420908729648 0.540791943797059 0.58849257183056 0.616469630398462 0.658054823106024 0.653653306679314 0.565403770748794 0.453734886046615 0.566344607225726 0.575706642842415 0.367679130941622 0.617809064096404 0.764103082282529 0.602528279718812 0.548831507921341 0.3770305396792 0.330203338013458 0.652642652428244
-0.0933133319325515 -0.0676476963537992 -0.066377413532088 -0.0673873634879314 -0.0645693718832737 -0.0661537920607627 -0.0719733285379374 -0.0713107928499982 -0.0721245506939529 -0.0717060799524198 -0.0494136563637369 -0.0613581720247414 -0.0640131114120257 -0.0633933989928804 -0.0415247450286658 -0.0731128801099939 -0.0631574971167415 -0.0696323105921096 -0.063121890853224 -0.063592213947541 -0.0433055328777404 -0.0739616110818682 -0.0643086206242961 -0.069003551641322 -0.0722038990758017 -0.0723466901147342 -0.0707594252305456 -0.0726254389517389 -0.0640756516743513 -0.0706382155877193 -0.0664382024668314 -0.070478007021699 -0.0710633178534107 -0.0734628830157207 -0.0617668645419181 -0.06935305242195 -0.0626622003540184 -0.044870525684259 -0.0493487852157824 -0.0564922371022314 -0.071589333283559 -0.0699992916975837 -0.0701457943325725 -0.0650036196677667 -0.0703609526394308 -0.0666931069892889 -0.0664441267368089 -0.0696759274538702 -0.0673862468388036 -0.057496466710501
-0.335113812477976 -0.253414929045329 -0.0926151055549284 -0.495338581863858 -0.203823138167962 -0.354992578622404 -0.35311002556691 -0.300250455437131 -0.363824100963626 -0.323635519209518 -0.0803322908314829 -0.23430938019232 -0.313189823130078 -0.274186119934221 -0.327600894792156 -0.159072474637863 -0.270310971545139 -0.371017450901126 -0.201747503873706 -0.14448437857288 -0.28370518472718 -0.352555201837882 -0.340025442028733 -0.305396558932976 -0.333955200798105 -0.30701582774899 -0.367831537833261 -0.350186438020804 -0.151853949871568 -0.342291068673199 -0.189140495529611 -0.37339838450151 -0.357489024203033 -0.323532085749686 -0.285712598725254 -0.330203590994538 -0.215717451230089 -0.227617665970732 -0.241139306277932 -0.20877163501665 -0.371030646957202 -0.364852547633451 -0.360496245666581 -0.295972549060141 -0.334913581036106 -0.215296331501579 -0.365694671472923 -0.336077601744707 -0.310378401376289 -0.295434818131157
0.557702058059446 0.5671376300803 0.486371467364644 0.550848906992949 0.541389485372963 0.508335692917263 0.546150584632329 0.535669345628281 0.522929672748299 0.515902818289968 0.548638876316214 0.613506587593757 0.530189427937244 0.551024879450497 0.45214156671678 0.59760157181093 0.551916593387589 0.521463042923403 0.555084487556177 0.594323471119105 0.52998431905093 0.528078597218802 0.50181411461047 0.516207329462225 0.524688756388619 0.620797163609172 0.52613169368611 0.547057908936028 0.525884556566185 0.518774314925502 0.448903365063306 0.524402124105029 0.531491978140647 0.612353733667214 0.57287238770488 0.500363212688042 0.583524537484588 0.619326837667937 0.52878906827614 0.562075064899518 0.53636619041576 0.521103728999634 0.528693170464958 0.600985423607965 0.550136167411237 0.526503169374868 0.560515099445196 0.522242878164635 0.500767909485324 0.628143903583933
-0.113868186723941 -0.0798277076946865 -0.048792295183733 -0.10541751284927 -0.111542372106417 -0.0947461331011764 -0.123710940095573 -0.0646612944191349 -0.0103076460113046 -0.118904655142918 -0.0798451852141687 -0.0759674118292061 -0.0803251822551232 -0.0896119269887834 -0.105038920527569 -0.104948515368486 -0.0943839167014323 -0.11443317212918 -0.109266865256537 -0.0505768049289758 -0.121081744256751 -0.111875327591941 -0.119878359107496 -0.132792817138637 -0.125679570909066 -0.0205908073544248 -0.121896362556447 -0.0761314028565086 -0.0369437331657637 -0.129590736527101 -0.106898159883 -0.127939192696513 -0.126883044575371 -0.108208722594632 -0.107979457587484 -0.107859225326989 -0.0768208444924298 -0.0846694701168037 -0.0912476104936977 -0.101413622926717 -0.117761396549355 -0.12374380738926 -0.124359645695631 -0.118357135297825 -0.114833166088674 -0.0709615910946153 -0.0933852220933011 -0.010707422540161 -0.124457331319836 -0.0877122400777518
2.20158295134281 12.1729525199712 2.05182021186983 2.23002760826816 2.22325061186887 2.38555551633814 2.06200247256281 2.12019659102515 2.12555325458278 2.06417484920591 2.49656687606303 2.55563917536745 2.23201242063309 1.84660869262589 2.0154951980137 2.14218232297687 2.4099797728102 2.12041235735383 2.48708163107633 2.36855139381525 2.03261510340342 2.96648091541327 2.38019568023781 2.80997621284923 2.10889135922885 2.14065927916044 2.14653314769362 2.09010077708694 1.53460784780985 2.12817139975806 2.36373867235208 2.14735628820604 2.1413107244436 2.07487888329163 2.72389648028623 2.26186497210907 2.86408747899107 2.37277762580099 2.34511257262639 2.63123928461796 2.13001722544825 2.15760526488298 2.13702259336918 1.84512535137286 2.15443475756253 2.5427831652584 2.036362444324 2.16357685316535 2.15243736336124 4.17503205555202
5.72767517078277 11.7689624177102 11.3705788807948 9.8189944758973 9.93432710983127 13.2784888793697 8.9607202413402 9.3544286802777 5.4908026489667 9.23835174450243 7.69196328490573 6.04399615909518 9.99099953748349 6.09230389701891 6.57433929858291 11.0642780039916 6.89630001576888 5.71126304917388 10.2159536973551 9.86147883929478 6.2121840780312 9.81616738666902 10.355634561082 10.6239936456148 5.56886775686785 9.54676072998732 5.77928008393151 9.44228218437158 16.3965176413826 5.73117126809836 8.58069004334081 9.23027035669825 9.32580910562934 8.86802801859572 6.53232420445559 12.7008082988448 12.0424012140228 10.0117172399428 5.08152949971046 11.5377603374119 9.03003257719364 5.89049200800315 9.37000225228694 7.50142678235092 5.16555737570759 6.10524976363122 9.47409432049918 8.66993804969351 12.0006626697128 6.54724732488601
0.915532149394504 1.03072171183406 1.03216286452723 0.906892328725217 0.509743352755529 0.883994362411664 0.881094145304159 0.874803684638918 0.868448028658968 0.481045368555052 1.22932967847211 0.922951558729632 0.942559704122848 0.91824690081269 0.998608437559613 1.03330659224174 1.04722848139083 0.842339045248476 0.954223573084375 1.14316941628337 0.941251957999568 0.917983510331743 0.91854219562168 0.992879148799393 0.854792137644941 0.895357406258497 0.88794469642661 0.520055364573179 0.536176972636427 0.88215463083431 0.525503656266092 0.862036084975794 0.870850327866432 0.83673989767091 1.55522549159107 0.897417820389608 0.952441837169741 0.967273922532083 1.08134309944148 1.03774517081597 0.546704695908939 0.872443482800148 0.874787188939982 0.99539298034965 0.8101244389214 0.977094039931668 0.972218750918606 0.822920070173236 1.0446815998661 1.00997086495096
8.00719709302866 8.96047608561019 3.27254164297212 7.66989649833375 7.35403373892754 4.78456811568459 7.37926172765007 7.36366869887369 7.64426161968518 8.15854249723861 5.25257844886277 7.8100436523436 8.46819935638553 9.0336869912014 7.60684259384605 5.42995329859319 8.21549590925217 7.02022410548317 8.49063068001336 6.83927761541209 7.35216624248698 7.25098285680207 8.2229906633077 7.52119323573076 7.12492789205781 4.88601662470025 7.42821425115404 7.11024959553516 11.093427336907 7.04662621588135 7.81101406435159 7.66932752012951 4.73786537395143 7.50597010820536 11.2178396469514 8.22938016240709 5.49380038172693 5.42697558823988 8.5991518915844 9.22706509745192 7.42616995329051 7.51525552427874 10.2285162991279 5.44210753814235 7.27332211077312 8.71440547589264 11.5931787618733 7.42038090967115 8.41211668508909 8.46197747324118
-0.690260033440405 -0.600161671185185 -0.701051269067425 -0.543803916207944 -0.599960733585082 -0.655188922636227 -0.616337700115856 -0.652704258558751 -0.66082332695978 -0.694969850900573 -0.628179031070663 -0.610417637659204 -0.819129177623035 -0.688638166514521 -0.650948705282011 -0.656260564602954 -0.626889752794255 -0.654199578511115 -0.61955906162552 -0.744707909764365 -0.666307880735794 -0.668309332932973 -0.627665466457605 -0.686457203956258 -0.680249930290351 -0.68101086236034 -0.650565310969659 -0.692256711559396 -0.629201446932258 -0.668172529355208 -0.631254596729191 -0.681010595668851 -0.690841488767261 -0.716052060245226 -0.629413244796447 -0.657446400399014 -0.643177300309979 -0.714231359123928 -0.610938156226065 -0.550434891191582 -0.69787411532717 -0.684450155155475 -0.683711398775547 -0.671898987511559 -0.687641542422216 -0.666420663731786 -0.526354506355603 -0.654001626189299 -0.676232492583231 -0.582593984537448
-4.60814175749251 -6.18881120275048 -6.5251838966844 -4.69919542113577 -4.80392394107861 -5.67158301308813 -4.69070524816548 -4.91119700634184 -4.05441877492896 -5.84899712409444 -9.06663120983363 -6.3307457632526 -5.8913613103775 -6.08107835608599 -4.67924347506904 -5.98322124281828 -5.93095653787044 -4.0096063904087 -5.65461102915644 -6.48793400768177 -5.24841213585872 -5.17751873402894 -5.40796681035062 -5.95164124080922 -4.11389762213241 -5.16342434063852 -3.9635285131562 -4.13138763014902 -9.02477326663658 -4.10022766306567 -5.03201230056348 -4.08033109696956 -4.15078308218654 -3.72232112317498 -5.44454019703893 -6.32431582768692 -6.54872187018109 -6.30083992257486 -4.63174920302521 -6.58355940812613 -4.24430582968879 -3.96665908479174 -4.09223547446424 -5.36671654777226 -3.69159774934744 -5.67249252466342 -5.89949259579856 -3.98657022997039 -7.14185789662984 -5.63995810290549
-5.90327026352864 -5.50931935448335 -7.64735880501222 -6.51607382315651 -5.73306948382271 -5.99716604225197 -5.72053182776937 -5.86978485606204 -5.7823464468994 -5.86366950127291 -7.03569720989432 -7.29027048351428 -5.89685430443646 -7.2875565720675 -6.1347312869939 -7.10164799745989 -6.70952558968655 -5.80688155449925 -5.92127210851755 -7.74207705987621 -5.82366181908687 -5.80804815481302 -5.90939596944677 -5.91565752681696 -5.77500143946362 -6.20215806261278 -5.82620618676582 -5.70274139455913 -7.5904614808939 -5.68989304139841 -5.95049474073059 -5.74103391622301 -5.65398472290666 -6.35539280752989 -6.45887409808702 -6.0840804583745 -6.56800271853704 -7.21509554664604 -5.11327640952735 -6.58202527739933 -5.739318545003 -5.82818844774391 -5.7485717034784 -6.41654035316349 -5.78702981237517 -6.4296415963833 -6.00610775758168 -5.86820367615517 -6.80508019617457 -7.07469722086522
-6.0465327634707 -6.10590695402631 -7.71464782865124 -6.0839891267037 -5.99878804544974 -6.31786390072808 -5.98585937025315 -6.09232138273088 -6.09607250492339 -6.21179835241205 -7.22683036427887 -7.13858340581195 -6.45665011776799 -7.80132620150133 -6.7210259504562 -8.37544366451088 -7.20721153336915 -6.1096110735199 -6.41122887081061 -7.72619991024241 -6.13179805732428 -6.07011815499187 -6.07571040722508 -5.98325227253471 -6.09697929300587 -6.03213524037736 -6.17603149606006 -5.9634522568336 -7.7417802072827 -5.9525057593797 -6.129949481032 -6.10997199231184 -5.97246574338078 -6.14922119608138 -6.47566053743446 -6.40175406056421 -7.39239801269947 -7.74305858594101 -5.94988197920173 -7.06912448821054 -6.14415623165957 -6.12126603100628 -6.14957275373225 -6.57409172559814 -6.13809326431007 -7.18905275455648 -6.24407208323784 -6.10210987623576 -6.90111135456491 -6.23156870605975
-7.08459749587348 -6.59058302669847 -8.24806063387371 -7.07698807087074 -7.10833124146638 -6.71142109798527 -7.0516878634936 -7.08522721990733 -7.08963175717036 -7.26121253578266 -7.8466345202436 -7.19258856827149 -6.9104428193552 -7.4958197269386 -6.54011682766162 -8.10661220197692 -7.26535253422195 -7.07090685984437 -7.13280880429226 -8.2278533389873 -7.07735179730277 -7.10469360415582 -7.12074484503235 -7.1182185622837 -7.06892514419568 -7.18227770677512 -7.08135006870204 -7.03175833413613 -9.1697144263544 -7.16843090515058 -7.24880118844889 -7.0332128435463 -7.06111688424318 -7.36176730779881 -7.00809590568603 -7.48743413081325 -7.90155617360057 -7.56051227241425 -7.05933164705305 -8.17300785139292 -7.17504340826527 -7.02283938710625 -7.02961289241888 -7.32756914655693 -7.22554477140051 -7.56450827168316 -7.82371193226138 -7.08208683549945 -7.3957988614973 -6.76744801525897
0.869892754082452 1.08219044331862 1.30733789512127 0.922371993320338 0.915172035154044 0.909476251011011 0.725866125817408 0.934246433817203 0.890431811013193 0.960448783427706 0.916630092489443 1.14658808793148 0.853511999395251 1.12897048825563 0.882453045255119 1.07733332816758 1.07880076226318 0.883495206430902 0.98916471409552 1.24495050697169 0.956382940137296 0.586439530300402 0.924008236648659 1.00629386269657 0.896468651514522 0.956675232753549 0.907198854261501 0.811036549637795 1.07468075371573 0.828462845579764 1.04266284049187 0.875604137789991 0.853681861732633 0.574577591842211 0.76332117666468 0.543375141119943 0.910013331879129 1.1753583227077 0.91789805541146 1.06754393696211 0.844459054834033 0.907839571507284 0.858212944234301 0.922888707641035 0.862402607638027 1.05749954137751 0.938807069703368 0.810766871780884 1.16898817455092 1.16168138370368
35.8794892662356 34.131644503532 44.1158046598298 30.292716160812 30.2614472576312 43.6941158118974 31.1230548133666 31.150265878558 42.2359430826316 34.9909010881557 76.6287809063374 40.130148922851 35.6403234054085 36.5459714479335 32.5126538602652 42.0028031728679 34.9206379535768 30.6987245977902 47.0039248954608 56.9886258180262 31.1964016163778 30.7738329323742 34.7103577437674 31.3536194572868 31.152618264744 33.5860169833495 31.1891412034882 29.6694290636308 16.6065292333552 30.808241698211 33.0199059948193 42.3399175261385 42.6613490548548 31.7047576009343 32.1484382318561 35.450273436994 50.313163015751 38.2841339916829 36.6674396022422 40.4454853202013 31.2118786279892 41.7396054864872 29.5642965969462 49.044241398518 30.7448198937368 35.7634723538415 33.5129536625538 31.486261805398 34.9151509155614 35.5479444522448
11.8829407761771 14.1576298513759 12.8974078076756 11.9215987317382 12.0673080411089 11.7434066103418 10.3936692521429 11.7092990018317 11.8042940081588 16.0816780002959 12.1922962737996 12.8664091139154 12.4787745371831 15.1754108868142 13.3005963088916 19.3140310272626 13.4565937203438 11.2849839325495 8.4439557103579 9.94360360992566 11.6368600100271 12.0487378638212 12.0784270443102 11.5293066646131 11.0885816304351 12.9493538048763 11.4719293634085 15.9344895361665 15.388871882744 11.6141097885805 12.2328572495615 10.9557708905689 11.5400874704791 11.9888104643585 12.3914346914004 11.3711163936348 13.6320725744167 13.3435934837477 11.3963272329496 14.249760323452 16.1763449698244 11.7591779141061 10.9873532640115 11.7552709503206 10.2681507163664 13.5003972871797 11.2105389554184 11.5753973780153 10.7315403141737 12.8699472778111
0.25 0.181446237542476 0.322262562640818 0.25 0.261492114650048 0.255874749827473 0.25 0.261970952760467 0.262016560222406 0.260396191478284 0.208486274930454 0.295219793489239 0.289263064432679 0.283118830263805 0.261876839059598 0.272407469879099 0.283593443309297 0.25 0.279856099749151 0.283874548824801 0.256818181919781 0.256818181919781 0.189174198009819 0.251137850470457 0.25 0.266832909269767 0.25 0.264649882865755 0.313548988215776 0.25 0.253435639099663 0.25 0.262199915520791 0.25 0.276649829498878 0.277288533683446 0.274366030788432 0.256310186975916 0.202875987956325 0.317692764664525 0.255095400120327 0.25 0.25 0.272284440049197 0.25 0.267468271424022 0.277061409622944 0.353596996522475 0.382173958561412 0.290486418017542
-0.1 -0.0751831680885127 -0.106115979423574 -0.1 -0.0954031541399808 -0.0851895988915841 -0.1 -0.0952116188958133 -0.0964544757762274 -0.0611075055056911 -0.133448539709544 -0.0676913603045517 -0.0842495544827344 -0.0373563680129565 -0.100011108592117 -0.086551948396243 -0.0878535944831932 -0.1 -0.0890240344642765 -0.0763054206673707 -0.0972727272320878 -0.0972727272320878 -0.0992762403614124 -0.0990359439842197 -0.1 -0.0997729650664104 -0.1 -0.097579570271734 -0.0987062189139704 -0.1 -0.0958176539035161 -0.1 -0.0995660268804839 -0.1 -0.0815357878424154 -0.0955688083401869 -0.0745735154131582 -0.0825494114259316 -0.0948670416924554 -0.0776133359606612 -0.0940028301239452 -0.1 -0.1 -0.0924566919054088 -0.1 -0.0718470298624547 -0.0805634495974709 -0.0981913568623646 -0.0936301885624498 -0.0856492780527505
