33.9487199110761 33.9142786542607 35.2755812839398 33.8782119339868 34.1196020374455 33.796753644048 33.9604757446457 33.842360724617 34.1328943540891 34.2067894091966 33.9446814618783 33.7713095462185 33.8591078270599 33.9344946013146 33.8559960387051 34.1162122161573 34.0790490364026 33.886527533466 34.0045466476802 34.0261906554946 34.0367080023485 34.4143921641259 34.1830436552732 33.7699486299261 33.7333484718896 34.2362013981754 33.7355813528596 33.8924062855273 33.958398441679 33.9984975742576 34.110746440714 33.8105464231696 33.8578924647382 33.7663104678296 33.309474581663 33.697768920807 33.856367833486 34.1726491908087 33.9040600959254 33.9142750120064 34.1745484754036 33.972062138126 33.8577898828255 33.8514538488877 33.9504274331596 33.8138131973325 34.0127646902164 34.0765799536113 33.8801913631853 34.1029716860896
35.9122209546733 35.7842506888165 36.3777661567801 35.8232971610381 35.7097056688079 35.296932707228 35.9104695287797 35.6490407322076 35.7088064319464 35.9474920923857 35.7226651394768 35.5886240704016 35.9499809348293 35.8509444423801 35.4485059254381 35.8707984267292 35.5462518334198 35.8465509230242 35.663969033305 35.6822019111342 35.8500756454244 35.96318820341 35.7392783389023 35.5731655989041 35.6517620687147 35.6741174432835 35.6246158008343 35.5129117874615 35.8344420184395 35.7306170683676 35.9685734157127 35.8018679100925 35.4986605549215 35.5281520884677 35.9331295141035 35.6849848343697 35.8446687281784 35.7044433131581 35.7802239854462 35.7073042539501 35.4152675171025 35.2323468369421 35.6795589058256 35.6826991029899 35.5702047796516 35.8251128051865 35.6867509135924 35.8762400749085 35.4953124402359 35.4947446570878
38.1163899251914 38.1529078957146 39.1434240631325 38.0595751322214 38.2310124203168 38.049776448619 38.576750603331 37.993470071082 37.840045708454 38.2349713833778 38.3735630849322 38.2988286785812 38.3055094114576 38.1503991108839 37.8470851372272 38.039517759672 38.0716992024632 38.274009796585 39.1140082219654 38.4240581071636 38.597453341158 38.2692213104264 38.1650582361574 38.1720136737428 37.8831841779746 38.139004816636 38.0774308074087 38.0822337311123 38.4802639636214 38.2018484853192 38.1721007818162 38.1556218144437 38.2641059849355 38.0842814515432 37.7988219733561 38.2692531773156 38.1476505138394 38.4174347961276 37.97727518753 38.0294539115876 37.9991204778084 37.9560636874702 38.0789393503953 38.5541593374724 37.9566446867341 38.0938573296107 38.312640739574 38.1756877534364 38.1023396893662 38.1574085526636
42.3441038258472 42.0236667617398 42.7846315864834 42.1925326978888 42.1048581246992 42.0236985412146 42.5137249564546 42.0973663145725 42.4032156319524 42.2788105739294 42.3483972814011 42.3403905122646 42.4002084682841 42.1535873689072 42.0472765509188 42.4918504112256 42.4653541754694 42.0178781672398 42.5124452179972 42.3406817244462 42.3941973564778 42.2336888842741 42.2427029503246 42.369961411392 41.8101790336328 42.4042848389889 42.1583863111817 41.9964684462385 42.4918637651368 42.1747442121432 42.1073706518277 42.4523687566516 42.2473596324684 42.1793849081213 42.1714515598739 42.2281047677051 42.2682462338043 42.3330946804782 42.2708163754167 42.4041581394209 42.3059008372996 42.1210150386011 42.3849748708492 42.2146869962559 41.9179575070064 42.2865408139188 42.2915154991375 42.157590838479 42.0896411523195 42.1344624079474
48.0956564899495 47.7175879747211 48.8138199970576 47.9272565042197 47.7708426871084 47.7792861082691 48.2529711416525 47.7910471644288 47.9143643412013 47.9325186157093 47.9839729139459 47.935037921295 47.9767768169185 48.0119716238928 47.7625960519676 48.0720002574873 47.8933303802709 47.8386094201443 47.4608550170344 47.8738508159652 47.8766697554542 47.9064618490956 48.154933579769 47.9362228897853 47.4749825439836 47.8555791091308 47.8367984961926 47.809882259483 48.6855222449592 47.8994665933799 47.8318849631521 48.6520754999497 47.966809801753 47.8512490525986 47.5877314203742 47.8557503338774 47.9637640246228 48.1054840659973 47.9969343408227 48.118836233903 47.9327802936801 47.6673805027787 48.1003121490213 48.0985774842145 47.655024656044 47.853683460745 47.6905804960061 47.8348713168927 47.7793605442387 47.8074848263437
53.8461357531668 53.4395697351674 54.6082356804807 53.6964635349684 53.7575688638686 53.3711647046559 54.4635092993488 53.6379629075096 54.0210996969618 53.9204510015692 53.8533320283935 53.6862946874612 53.9850364249973 53.7987354864383 53.3863268168131 53.9696264287037 53.9301537531263 53.4194550059815 53.5383894829477 53.90921495495 53.8856701580883 53.6642705605242 53.8843914315636 53.9403255684741 53.3760991798485 53.7516491508187 53.6075342673109 53.6309999246191 53.9144341914601 53.8130825372614 53.8501601913361 53.9106892614222 53.8595325375293 53.7165125960104 53.7524959538069 53.7796602903174 53.8045107927877 53.8842900701408 53.895722859476 54.0659802749764 53.9145589927585 53.6896733133932 53.8564135413923 53.8179041658265 53.315881427574 53.9405738241412 53.7880612793454 53.7054357185299 53.6390943123948 53.3695382959792
5.97884804109463 5.73179600441237 6.12163904391458 5.53903258215029 5.58492068652869 5.86710320342861 5.63456286458287 5.5264349193416 6.14865427604863 5.49311119115286 5.78420401370109 5.66429126666071 6.08099849323556 5.47975476614204 5.74189501161219 5.34525961717525 5.76358959919246 5.95401172209582 5.87624346242887 6.10063832000074 5.38080419501214 5.65715062767845 5.48078067915368 5.90704416930828 6.07523470760557 5.59521287048251 5.48180505211153 5.47069260870644 6.00708792937717 5.57662042293673 5.29793732938227 5.84552437804224 5.31322794846333 5.32319832652898 5.67533550085109 5.29942741477837 5.48075219724858 5.3271638194395 5.37377284059802 5.28912581980338 5.43109249387037 5.80233421726124 5.32706477089292 5.88110789476639 5.8373795024516 5.29549362251005 6.10444675127662 5.58556398940735 5.59926252012717 5.44647795020855
18.1574219381516 17.3932872769029 26.0273646021614 16.7927740094233 18.0194145415586 18.4229518338214 18.980638612286 17.5994953443246 13.9402578080681 19.8937301906142 25.6325430578999 15.0692476236771 18.0426094247776 16.730439717771 17.9895731682171 18.2969465359421 13.1649321139353 15.4862441712551 22.5424072247435 17.610544414409 17.8461817805195 18.0651947757667 20.9367102865485 18.2199994481679 18.0150789323116 13.2753191590995 15.3731656095599 16.2225431269249 18.4888754146567 17.5908609821841 18.885406289063 14.7482152958578 18.2448611083037 17.444734007488 18.0254431613629 16.70730185885 14.6297873058349 13.845572661517 11.8724636516569 17.9059850532123 16.4827052682932 17.4819564043001 19.4786691840176 13.5528628151611 17.7077170700956 19.780104076033 19.1252113804153 17.4577861648044 17.5532618809582 15.4804769901948
13.36068947848 16.4528171986821 16.4879708007418 15.2953715605736 17.4547867311453 11.8330836801894 16.9097679293974 16.2623176032224 17.9139180792418 13.6155275312561 12.5408403878899 17.2638792788182 13.08426038743 15.231368286195 12.034910778669 12.8368420325662 17.0686264054602 13.6799213522221 16.0418673468761 15.4982514104539 17.7281396921501 15.832683167328 15.6505514909764 15.1800726934034 17.5868075920283 16.2887865876451 17.2721973953907 18.8219706439576 17.3835861976455 14.7865520510784 12.0923931666296 18.3734038825255 12.4864366763593 16.7329150084562 17.072057908527 17.7019335820049 18.6274325146744 15.6942024118729 17.1300456108571 17.0514725732156 16.0313595486367 17.1519637757012 17.2506632032389 15.481105785567 12.6201782749332 9.08565539429069 10.9476301577206 16.6027422832793 16.2179572574256 18.682070123857
27.2186152268596 25.2689050239178 23.8142761909461 40.329353141839 28.1122813598174 28.244148798503 26.6939188164636 27.0317418334755 25.7451852210791 27.4488798274777 30.0752375656255 26.664587337294 26.7973305194935 27.5836226875213 27.4000966015222 29.4880502093123 27.2323725869494 29.0947769521246 24.5040842062057 41.5618571282327 26.5696270315533 26.969110805099 27.5070045077463 28.0138970081276 29.0820492768445 26.9253973981626 28.1262702958328 28.9346711855917 28.4990349430999 27.6302175750507 27.9432417218109 28.8696846854674 27.9600493514462 29.4807498035331 27.4230375328743 28.3456408838933 28.6113432691543 55.3454164829669 29.8288507300747 35.7353725786291 27.2958124474409 26.8579430092496 30.829195063209 26.4507267533454 28.1791197913256 28.183015826571 36.4131878836858 25.4339149678728 26.6264623495199 30.3385519423634
29.6236534722468 23.4735746329233 20.7035507702858 27.9893567777537 25.0125247692619 24.9875417685717 23.6035213136721 29.296740526826 25.259129180912 27.2591260852045 12.9042234215523 24.1681294250488 24.4034951531857 27.4244540709769 24.6622653778346 32.5739695841004 25.121180602482 27.5498881399621 27.369617377584 25.566141679475 25.035134879805 24.6746629737011 24.9877252354994 25.3129287733653 20.9326747243411 22.45054407412 24.9898518958793 26.30515766533 13.0071397922166 36.133246764991 24.6331420601717 25.4263802963381 24.6600371682204 31.4158629405399 23.8072437831569 25.1795880304718 25.5061714926135 22.6851893577497 20.0503489068904 25.1151862519366 32.0432848741046 23.6882828866471 24.8173613066319 23.8086464712456 24.194966017456 24.8727025433261 25.190030302746 25.5907032418394 24.3136044209518 25.8124215328105
10.7840235254326 12.326482767115 11.7207962572963 10.5706504650713 11.9975447146416 10.6152968790644 10.6375278202867 11.1603034646758 9.96213838465054 11.1546465543172 10.8713658810958 13.9173071154468 10.8173197157309 12.0947571121744 12.9734737950714 10.422480705414 11.3059177176403 11.1925108334809 10.7166222842453 11.1618624304419 12.0417011819048 13.3008200484111 10.7778467872235 10.7119694263482 10.685157662886 10.6131755944165 10.2221386499912 13.2408432213631 12.4350571601145 10.6508977275042 11.0846525595778 12.8247002093562 10.7636097910102 10.5158183662241 10.892108878974 10.6989829821189 11.015299169621 10.4397123603215 11.2741680630553 11.9333100771233 11.997538914556 12.7128241734981 10.7167302088811 11.5043241996086 10.6556944778081 11.0008438645759 10.1241321975172 10.9230609564797 10.1635574136345 10.3442036627851
10.7074178326243 12.0677482875133 10.7243430145428 10.5805651449492 11.9493882274846 13.7676485688293 13.9207798754978 11.6191149480648 10.5239277525843 13.3195519825793 13.6677358300594 14.2309673932256 12.0036839384552 10.8483936353095 13.3348375062446 13.2593608888653 10.2081728763306 11.5469954736374 14.0979498394486 11.830309350467 10.7571979950037 11.2397207755563 11.1405482019592 11.8610717032684 11.2706271497297 10.7018960821437 13.0659963316956 12.8302146889196 12.8246343668489 10.8707960879139 11.813800899939 12.9320403732846 10.9930712340477 11.6307763168453 13.7311349361851 13.2608649565354 11.438198737922 11.0378684798979 11.1458526575954 11.8135968105174 12.1054051573814 13.7874291779803 11.6880222465203 12.4489358255839 11.1110249729738 11.1582743456006 12.1434008348767 11.2659212614138 11.6611996606575 10.6423371070031
14.4518610980215 18.8741905714794 14.8650256645949 14.6999113379314 20.8243916843824 18.3506810118237 15.0507124617214 15.4545454199295 13.8023166370141 14.8117542859808 15.8862130799551 15.0060903201105 15.1733492446174 16.7518224739642 18.005864084387 17.8233804002106 16.0641879725017 14.2005253040205 16.3689294090519 15.5207038436845 17.189599810507 19.2042387129362 15.2882962785112 16.5467119114676 14.4842117578814 14.6248079231017 13.8657090474673 14.510743684485 18.1602858444782 14.5694470239611 16.7309781950472 13.8891850947475 14.554317163649 16.958614583086 14.9710128895693 18.2183230353514 15.1341246549336 15.5975279122902 15.4089739500714 15.7631073004799 16.009944307231 18.9406475276641 16.9672685050193 16.867521186497 18.9914842832436 14.7351037222585 16.3626247870389 16.2373932093285 15.6042102503713 14.2654945026764
20.627408933045 21.0354862330881 19.235166052818 20.5665998061045 21.4095999082948 21.0777050606608 20.2418191474625 21.1676547777764 21.2576287445827 20.2030467204248 21.6771936606768 21.3444124054965 22.5994336198814 20.5423381743036 20.5446274234722 20.4393944664068 19.5205321925792 20.9742192048687 22.2119960792092 20.6574187108107 20.1901144338671 19.9960936769614 20.3811845236077 22.375984412754 19.9326953681464 20.033229320659 19.1185849090175 20.470393744935 20.4188330929444 19.9449360723469 21.6107140460023 19.8199303395887 20.9639542721413 20.6275554477644 21.3484909027277 20.3307495912271 21.0363661732707 21.8662908129465 20.2505969972264 21.3250077970084 21.6094691129235 22.258478483304 22.908001638889 22.6904855916262 20.6928907434192 21.1609425777631 21.4277250373879 20.9352166151986 20.4975954741619 20.5918212313808
27.0836733285301 27.2818129289125 25.7610935743619 28.1895054216935 27.5849703114127 25.1410931222329 27.0500385555842 27.9768323463485 26.5972896137002 26.4959065538158 27.4042613415287 27.0030671258272 29.5467240359664 27.2731642040999 26.3431105921101 27.2490464424811 26.0242741638842 28.9195671243411 29.5949735034971 27.8906901138217 27.5564343698617 27.6473583920326 28.371018720604 29.588922013176 26.5935225913471 27.6848656941374 25.7191365841279 27.1678582677701 27.8842722904271 27.0416453385768 28.9663067068297 27.181151679847 27.7218881156934 28.1165158464645 28.3504886913886 27.4865856912895 28.1356517373572 29.8490391276165 27.4540667029338 28.5422763998111 28.6277953802512 28.3049978159551 30.5153895533831 30.0206941503767 28.3120487219223 28.644507959898 28.1629054188511 27.7151446612415 28.0691597843389 26.6906458943172
33.1271175059461 32.0223717640566 29.7491396219303 35.9145247970378 34.9170760215197 34.3839508922634 32.4268788614426 35.7846473248298 32.9238446611109 33.4608207525734 35.7399923782063 32.733152943094 36.1902147772313 32.4912686357316 32.6177407214686 34.3039436278472 32.3846121333779 34.8986124345001 33.9456810646922 34.7468929753805 34.1383865743179 31.2582337885839 33.9660703119764 35.1482916868674 32.5180009084425 32.2224401906631 31.4690497153791 31.5463163703947 33.32493751441 32.2392611973223 35.0801565983669 32.8248760113834 34.1564585087214 32.9208665325692 35.0176002065616 32.4357045205105 34.0414489157526 31.2909818598094 33.7819501592463 33.7648252265199 35.1203810678577 35.7187516768368 32.9733569659365 35.3321446298477 35.3241461361619 33.6794816698126 33.6247297493364 34.2718441887531 30.7887063787864 32.3977067288475
20.186267986747 18.9969453672912 15.0778731392148 16.2504266201467 15.4290107543499 17.1889497034307 16.0073238462869 19.3030576653778 17.2611769667543 16.4626170049687 18.082152770594 20.2402399933032 18.2389393284287 17.5656878439264 20.9662874297776 21.4068759720541 14.8945524454648 17.2735158320427 16.2379394272136 15.68269699843 16.9569136944342 19.5578366572864 21.5569388825578 17.5799337855771 19.2660627821086 20.0711258838344 19.0363779670711 19.7605796855889 20.440904402947 15.8617256856741 19.3181874144762 19.2004148962248 21.1236666365402 18.2377280607991 17.8704609563001 20.1136655927781 21.12347715271 22.6174204748 16.5365885005222 20.2502989077734 19.3866375831696 21.6866204578972 21.159113935372 17.1292687932667 17.5324683671874 20.8860193805882 17.9261355839872 15.8205911170386 20.9154217625059 16.0347053889681
-52.3062290792311 -25.7116606869607 -31.4861080374645 -37.4749087437042 -61.6067650271933 -50.7589639539341 -49.8191941815792 -59.3662545927484 -29.7182863915821 -42.7968029943362 -22.821988277508 -36.679189771126 -31.324482796581 -48.3578502051187 -38.8784265707553 -26.0269744056811 -15.5298457230562 -64.7437304757857 -29.9321083123074 -47.2344541319029 -68.2191326443332 -27.4536735392312 -20.1785606811656 -21.3849079779492 -61.3698355774168 -51.0896867324621 -53.5888663577464 -39.6401248206871 -38.8331880650435 -68.5620660158838 -62.0955970565397 -35.8479752283326 -47.8520398135747 -52.6992747016157 -44.3299532252095 -50.899809812393 -45.8414319343698 -45.1465387076042 -49.0945861638831 -66.642800315185 -36.693509970392 -38.7484511089196 -38.0354692701814 -11.3483315787242 -37.6724725108336 -43.7686622459002 -22.4000787215389 -34.0930588259546 -48.6947085875243 -34.1932971526084
-58.5659093580585 -48.4002984011466 -41.7153548894804 -68.194229653259 -41.442939930908 -34.3533057533689 -60.0135719340992 -41.7176438098089 -14.858500733005 -36.8212061797892 -56.077168107906 -34.1563234580668 -49.0087120692874 -60.2546954255638 -64.0762740921793 -56.5585227060023 -33.0778967762867 -46.2238742671784 -27.0467387183164 -30.4253842752919 -52.2870823339764 -44.7303903587246 -34.2957564554763 -23.8099438303395 -39.1825391156456 -40.2816200228462 -66.5908964450187 -49.0684823853255 -64.0580650983471 -63.9378226999148 -27.0228119996633 -40.1378430751959 -46.4707426745307 -58.1058049307152 -31.0660383890037 -48.1600699793369 -56.5941821441313 -51.1991111279972 -47.6146753993108 -27.3034773411829 -36.2586753203028 -57.393331065622 -26.5531924623025 -36.0040811861655 -62.4940373634997 -49.1162753468909 -28.8395027808143 -39.487086013129 -44.8318047350019 -33.6132500422209
1232.70676586542 1196.88617329405 1437.37409579068 1341.13252119577 1541.76845035303 1289.59858258711 1265.29441779898 1373.9871590381 1286.14215433755 1202.70174807254 1327.71484154025 1313.12149412231 1468.84512241672 1457.92911976934 1253.09875720388 1193.06770634876 1166.24373177353 1249.18151181984 1406.33302255338 1065.60795982521 1230.56619986741 1289.16454103287 1277.41357631386 1338.66745931385 1271.30900228581 1266.0915314806 1167.04912398663 1248.82824496628 1249.70401211391 1263.52429393622 1352.31219574501 1235.50517475549 1217.17933361155 1399.51220989046 1336.11008376701 1122.00691215768 1374.16453746204 1435.57795626886 1280.78908497965 1381.71526660891 1126.92166056053 1282.44854185914 1264.4342663857 1259.22589070881 1190.91533484433 1262.13132018248 1308.7844253987 1287.64957817114 1366.62144615303 1262.18998763667
561.856568255208 683.956776469581 648.849964883074 580.333924511915 457.618337751133 474.124214448372 553.135302088777 567.180022339406 506.97871327268 551.947185376261 600.436385712442 568.120250803802 650.139533034229 601.271180098619 593.989956884481 479.148186981975 577.073697500734 613.179232828008 448.337221002683 582.024996673869 554.917180338911 675.521338306945 555.46055740373 555.489760032065 610.436142776002 566.277822094417 575.462513235693 583.314198016281 587.770329190235 574.908662500299 556.645024161119 551.08442517374 571.624287048419 521.026947643342 517.998444205371 563.919261905724 621.764835646974 497.375072412258 603.183686493399 635.761229596668 583.386135781554 578.610631105448 563.912969992139 611.81669262316 546.889307885427 539.031686611328 567.897536570957 595.845110875568 627.637515116162 590.289408306581
-35.9157744474974 -32.5106593897739 -40.6723725110411 -36.7112373183102 -36.4344618928532 -37.1681490147785 -34.6737973458871 -33.075965623927 -35.52110499459 -37.1056630385648 -34.2757150674169 -36.4628411880123 -33.4423728318228 -34.2600836260038 -36.3638530156223 -37.5065699046078 -42.253005472576 -32.7261798559092 -37.8848804820988 -38.8778732519136 -37.7703476568395 -22.512569687691 -37.616917948593 -33.5094279770279 -36.5681173200901 -35.9520272955838 -35.8741013831531 -37.5804887532611 -33.2466980449128 -34.2034356067522 -44.9880968885885 -36.1504024458136 -35.988292359082 -34.9874997189356 -35.0432985559778 -37.0359185838621 -34.1183714462137 -42.4644304734383 -34.9365316921963 -51.9163318110792 -36.0778702159836 -35.2331493455238 -35.1566044250464 -41.3593596096434 -34.5974675106832 -35.821551108718 -34.618567127209 -55.9081198080401 -34.731558302698 -36.3119119451407
-7.72672698728408 -7.33957062091743 -12.058001168994 -8.01683982514492 -11.1172984274709 -8.04408792687077 -9.15870534282159 -8.12910505597197 -8.28802189238406 -10.6426950739735 -7.23327391917056 -6.90515232332904 -6.89257807835038 -7.90504971339269 -8.81264524157533 -7.72153619870368 -6.57736824263904 -5.71817117597319 -8.31981225121639 -8.4480124075129 -7.99870474743768 -7.50720108016553 -10.6830167417997 -7.16740817511117 -7.35336141081506 -7.88445357482939 -7.83201847529492 -7.32073024551875 -7.05990686977944 -7.79444708760456 -7.73509240673185 -7.66184948678019 -7.70452895404182 -7.43764307665961 -7.65108753727856 -7.284672464892 -8.07897072457826 -8.35029151905584 -9.33791453364795 -6.02044168204443 -8.11135435669708 -4.38181139819645 -8.26768894984505 -7.93749210839036 -7.5944313555546 -7.54807031304691 -7.81399654515091 -9.64638374748684 -6.45722105458026 -7.47498266773242
-487.814654967932 -431.701173531591 -416.8911380992 -541.915649631166 -465.366443296342 -481.015109776915 -451.848331066832 -456.878417062324 -507.536288801714 -600.273309181068 -447.477492699406 -676.463255108691 -603.912175133368 -573.102652992817 -589.284778778844 -495.826225599 -577.840697645072 -439.066696003442 -494.15997107305 -565.933302959511 -511.270408378289 -463.881841369544 -457.859428356989 -462.270295841274 -484.9913815611 -492.305228026077 -482.796324068778 -509.147466473394 -357.21627070278 -462.570633782451 -456.142197699264 -484.922374262613 -496.352911509687 -476.595731107638 -486.214767867338 -488.727099529744 -465.363061596039 -450.990881765672 -501.525212657837 -413.479977961941 -467.675096055477 -469.675221151478 -237.405530901542 -753.102316102421 -363.695424734677 -488.315949099281 -829.17052353082 -359.405105862556 -701.987417291285 -614.132309875772
677.481943267311 819.542190442423 1193.4853645324 769.106098391823 853.707157469979 900.271818018355 1043.84787958934 947.127480351621 770.486300412842 910.393265721049 651.740524698543 973.14637818828 932.751395005799 850.536161076581 921.270865129629 833.973119875077 1055.13572842417 1026.70531023965 789.432290983227 932.558852550617 823.006829260014 917.8249412363 1013.47713984557 633.295586820173 930.752896919679 918.773125116999 889.546163056926 953.430739806208 957.821483056771 466.801890298586 1163.9271889578 905.679485258728 922.900004092392 831.15393829116 835.379305104133 895.729961883248 930.132326323816 872.480525467822 915.826475485142 872.280988086932 896.329129008401 607.6482252091 367.591007638401 820.571897174929 910.484338279586 1056.96887139331 873.24587297866 872.190943547569 1294.33363539272 921.182403236196
52.521690226776 50.3213822474329 47.3556889644057 50.8319197177001 55.950817916568 38.0861131751336 54.086409276801 53.3281925289664 48.3821838860229 50.0050475493322 55.3152842575525 54.0707387202931 57.8098849941656 50.7627446504847 52.7713745313179 52.2476969442804 54.4106273800452 55.1189020236651 56.5906078754566 36.4238713765142 48.8541997972567 50.7773041463605 56.0021490672107 55.1690660681303 53.5444932148423 65.656261639964 52.5046595938234 54.2133794100854 57.6215735084726 55.1554752154428 58.898435454152 52.3836871595037 53.2624559425762 53.5778152724566 37.2828319919247 55.2511805163133 55.8539546695785 51.192075024779 39.3830206060768 48.7696758503707 46.9386170436081 49.885277037124 15.7127058937588 48.5297406282011 53.4685401347888 66.3863772878343 51.4426383190439 53.6176452214213 53.793620456587 50.2633366694675
49.1082589030253 46.1597632698956 51.9662787997152 46.5844947927152 47.5064545982459 48.9190303153121 48.679744238637 24.5681315905773 41.1738239329299 40.1331598981732 48.3615856702287 28.1892416544277 25.9580372183045 44.8542507618157 48.5632157931508 49.8133118687753 43.7845026705226 47.5392208136046 32.8525453234013 52.3052349101168 42.8434153625861 38.8872443928692 49.2330206129993 47.1725616461156 48.1201989003829 34.4228246284611 47.9337911519152 49.5385414397946 43.5594421919832 50.3005124282039 47.4285164809246 37.8751875264557 49.049733792094 47.9621735491469 46.7416391839135 40.3677101359764 26.1432569185145 45.1320590374345 47.9103007576208 47.8796011335929 27.7670252836094 44.2873474619199 46.1635362328282 56.5984757489011 49.072027958574 47.2451875862277 52.0293920248052 50.2562203553602 49.1334219737951 44.1840919228431
8.48924163698116 8.34758129519598 7.96003888424856 8.01838827543969 8.26275332148852 8.86934082001858 9.56905658595011 8.45307989702081 11.9953813690629 8.85717544885409 9.12149387736533 8.89408140448897 8.79342526804845 9.51896507698128 8.54561084130833 9.18629814327978 8.23501552143639 9.43789349445818 6.09144584443917 8.03014933699464 8.92428683868116 9.33699676352237 8.42652807754576 8.34992277545171 9.67778170952281 7.97133826699137 13.1036335257439 9.56684653121777 9.32523493975864 8.3685952321429 7.72862841825893 8.97255410372054 9.07119012554474 8.61245775535114 9.09591505705907 10.4608672481925 4.83211320406455 6.86931690641641 9.1900695657776 6.37242515118324 8.15508398529352 8.75397680826957 10.0740624802473 6.81469499001864 8.71241802261424 8.84952938202759 8.8703806796514 7.97542971740567 8.64907289298051 9.22845221011845
33.2980622480975 39.4238339418838 32.4483191114619 36.0550972516324 36.4911519382207 35.6344353034773 34.2146915038011 32.4118521236438 35.2136193084676 33.9851874456733 34.0563613228101 29.8598872475633 31.7988500523558 32.1328933325463 34.5447258822121 32.9538704916727 51.011923936522 35.542625113172 31.4803070478381 33.7783776154674 47.9867617784528 34.2827686320038 35.5774631148806 38.8739261426493 51.8750336985793 31.5974847749373 32.7763943093926 29.7516732199147 35.2373720440326 33.3466460874713 25.0407176482165 33.27172408639 32.477024045537 33.8324471824567 33.7200871708086 18.5090492264584 32.3425978688214 30.332742426367 33.1211217539073 32.3546151796806 38.054892493284 33.1471092170408 31.9798645504755 35.9233963994734 33.9132092526303 33.837599294105 34.8798149671428 34.5285371242463 33.5050483477944 24.4407486666855
35.0077693343731 34.5036133826753 32.7799292395148 37.1793785078771 12.0335465104678 35.4712864865589 33.7547277807555 33.5337186794279 27.7124088887345 36.5051438249554 30.9133352839015 28.2289346102285 13.7313465807705 23.4146707673193 35.9721261354984 32.0302933270459 22.5492371580917 37.0306033694383 31.5920902870899 36.9558337652501 30.2429292607394 41.7727928315298 37.8445686694922 38.5099256760612 35.2634700311892 32.7437375818798 34.1562665203148 34.8042411341515 36.5512896685014 36.0453378728014 32.2012485322912 34.4999066760326 44.3459265620794 35.6195361238484 35.9579701008515 38.2181345088745 27.2706827922621 34.7826967560568 35.7917714080014 33.0731674330007 39.1538618644337 31.6942578464637 32.4816276400948 28.6858304074417 30.9618268256382 35.4614110795356 23.573550500217 33.9260026506575 35.4349250442523 34.0645442496837
8.32555703844898 7.50727870766987 8.91343691358138 7.93409360452166 8.24543208868178 9.1506174444709 8.61118675303645 8.62994288320203 7.76913735275375 8.94667328603046 9.21272118718298 8.35008195887912 9.60798791113036 8.14200455800459 8.7415163645535 8.84159257782712 7.98219131201885 9.23068717185637 9.83841220891059 8.9085490632217 8.12718530539597 4.69792467090337 8.31780797690483 3.47449258587182 9.10990869116395 7.70425235060944 8.18305246612685 9.16717753128815 6.91049351400723 8.35461869811589 6.81398250196133 8.6269668128042 8.66925042755968 4.267456622622 8.29650601066512 9.14645101799479 11.7960521799987 4.22173587561191 8.56467766250439 8.63678153999619 8.97844746907634 8.23566206948887 10.6320651572658 6.52761847908824 4.65824091685829 8.56788860755935 9.05430961013587 8.05157247419768 6.69733870172846 8.21726759704353
64.5485763090154 60.9568924670186 69.8999400757731 63.7539850397912 63.587636832376 63.7512792523657 66.8878972530926 65.1862939105912 56.913555717401 61.1873441068837 55.009923748073 67.2344013553312 66.1965878054303 63.9004920722837 64.3269913937782 64.144337542693 61.8821369697279 70.476667535713 37.7754934038598 56.9534331665473 63.032372555054 63.2521270563748 9.04107802376374 14.448514242513 63.961835201471 64.3186452813109 64.7498915066058 65.0446584542626 69.5649573031899 67.895683131163 44.7521798965409 63.5081616180622 59.9476345673148 65.2716753177617 65.3018987158246 64.163230677002 63.7595264711034 67.519028540865 62.7472110214414 74.3291882214946 70.7906284356629 43.7765426525331 66.1332328863664 72.9228322748193 48.1485175518081 64.8532023480108 46.8158194847705 65.695746435553 51.737873003333 60.4975343005126
40.9384669486627 40.735961667845 42.1280280756828 40.5899257054349 40.8255940624617 40.5715781606711 42.2795525461981 30.888283793772 33.8749985003203 40.4764982524705 37.3400179100268 42.1860813331083 37.2198052090284 40.1002251952113 40.5991708134715 40.6145368860886 37.8665275659666 42.20091237358 42.8767835237171 43.4988427847229 39.8900926976667 25.2558660340166 42.0934412255041 42.4713537845852 30.3106274241353 40.8657479778469 40.656327553704 43.5603571524795 43.9549024938389 42.7448165113344 39.0031981905928 40.2386020520063 32.0987719341583 42.3417285332562 38.4520154224726 40.2774062541805 41.1855477484925 39.8170632151727 41.9169821696305 19.3788197773099 40.5699953174498 40.5422556114009 45.7597460963049 31.0027343921265 42.4197319584912 37.0604728941019 40.9818129956533 42.1054304472662 40.4328605351773 40.527806139794
0.450861181186809 0.430750195867973 0.404715823983223 0.444309728533934 0.47280720788099 0.485344564840691 0.527005512907103 0.442044398765385 0.369130413405895 0.481745674429355 0.503191711759282 0.495818160031059 0.502203965163716 0.450279930300643 0.455725558621835 0.472754145032556 0.393762468675164 0.476168466362342 0.57374797722671 0.473092204712292 0.518802705934502 0.475906286951253 0.454142272023167 0.430819286938766 0.507534543817771 0.436382205437912 0.443790809005977 0.48322357992945 0.429504900711794 0.455206344864285 0.433213622174506 0.483267105467814 0.275205073292894 0.465730019018571 0.466286481864305 0.468187308474199 0.449857991945695 0.409681516489415 0.478198899797824 0.480561856889388 -0.0314414039616382 0.459119265164078 0.461175950634626 0.647833958407693 0.474824955248123 0.467441492520157 0.462752882436123 0.43322874253245 0.466530815936949 0.485333162984369
44.7220628761807 22.0664611162582 43.6866607184866 32.7338382004841 47.2229472183044 44.6614733961074 46.6828968408587 45.2229685892697 41.4429596615294 44.9779813382362 45.299441489566 48.294340091151 48.3227912466975 43.282615339863 44.4050592699532 45.3781257065039 23.5417064003472 31.6721833405475 42.7881498018996 25.2108832159186 29.1871180038285 42.1464991328888 46.5483451179264 45.6390684712752 44.730162016837 44.3807476735097 40.4917559869643 44.6922206818958 48.133543234086 43.20739153403 45.3364347728947 44.3144827657863 43.4714357034812 33.5176524588177 44.1772251200103 48.4312590004444 45.9858023128955 52.9115370835631 45.9698507688956 43.6090512179263 44.528448242051 43.5858689289038 37.0955569299477 42.0733375324217 46.0957381821428 25.4141228030268 44.6954865603599 44.3599792377375 45.6067937600646 44.1120209651148
26.7351996249686 15.6699254693996 25.0766749859038 25.6811286230997 26.9690581611313 27.99232035366 33.7699045933412 26.696379162489 27.176656180425 26.9044760574448 34.4881378087674 30.1340031297034 29.1571309446719 25.9803418202473 26.7160160107387 13.1619640441289 29.1217844865384 27.053175234676 25.0683814311955 27.2616742730631 25.9176955400718 26.0297294528844 26.9385649196706 27.0087971552727 28.3740045655252 26.1781940886745 25.7557740087895 27.4707348410843 28.825157744457 26.4739421645687 17.3814311847558 26.6717297820895 27.2669783466501 26.8254857642492 25.8628658285891 27.8293518131619 24.8961246742179 25.3637920753356 27.9700856087286 24.2857918079188 28.4588877696491 23.5603166843131 24.2260185637024 25.3948101814138 26.9403231872341 27.6907893367026 29.3131494795328 27.4684482682555 27.4339782715618 26.5338476643557
5.16839549750463 4.16476081342143 2.87715698033861 5.20298785620652 5.0865165694742 5.13464497705301 5.25278721651644 5.5895719076487 4.52858175978496 5.21820757560684 5.47515230006481 5.04661084545299 5.42807795079326 5.41336498578626 5.28107051414973 5.27514307727232 5.03684303866825 5.42352796512196 5.63740975981971 5.17888316550799 5.17188261554344 5.1837975461675 5.57879939819288 5.3335936644434 5.37687004779789 5.20685209477536 5.34424915870236 4.10460978045214 5.7240284689837 5.59857450320189 5.04652195878266 5.28047051590073 5.34205850527973 5.4615306977666 5.13449460290444 5.22362252572936 5.17027213521399 3.69280172497323 4.18146756815089 3.76420898151581 4.08787685829375 4.80487537972701 4.08666372160864 2.5242668819447 5.39574087634487 4.96340339339696 5.07609636787107 2.66561496655697 5.46228167979744 4.97196391627388
247.317830328902 263.455321577693 250.978434979107 232.771680861856 274.294800781962 332.817971201437 127.713929299594 243.277134727255 281.691161013716 267.197348918931 283.129365134813 266.435843435653 267.51698240418 262.474719957512 263.06199596622 264.560207394622 268.278161339602 284.650448133848 234.903886551877 265.362015466103 268.373566565253 287.048577093349 275.911692010915 282.592898561861 223.724237789709 255.352209996272 272.127382155707 274.245070209337 285.485254950958 248.406124440065 251.815468310736 275.324185587955 269.339699428659 312.39411870385 284.542955560075 274.144430683294 272.776595821396 362.00064450309 293.590769244058 268.129391092201 245.4353873813 252.975315977695 295.857334222877 193.086050799753 262.898399037584 193.036963390045 276.832675563732 312.785827450434 258.049912979487 276.216798680517
270.38679253818 257.359153239325 249.050488950859 248.999114953748 357.59509113025 245.493272789878 296.343697093093 188.945689568296 296.687360057647 275.261854874966 294.692605467221 284.508948500691 275.832269993995 257.214935421844 270.111444059145 274.770621160551 282.660025762388 197.182289939081 273.678335435716 277.756952653658 280.36568275488 266.038327495179 279.084075195573 269.154172285102 314.293837599623 394.917227724483 283.40834873929 159.722352909591 294.027814255944 261.471031509144 274.464102162367 284.525532263323 284.48705969491 269.386324277814 202.674747733422 283.194925866236 297.976217159412 224.934835573475 288.775079911166 273.744517740313 265.207908220316 265.172432708346 315.498351947387 283.652901937724 272.731789418806 278.084064106618 287.975506264313 234.560409362677 270.823945395016 234.581756456197
