3.4806445824303 3.31018309452026 3.48081752056044 3.0754848047661 3.6260055155718 3.30920777044376 3.46358120609941 3.17859594997396 3.52452259845452 3.12734311526637 3.33210575260425 3.4623840823212 3.23281496641715 3.21142335302123 3.26380218945282 3.21149775748353 3.22773541692845 3.43638271570472 3.48450277458882 3.27612158670502 3.43328421185869 3.41244061634885 3.47626833727972 3.41826455732063 3.47519213962047 3.63181410278691 3.46670124531524 3.50421575278513 3.22914248663665 3.4370075209083 3.46510019797227 3.4682305931622 3.18279168025579 3.46176588251771 3.20053674661398 3.43402521527111 3.45073412032387 3.2758102054268 3.43062499715488 3.72439938751098 3.40869441948429 3.47071689018401 3.17503892139097 3.23107625799046 3.48521974853341 3.14104784556652 3.12569027739696 3.09366721445541 3.45371340616646 3.48119471870912
-2.26680260461415 -3.06933241388671 -2.27692974077743 -2.22671659854179 -3.76431983883309 -2.34131753532676 -2.22350270755936 -2.31218110535204 -3.83891052763436 -3.39497212136881 -3.21997882271567 -3.79781812670221 -2.75896651710617 -3.4985727228544 -1.64847811175957 -2.08548374862754 -3.53020506613351 -2.18604225378459 -3.67111410908414 -3.64914534632161 -2.18775164127047 -3.9838320241996 -2.19242104602277 -3.72795323511417 -2.26915278153189 -4.35015835659064 -2.2700830727301 -2.286420355525 -2.73166921093385 -2.19194982737196 -3.88004130209006 -2.26778762765129 -2.70535454566075 -2.24265327659805 -3.45888925810335 -2.18956824459384 -3.79700184229479 -2.22451258778426 -2.14322788441364 -4.11480743555615 -4.16996944606191 -2.23841036817335 -3.0663218158373 -2.36490302451213 -2.27411837602177 -3.70920973489479 -2.70601223864416 -2.27517648223888 -3.82985218833487 -3.61563420028668
-0.272512963503938 -0.160022006050261 -0.263024515066714 -0.234947582964408 -0.191293476494639 -0.248162790375495 -0.270357306036727 -0.260001607397556 -0.2363536441382 -0.209504369080705 -0.234919139061253 -0.225719842548076 -0.232361740282683 -0.259637338450622 -0.249840956717814 -0.251331302477576 -0.120359044523065 -0.261663255240756 -0.210498955159091 -0.254616206218017 -0.261528802373325 -0.226913694530854 -0.242125779264071 -0.250193586586381 -0.266773710703614 -0.310199784743276 -0.257437232497938 -0.269047589799943 -0.216555783296091 -0.267649130493247 -0.163808451186671 -0.263013054513271 -0.264554483900434 -0.269928822666838 -0.234252802174412 -0.25980084439645 -0.380215298756136 -0.200956354542374 -0.26538377554033 -0.163361916032279 -0.241148644861083 -0.259660021416332 -0.250576016514598 -0.257286091941613 -0.267542330388024 -0.0738605071809359 -0.196268125353938 -0.26610955126807 -0.278722453507978 -0.386734573172102
0.560447672432319 0.642099828241719 0.576074796991796 0.58972267654309 0.88260471161148 0.544674226787476 0.567958038213541 0.597779973707232 0.845950536102149 0.371095183093118 0.61606847752785 0.698953992506996 0.585509252350342 0.642641870484478 0.584836695083979 0.604796784444788 1.16734346022993 0.57071228109127 0.691704646002148 0.738652904435244 0.767152368018188 0.635282908946196 0.577225657124795 0.62031356321541 0.571613634821227 0.843960321819427 0.576464860864212 0.5590914278815 0.602030897938744 0.57250213091837 0.677044527479694 0.554218633039201 0.622049075378772 0.76875170773515 0.53371984688359 0.566584298817032 0.633344767411658 0.582950930538442 0.576608407448798 1.45383725546347 0.579217191817294 0.558378707136001 0.804574949578885 0.579343692140936 0.565460292328607 0.658893825061386 0.640255142898127 0.580511672781497 0.634856766157599 0.638727410086415
-0.0710228617251144 -0.0654275165132039 -0.0703517910141528 -0.0617575917857096 -0.0657426828087637 -0.069976453897509 -0.0709675874405929 -0.0697888849813934 -0.0710846977447129 -0.0657552296352639 -0.0634395954833201 -0.056011624193799 -0.0757776383075752 -0.0598119912403215 -0.0724718776571739 -0.0680517874137271 -0.041086692219519 -0.0671590850410444 -0.0610555666601531 -0.0656118324641622 -0.070242881094216 -0.03506151447113 -0.066322476339638 -0.0626253553052597 -0.0715533809870845 -0.0770087768380953 -0.0703139300545636 -0.0708614668718316 -0.071448560367673 -0.0709238257184384 -0.0645518453110844 -0.0675831877248614 -0.0704536163794896 -0.0700347606030308 -0.0638007117816532 -0.0697011071587975 -0.0634463577159151 -0.0703480563110911 -0.0692739012972135 -0.0465477043289064 -0.0610004293252443 -0.0675165939977154 -0.0708628789458693 -0.0689725831279432 -0.0709331465309367 -0.055036605894884 -0.0655505081282183 -0.071313798301028 -0.0677187419749197 -0.0622315851715231
-0.340602799358 -0.364351766811867 -0.343849463802649 -0.32674904975642 -0.391469378741333 -0.362949525537866 -0.372699423731887 -0.341366157610388 -0.160197161800448 -0.308447782764 -0.307804625765808 -0.257566608823946 -0.358583105943365 -0.331797116616234 -0.39289492445217 -0.346657818378171 -0.143904959916942 -0.371476553074861 -0.328539235232903 -0.342165632028291 -0.375785481042959 -0.270027960853086 -0.342555544556585 -0.358731281748016 -0.366485016668447 -0.406848861516557 -0.372929694860283 -0.352251684058511 -0.341426454421589 -0.396656347885221 -0.25845584027015 -0.355035766365015 -0.393982533956078 -0.379272328222905 -0.344925006915591 -0.215542332797599 -0.338065820136121 -0.370129746594597 -0.375413603317639 -0.0793719559849382 -0.286666300123503 -0.378829759104012 -0.388673004935806 -0.267161323480055 -0.376593473928065 -0.148010392215183 -0.387184276148468 -0.368973440902171 -0.30834670163756 -0.224283349197152
0.526920643730917 0.613787983049321 0.524163321470474 0.524031934179087 0.495623279842538 0.507844218152895 0.521406573084698 0.519182326705783 0.534677333065858 0.458181697590397 0.525309268895989 0.530963937897023 0.489680998584707 0.498964595937387 0.496279873749505 0.557739218865369 0.564042739561966 0.522646387786954 0.511669419531764 0.512599401734814 0.51957574392978 0.50144905319883 0.541051407652311 0.524817889212112 0.523430683686063 0.538992256413989 0.52187622679821 0.534183703325319 0.478321730400411 0.531689738495951 0.53064459862754 0.522688352103917 0.496152378763571 0.532690975727252 0.541368386456934 0.536337106928524 0.49941504376293 0.536509041102659 0.516498964101948 0.683837794328776 0.60154673400019 0.513662259031931 0.486425738240684 0.522976739439206 0.52268766508272 0.478270055596474 0.472952949775491 0.524233906323715 0.514395874626216 0.524397353925198
-0.113086305111999 -0.0808251032344526 -0.113988732193622 -0.107016344673099 -0.128634305326213 -0.109146904406759 -0.123413631009074 -0.10585975897643 -0.0893550967379592 -0.125754631797408 -0.0986872064245374 -0.0530180412997933 -0.0905463235255622 -0.106445149806225 -0.0903195019401893 -0.123058903171826 -0.0538613831125452 -0.113576664130234 -0.08535764589473 -0.0683579695584385 -0.121120788752308 -0.108867102320629 -0.111735709256015 -0.0897685965889463 -0.114347306089484 -0.0699847961898174 -0.126960645344846 -0.11860072254437 -0.0857651539203904 -0.129818737337548 -0.0447899497882184 -0.117326359701196 -0.0924802036949 -0.125187461127064 -0.111050921478989 -0.128826377228117 -0.0559314640881515 -0.0898838077429134 -0.113349636513014 -0.0304454974423498 -0.113574186693912 -0.0748449388210516 -0.115518257411354 -0.126243435004488 -0.118045910875488 -0.0301472736272774 -0.0693815791340446 -0.0925670539759662 -0.0701909905205676 -0.137569712544826
2.13098587806924 2.63925648843039 2.13175152847961 2.26240443123407 2.29760775139745 4.15451345174808 2.12799348253007 2.11751250593922 2.78670342007872 3.12329270122425 2.5363804288548 3.11397307546141 2.12407859832258 2.82601931275195 2.18026875060635 2.22596767055953 3.37651527112619 2.13844507535974 2.38134144386239 2.75098900302314 2.16530222111032 2.21575979569005 2.17425280042405 2.39758573779733 2.14518382237005 3.27601761271534 2.1635928885188 2.12985069804012 2.16346078837668 2.14580756894924 2.58673051106999 2.15453256177755 2.05809723917425 2.17137127466153 2.29393838503189 2.07378916315316 2.26729486012234 2.08094755993489 2.15542130856967 2.02489600858534 2.29047254135668 2.05983862062381 2.27930757231361 2.08719603068852 2.10971133056247 2.31276884414514 2.72647080845685 2.23991092917615 2.15549193789092 2.55760979183285
5.73480540645353 8.09928382435461 5.46145701492384 6.08251395671117 6.40760838409361 5.98233412060616 5.88443412739689 5.58411273513736 9.75544150891338 7.23101735893614 5.19072667783109 7.24881730252638 5.42171922066693 6.64155947042395 6.31161999733783 5.52487764076586 6.90703609237806 5.62614808137024 6.47082288195445 5.7156438881389 5.96036521376229 6.38616992650393 5.79871598409801 6.64838400353966 5.78923426505963 7.87301491101436 5.72948297414861 7.72936423668151 6.11042780410681 7.48784453790769 7.01712386367464 5.60553527280357 6.74994122498774 5.14653214785243 6.41242568524852 5.53326003816139 7.07920584395223 5.64207194800519 7.52782545230854 7.61630298014849 4.74468483464063 5.8196041636558 7.48195467767481 6.25455051292155 5.57554548991674 7.07139171162886 3.64397055671807 6.10640319636759 7.24915893198376 7.0443059857554
0.847490956256562 1.4127041113851 0.821034717131825 0.889888139800343 0.867834106332351 0.896128652730758 0.871529649922658 0.883078009590722 0.812788151455926 0.981915097989534 0.950865543774499 1.29606376443683 0.956503976121963 1.05104065997639 1.0297618588321 0.839750516314215 1.10185120790399 0.859032590705617 1.02092110001188 0.957907823984114 0.911553625568181 0.898134242520565 0.903721063594636 1.12899612472716 0.888101388862287 1.00112189145954 0.880432789361855 0.807663754809205 0.853298353823333 0.799645196336718 1.00092906318747 0.835048971316237 1.03581191252933 0.799213025588698 1.22270636651314 0.865860536799435 1.00612596485668 0.883846547081163 0.78281902580118 1.50094113216445 1.00063885504455 0.86028287100999 1.16898321083466 0.933544742568005 0.851539500181129 1.3382864525905 1.08792016853307 1.20796439759657 0.99659729202174 1.57785905638701
7.27721226596277 7.66196157860944 7.5293595806613 7.80295363149633 8.51948620298394 8.21089433866884 10.0544464500987 7.56696960175242 9.17268847782944 7.74403829208464 11.3777404129533 9.36564430305566 7.72144101897366 8.92382986199591 8.93966821843724 7.51378090791574 9.0594850507279 10.0900106464713 8.9842791957418 8.64792211183192 7.51342156644493 7.91887916414249 7.58356574139898 8.50980396770324 7.21211566797494 9.82439625187875 7.45296014742851 7.67159066699676 8.44451865350623 7.38309082389406 8.77281742434507 7.5260331884941 11.2997123647088 7.37929141938859 8.32721745459886 7.14383802344035 9.46048343106666 8.15674781744736 7.08305752679154 8.64622234576839 11.1835193391513 7.20414045700435 8.08085296326713 8.33993399278331 7.57704739301826 10.5872803404987 8.32498867857812 7.54684495039962 8.8224234674756 7.52131873298077
-0.678032109788064 -0.64183164116052 -0.674089217376922 -0.644188086986073 -0.54087417009204 -0.691687493179679 -0.652724366584156 -0.664596295108208 -0.53083695555902 -0.403230125030878 -0.586760957068876 -0.548604136040587 -0.579319309079586 -0.577768660569113 -0.679298595167646 -0.650683957122936 -0.497757466477741 -0.662326811923527 -0.658310080497149 -0.654614638278133 -0.678718692815925 -0.626058415000281 -0.667163777548741 -0.621241237618579 -0.674331872611058 -0.867221633693845 -0.678428061720953 -0.681180320943126 -0.608178418592287 -0.663503495339472 -0.534588777717916 -0.676509066102671 -0.678576167679903 -0.681359676026144 -0.594369969676225 -0.66566501522281 -0.42472938134024 -0.684306733482857 -0.671845199188975 -0.532471002315783 -0.453930075825238 -0.67453225556368 -0.688362283456355 -0.663766291790505 -0.651715134585868 -0.635532500673302 -0.628811342313861 -0.67514146072897 -0.635961679174449 -0.586080310320124
-4.003880208661 -5.59105192043996 -4.04843024608389 -5.51653638448395 -6.37475809182134 -5.65601450311234 -4.0402144169723 -5.6599816520953 -5.97986661810895 -5.32697034944633 -6.37252653037473 -5.51428257565172 -4.59119449034034 -5.77572580422393 -5.11822076800718 -4.19825788303332 -5.80776805720826 -3.94638276312348 -5.81769638097836 -5.52414270572205 -3.94475383289858 -5.72963919685063 -4.2955703804008 -6.89532334958984 -3.95909938394903 -6.57285050674871 -3.99934523075683 -4.33564601595602 -4.7096064865801 -3.96046301690411 -6.8356527877384 -4.10462144546564 -4.71658468970808 -3.95802198009934 -5.42090933520863 -4.23341363595143 -5.41959908503827 -5.65017676714734 -3.99452875095357 -6.62172638275025 -5.91653832438044 -4.07613298111172 -5.70479918394709 -5.21635103940791 -4.07906865400668 -5.39538747122949 -5.82067634815279 -4.54954307773795 -5.66414586810832 -5.8463867120784
-5.68559397619604 -5.99191681865 -5.70396352750533 -5.62704687978182 -6.59413046949564 -6.17633174440159 -5.66514746390574 -5.73192398392814 -6.59847288052657 -6.80471926883844 -6.00744244812842 -6.45939594461827 -6.26474784725625 -7.48011597397402 -6.28361230425979 -5.73232805304749 -6.24113157987922 -6.15192182623267 -6.12829446325902 -6.3271960449491 -5.69369010854127 -6.15437984603351 -5.7508691104825 -6.14533444907403 -5.69960528507817 -7.4991341440612 -5.6837240448982 -5.59371010892746 -6.26164201378541 -5.70016755902863 -7.42824632295911 -5.6530556027475 -5.95718350817285 -5.69916103348059 -5.8565796851504 -5.56782566392598 -6.00874384919647 -5.80220313490336 -5.68173804044132 -8.07462534002761 -6.45434039591614 -5.59914609520165 -6.72840467599223 -5.69772389566563 -5.64251928581144 -6.16515078307582 -6.15936031501075 -5.73922653029575 -6.46337134831718 -6.3859786182775
-6.07135887929376 -6.19136865745683 -5.97286332648807 -6.42595310053803 -6.86909382134077 -6.20115588454799 -6.05594599396607 -6.00629386732541 -7.38677677618847 -6.86111564949033 -6.31837112082451 -6.99086060143683 -6.5053430874757 -6.30261590843134 -6.46606562046323 -6.0854974529028 -6.22043756713756 -5.99817867094981 -6.99736824178717 -6.69822620517359 -6.00973578743418 -7.47728674698055 -5.79914823384914 -6.43652712319009 -6.01477537998667 -7.80483001714822 -5.99702283574293 -5.97944482549515 -6.53567354677861 -6.01525442428831 -6.86315055907247 -5.96126346774294 -6.5461074861733 -6.08107788483867 -6.20449295585346 -5.97458419997218 -6.58359625647233 -5.93412611310304 -5.99533080623077 -7.56390162396204 -6.8311471027504 -6.00429246841759 -6.7970670716177 -6.10552601790197 -6.03885684082071 -6.38156461454455 -6.63209157625115 -6.02655394399277 -6.85473938309528 -6.86928539797392
-7.05941874907177 -7.30155896102407 -7.09079594525158 -7.00780813905706 -7.62908659223752 -7.00430746720851 -7.02387210718128 -6.91657812424849 -8.68764893733628 -7.82848865295671 -7.05978404621576 -7.69629622847399 -7.26020457147913 -6.96226673047438 -6.69640441031281 -6.72578297505666 -6.98771278087859 -7.04052226227093 -7.71277215243197 -7.00907153082921 -7.1444050833715 -6.71677482961384 -8.37088629874068 -7.49551508874741 -7.16536503808056 -7.85573060572374 -7.13907676114721 -7.05207462640066 -7.41356889976191 -7.17815747916053 -7.45113415028327 -7.02949974418855 -7.54508641985975 -7.08411580377756 -6.90787816397946 -6.9298017785844 -7.39854014595908 -6.89808406210851 -7.14031781934016 -8.74280674641705 -7.12903779515568 -7.10757077738253 -7.41618860411415 -7.09570960102219 -7.00101401990245 -8.05937862680403 -7.15694939636901 -6.99546036117611 -7.30434992633093 -7.37060701819642
0.885589713026729 2.00059033576601 0.859604546301193 0.920657197863823 1.18221008932772 0.998905751469499 0.906921223539311 1.27124437364646 1.81085484552747 1.31797098951823 0.97712949749953 1.23091439670621 0.883333466790536 0.959360137257833 1.31308771604168 0.899692133329111 1.15947238912496 0.896119553936442 1.08040590773629 1.11611708009748 0.889937003096028 0.941346435292366 0.89879565513741 0.802143029658208 0.918609796067707 0.894456388603082 0.913277893846976 0.820092495068118 0.913730251523604 0.918852411833549 1.19585044589698 0.850300631122339 1.1258849105651 0.918418105804474 1.02117905026561 0.860985630501903 0.987855203736142 1.0170649766371 0.89879289046562 2.02109548041763 1.10591997379203 0.898444830422549 0.875519244406092 0.867789220033906 0.898967141448416 1.21669551964315 0.895603814563755 0.946831478931162 1.02881617937751 0.986034828788805
30.5678956350804 34.3964802894482 41.7593244352438 32.710531083714 37.299935562564 31.1404399436291 28.8422473043473 32.0876556036926 39.1553650118798 43.0818810168053 23.898170838548 51.4501382411449 38.0733851106572 43.9927980710166 33.8625829159279 31.4687670076378 52.064853726757 28.9897691352444 37.489668347203 28.4405941110496 28.2259240031865 34.5261683164235 31.7563643901835 52.8431447250585 30.6553625915479 31.7970287289004 41.4424162686172 30.2020291784306 39.3859451583961 31.2674223122031 38.3652118283369 31.5948984032749 32.9837791781636 31.2516622173286 37.6328526645304 30.0096740528388 28.4958410785146 34.4887848453914 30.1449120127988 39.6350376640975 33.4442562257114 30.2680404207275 33.8524661275443 34.3817628313434 41.9571355517009 30.7349099379253 34.6104410159502 32.2834495079372 22.6901188445202 34.8928133936577
11.3797545533807 17.6577925403898 11.9938817975472 12.1267854461048 12.6502554269329 12.1759346448518 11.7466228147616 12.7895744305244 13.3258928010104 15.2045480295219 13.1413691874118 14.8542804688641 12.373043713819 15.1078404490732 16.8377387761648 11.9031436748375 14.3696081484604 12.0294760630707 13.0202789500813 12.7639927393102 11.9634294428106 12.8682591090707 11.7452134326042 11.3067857832358 11.7765936985977 15.1988294726161 12.2994697130054 12.1422769215412 13.7150117805488 11.2741467171513 13.3594437986168 11.3276617017872 14.3188758880771 11.2682091471548 13.2298341450051 12.0427211259856 12.8589274039121 12.7879476992529 11.5623016692806 9.83370963950418 14.0432577614128 11.5555019624446 18.3124995735535 12.2852999047399 11.8265194894786 14.7061727785945 15.4972092250945 11.4760916094868 12.4826526598513 13.470590260876
0.25 0.25 0.25 0.25 0.25 0.25 0.25 0.25 0.258114199970648 0.25 0.25 0.273101942708049 0.25 0.258114199970648 0.25 0.25 0.261487603478811 0.25 0.25 0.25 0.25 0.25 0.25 0.25 0.25 0.25 0.25 0.25 0.25 0.25 0.264961968672538 0.25 0.25 0.25 0.25 0.25 0.25 0.25 0.25 0.271544837951911 0.25 0.25 0.25 0.25 0.25 0.263233820542222 0.25 0.25 0.25 0.25
-0.1 -0.1 -0.1 -0.1 -0.1 -0.1 -0.1 -0.1 -0.0774034557210422 -0.1 -0.1 -0.0584645648148442 -0.1 -0.0967543200117408 -0.1 -0.1 -0.0764033054474957 -0.1 -0.1 -0.1 -0.1 -0.1 -0.1 -0.1 -0.1 -0.1 -0.1 -0.1 -0.1 -0.1 -0.0875589825887219 -0.1 -0.1 -0.1 -0.1 -0.1 -0.1 -0.1 -0.1 -0.0470243372018742 -0.1 -0.1 -0.1 -0.1 -0.1 -0.094835226032498 -0.1 -0.1 -0.1 -0.1
