34.549850873168 34.4363326517292 34.9209863719471 34.076443143861 34.5521401899431 35.0209182416573 34.6723844572479 34.3397095428539 34.6677690175221 34.4219733405282 34.4615315444209 34.5596081230733 34.4440552233563 34.2413487104203 34.2132799346425 34.6096198085257 34.2930947607562 34.8713693351997 35.1132314945978 34.5325971345324 34.0154170274896 34.5574285895974 34.8979129814623 34.3476583947971 34.5964847667198 34.3791962604798 33.6972703018169 34.5109195136814 34.7061438365541 34.7013834563435 34.5276879066629 34.8236266475725 34.6288795018389 34.5349999101162 34.259122828532 34.5003797575985 34.4536140611834 34.5453830649724 34.768097141224 34.524368316761 34.3964076967458 34.5758439050489 34.3700161759532 34.3717710744604 34.31806587691 34.2380608818795 34.525715160195 34.8503793492352 34.6231370172207 34.6572393401589
36.5156982604585 36.8685002714689 37.1455750730056 36.8663906647614 36.983910370479 36.8173961942043 36.6546481042911 36.8453763832386 36.4540194310242 36.6214796095118 36.8138847455227 36.7669447588402 36.8006976478962 36.7426619332141 36.9144508014803 36.9447966700993 36.7141073740044 36.6243342944391 36.8457266306669 36.6779304391217 36.9195299269176 36.7583525223737 37.1081719439329 36.7983535178789 36.8222563711088 36.7562679906112 37.0330389570188 36.9423718843221 36.8270715511321 37.074198250668 36.6310028857683 36.9896392001488 36.7871085741709 36.8808294443431 36.7449882175136 36.887047983247 36.8551592282607 36.7306939473306 36.9505359177358 36.8539765456534 36.9144726431118 36.8753454773256 36.7533019823643 37.0581837312683 36.9787396404269 36.7721444045873 36.6464513236514 36.8864264061529 36.6759119646989 36.7161787963259
39.3324629001967 39.8953406167503 40.2782964760946 39.8291291836412 39.9830892380457 39.8808915697422 39.6413195838269 39.9367942137208 39.7559256611019 39.5685075143513 39.7841448972898 39.7385987636141 39.618305981867 39.8753439403779 39.8271635974011 40.0715471710426 39.755555909652 39.6221322916271 39.8009246843854 39.6926774657006 40.0045337446657 39.7932199771787 40.1368876590711 39.7032166355218 39.7341533219118 39.6547139153372 40.0458297652545 40.0250294848197 39.813707048337 39.9030562451113 39.6525554324024 39.8951940422673 39.5358968554511 39.8335031077916 39.7069734540045 39.8088988968501 39.765062575085 39.7074563930207 39.8298917107393 39.8942651811763 40.0523889436478 39.8407613073289 39.636774197012 40.1121343504835 39.8968951283585 39.8967685198923 39.7745532447662 39.9412510090648 39.5836422131095 39.6950843461042
43.1938478914061 44.0405973064776 44.2514176482098 43.816848667516 44.0010249805851 43.7295157496174 43.5718596247751 43.8538323293472 43.7582157365208 43.5682810319733 43.7224997018661 43.709165255325 43.640122918648 43.767616780423 43.7377648120685 43.9331495190205 43.7520739401733 43.6343806454495 43.8127213629336 43.5633459935804 44.0129342155113 43.7549325830274 44.0414064635007 43.7220376084763 43.823893369484 43.6527570200432 44.0874413716959 43.9344823724029 43.7643840196159 43.9591785695099 43.63322119223 43.9218288594873 43.6293056791154 43.821728402428 43.6734218754817 43.9124775353572 43.8821585096789 43.6454326985483 43.9291373423156 43.8657749369409 43.8787013790109 43.8551584214665 43.6803335528186 44.084834922158 43.9348567342913 43.857555961912 43.6942788395386 43.800743993599 43.6245956089106 43.6900455339015
49.0469289950024 49.5812669566554 49.8977943738285 49.5086710150333 49.765448015967 49.5581504997962 49.3502511685006 49.7374270576096 49.5736474862664 49.2834100601544 49.5310777548574 49.5193475807314 49.3392764608388 49.4234212681124 49.5686575058735 49.7101463498865 49.3992841764342 49.620386240207 49.5510797131562 49.271426009074 49.796956732331 49.5128527834969 49.8476442274324 49.4772494098722 49.6633626398309 49.3818094984664 49.8459438316955 49.7477640170166 49.6176206678865 49.7931634669587 49.3120464006732 49.7727957053135 49.3792069153456 49.603596696463 49.3930183428578 49.804689550148 49.6234822989719 49.3963528085341 49.68653194575 49.6015239160236 49.6167436582161 49.7357642936348 49.4466680500571 49.9474157282305 49.7052445038411 49.5385361729591 49.6705554351336 49.5627777045093 49.3950826881131 49.4765417574458
54.8126092594957 55.4287081774202 55.5929304651621 55.3698188096942 55.5402300800795 55.2232107921313 55.2489495673711 55.2359055946937 55.3188465179761 55.2154216579437 55.2623097435197 55.2858158366469 55.1857729126221 55.2549086682613 55.3443127001032 55.4716556621615 55.1291316904055 55.1844836429605 55.2538787676635 54.9258906494498 55.5580762160668 55.2333900325997 55.7386002057601 55.1797013167952 55.5163055796061 55.1830174548229 55.5711101290964 55.46466953337 55.3570595486116 55.6440024746043 55.0356374072026 55.5604099422159 55.1123585131942 55.4035772670323 55.3468959697187 55.5174466743819 55.713282553162 55.1246552587082 55.5115841681814 55.243099640043 55.397491775606 55.405380713382 55.1979163986256 55.6688338780078 55.4660545868189 55.2777280143203 55.2642974929117 55.7246487684928 55.1637061555877 55.3722099530199
6.01077307877904 5.93249512321621 5.84674123631742 6.01718819371562 5.97603907934393 6.08161904598515 5.5881461326876 5.99000684948402 5.9247279521509 5.84757057407819 6.00158928994308 5.83403911392704 6.0748096717304 5.97380425026353 5.91697251590294 6.10120891206913 5.93227302808157 5.84964769283238 5.9874606159537 6.0187947559574 5.91102803279252 6.05851697594916 5.76124190241734 5.99811708825323 5.69495260012922 6.20684442616563 6.00056645777516 5.97516935766218 5.94899430993851 5.88125634820874 6.00087974290243 5.86837262959875 5.9468372133694 5.99225643615074 5.98974804255034 5.92689118404414 6.01846051640141 5.98018357131532 6.00126616278643 6.12553182215719 6.0183373603975 6.19480626645278 5.91436848119755 5.95456099224539 5.92802574302267 6.04253066284488 5.88135731016284 6.0587465636249 5.90075360491278 5.81961231884524
28.0398166797491 38.7308907900571 21.4933870401077 22.033623276947 24.3755400373337 31.9500522645911 27.3913864831828 13.7494890711124 28.9514303512778 20.3832098614628 24.0777759047131 18.1404903084746 27.3329320810738 17.4072834214382 21.0635982101743 21.5146925564705 18.6008537695165 23.952303311156 24.5496161965412 16.1763945216044 20.2336044309918 22.7004812546688 14.8342576680167 22.1733967967354 28.1330481397256 21.7163241677388 24.9348329607131 25.4451430576044 27.7619439867 18.5475660042554 26.3548137965995 26.210274868851 27.1845165681052 30.3446503402638 22.3870222603588 27.3404220789022 27.5907927003836 24.4834352549431 21.5513738291615 30.5936566657042 20.7274701482793 37.6761042185314 27.1144433317788 22.4743863617041 20.5809795032574 32.6817120845869 25.0817121881495 23.4774739298526 23.3619069171418 26.0143212970604
13.2511078382504 20.0092632598135 15.3655628917946 15.2331995151587 16.7078383202655 15.9103503043429 13.7291252660347 17.4082127047684 15.75126138479 15.7619414917361 14.5231897389951 15.371772750772 20.6130414369958 16.1715891537779 14.613507598015 17.6481199158909 17.233950784327 17.7331488592299 15.8827305848372 16.3987563153976 16.1221494227348 15.3720298533801 19.2590418333669 15.5636724558381 17.8678828250099 17.2164719456451 18.1407392783279 19.0625523188592 17.3570665931962 18.2690552662232 17.5724788814059 17.0413728001405 12.676110855595 19.6660437370828 16.6455578259412 20.5871541154622 15.8015705487223 12.8272468981856 14.6236210772518 14.9713365064514 17.5310502224307 14.9322858159333 16.4719331541985 19.426971461955 15.2274092835566 12.3503109214071 19.1823410181842 17.9432024919174 13.2242896167718 18.0368555482622
64.8348623125766 46.4757925006968 62.2792202953835 49.8896786000149 56.0418101644597 42.7286639140225 46.945120003576 62.57471074568 40.578108481114 44.8348279618917 47.3421957482739 56.5977516526214 48.3690255714883 53.3120480283862 43.4797908250704 53.9533483802026 55.3692592379846 46.5077632953026 48.5299726644026 56.6846079584237 61.5916029111558 50.2374188952396 64.640765681757 42.2762684133177 47.0572460757535 46.4750663314742 52.8546494995248 50.7170434275004 47.456936899238 57.6032288064509 47.8534338884522 47.0066224867888 42.0520080677216 47.7121312563871 53.7332423346109 49.6143685232376 49.5962964512807 44.125133202778 45.777179563348 38.6927439265978 47.3667342457296 43.6141214504194 45.6163541773554 51.9014496092674 51.9250478986614 44.2664685951463 45.4605852489205 59.1180113460761 48.1321964859709 46.0635066921738
0.4085375614152 0.583347870778483 0.823586731877527 1.51746258663564 0.95234590717459 0.545947761608366 2.07466810627434 0.803530579515384 0.716020777211597 1.49265649780308 0.480202550726065 2.9574350953744 1.06138019144924 0.916519619900554 1.3533110293733 1.10357633927714 0.769721896923747 0.958188097292754 1.2154480800912 1.11550908968718 0.774100461785081 2.59500822900267 0.30447201135632 0.849494877606889 0.506428936149593 0.174744759372589 1.60629488281146 0.56827888794832 0.313784444685579 1.03429372628069 0.899652419785095 0.614092372459077 0.640754660810901 0.627276260911085 0.812077062627444 0.44588214703057 1.33090136207242 0.496666715475636 0.876987827422477 1.55328162464729 1.65155461450339 0.949381563707721 0.846179453051218 0.392220208681989 0.549761086688677 1.33413308468951 1.06375745150555 0.489508020808424 0.982115704766422 1.25485560788004
12.3891523881128 13.0026192577809 16.1081165786534 11.7302538114083 13.018119491549 12.1357104738282 12.9973480562075 12.6784944454463 12.9313254921295 12.1040400113811 14.628895690001 15.6802178306271 11.5391141773908 11.7283505009039 13.3524584200104 15.4700956797013 14.3413580732517 14.3433314314565 11.2053128483278 13.9061274078594 13.3636442823041 13.8776780708583 14.9552422622045 15.7529306767009 14.1083514872795 12.2392361089832 13.2350008343572 13.6512754306663 15.1368053133708 13.0430919301482 12.2416438007265 14.0070759478973 14.2947691201116 13.4962713140877 14.6963979784135 15.5426530200879 15.0915252046821 12.6741350021682 13.2957964375415 13.4877761956041 12.7980836555099 12.0697280190414 12.2494070821385 13.5225999167757 15.0031891635487 16.1154794537633 13.853059355355 13.4283591955208 14.7364949319185 12.6220035856864
11.7196426414905 15.3409845898986 13.0547508379649 13.1610224712468 13.4204658204856 13.465860196484 14.516886093305 13.2975159929193 12.4270112499651 14.4187014233414 13.6691589356077 15.2412792261084 13.5228312947138 13.3040145925672 13.658521087519 15.5322789108986 15.3545105748487 14.1875254624747 13.5730072158919 12.8639197554275 13.6309774616497 13.7175150077387 14.2831873824485 13.5753487019393 14.162723359773 13.2715748342479 15.4603259372732 14.5284422756936 14.536512182262 14.0698242666569 14.340796604883 13.7171939189606 15.0276644714109 13.4817417719964 14.2452561138904 14.1372553746167 15.1903739253311 14.3747975915074 11.6197993446288 13.5867378619258 13.4058698453098 13.9530119621996 13.4390225271609 14.2868354759541 14.4552173237972 14.1375246834581 13.8806342456521 13.8865049116999 11.5311096203323 14.7643385110804
16.5825363004029 22.6252063345875 21.8639607709526 20.5716592841254 21.1310121932124 19.3490901918299 21.2719073776348 22.1153507019473 19.6310065431156 20.0979998347565 20.4225843357905 20.2540031491907 20.6430031968566 20.8015493499847 19.5046277637071 23.0848526593115 20.9615735747504 20.3226905408657 21.1668656697928 19.6901184504876 20.031158273024 20.759852237446 20.6015020010119 20.9859312126773 17.9751536190184 18.3255151521584 20.7096537382273 17.6657964111761 20.5808542302115 16.9016786337883 20.5217977536091 19.8315495569367 16.8959072538409 18.5750644315457 20.5043704971195 20.8717082509146 21.4959970231413 22.3278701094051 16.5734277513598 20.8843892763831 20.8502486098455 20.6317402825382 20.0467087033926 21.915433722518 19.8628124118634 20.3473786196466 22.4661118520204 21.9300637521905 15.6140447239415 20.8095129720518
23.3980927225388 25.1477924536159 26.5770609144944 27.5625511175736 25.9961892799831 23.8772487916643 27.3067284132223 28.1761498542423 26.1544239906067 23.4936305664516 25.8344070660722 27.5192992645332 26.4403673332603 25.978660054825 26.3962441289652 28.5441369475429 28.7835382828 25.8613309361325 24.3796220326305 25.7832652074292 27.8886776066861 26.1475147039808 28.4384748549804 26.6976373762048 23.9584988036897 24.9357709142877 26.796253041161 26.3090934349155 25.7476603819235 28.045850439641 23.2470975714466 24.8243911864599 26.0524699321284 23.2970604368862 27.0954344713281 27.4337222759021 26.549725799047 28.1548565797967 25.1862285864019 27.0730191853815 26.2133417717906 25.4652060484723 25.9655575821138 25.0577556641902 26.6646741156205 26.3025879483276 26.4001840533021 27.7341245337504 23.9527828220856 27.3197310585371
30.7086393006714 34.482855938458 34.2091855646641 34.1131516175919 35.2837952075666 32.921736427448 34.6206142439441 34.5620985488885 32.861107328554 30.4781482003463 32.3414410287983 34.3119696400224 32.6084845451658 31.683317013827 33.704160973284 35.787308986456 35.6726124353089 33.3993117918826 34.8459067528542 33.3456481935043 33.9458854506058 32.1369491277669 35.4628719683928 31.5439092321751 32.8299147803875 31.9034474406483 33.3425574864804 36.5304339651196 34.3596113154362 31.617675003727 32.6175575059779 32.6158591926576 33.6519787584495 30.394909948559 34.2578685041251 34.2443335318872 32.5948427510601 34.5960742475057 31.1611744554986 33.2589001509858 32.5999462711866 33.1369259107904 32.172627867125 33.2344108629396 35.0985132107674 31.1464625558485 32.0285811883728 30.3364323883345 31.7545497501104 35.4355383741148
34.9645765321538 39.1920159699544 40.916058049163 38.9071727541366 40.1753090492894 39.3266195155248 37.5034285607643 38.7044836259093 38.7322682213248 34.7843930060264 38.3894012191015 38.8320546387767 37.6256613122691 36.7876286600041 39.4142252841397 39.5653505879655 39.3598904937175 39.8542716260082 38.6899777261037 37.5166303275492 40.3105694269106 36.0805476797664 43.4041626246402 36.7979270954694 36.5704098844607 37.1183630449315 37.3888393945302 37.3148861642246 39.7245154624931 39.5765417964183 37.9519236097109 35.8627879178806 38.3829115508347 34.3401695717146 37.9901658999206 37.8519741298514 36.1531079778563 40.8631764922529 37.5798055286869 36.0981822487627 38.0123562757729 41.3165820324283 36.721623889766 37.466241080748 40.953350367881 37.4333886866783 37.861073134926 38.278994066094 36.4116366031985 40.1603806151031
15.8038629681227 18.0977833033038 16.8824432694778 17.6152379067692 11.6000355121312 16.9260312733992 16.0744691842492 17.4620467011804 13.5919440808873 15.9501264146085 15.2996803686868 17.2380945068528 17.6631936648019 15.6702254659447 17.9952079599286 18.9231364758445 15.3232629727988 17.9307747436068 15.6984481182273 14.0921466634357 13.3616197123902 17.715014162859 18.4255950985335 15.8550963716213 16.9238985404956 17.6713480604366 17.9843784162391 14.9647628957754 17.7022403743738 17.9380004391571 14.8979751892567 17.2315063442244 17.6101540740654 16.677917863289 18.7395997176988 17.0768570064053 20.9839174460556 18.4274493985991 16.9355075666411 16.3409203711918 13.9364795336101 16.1999807328661 18.7103848805574 16.5918870019917 15.9865012686603 15.6889630308747 17.355378138262 18.038034387742 17.8226843988773 15.7517248601694
-23.9642871485265 -25.1346033477376 -4.23718932163595 -25.7132198001544 6.2201500156592 -35.1003052199244 -9.58594970069539 -7.75196013516973 -78.6328881091963 -44.1509112326537 -15.8243397889819 -6.01908506855409 -80.7159685764375 -45.8622223987189 -48.4829021208251 0.470290584241523 -114.172784807344 -38.7128332037971 -28.4743148630893 -50.2618852492434 -7.6905541840563 -6.21379120040107 45.076999025323 -8.48307755761474 8.59469778598183 -15.3286844070642 51.1590725153124 -9.27320833381414 -15.5520279583521 0.72350888971233 -11.7936043924264 -8.70485782137632 -18.7857212120788 -5.15140248339691 -79.989961585365 -9.1944871394802 -8.3699464575266 -2.39269379103585 -8.81441995338411 -57.0110774087263 -43.802333045263 -11.6807249193804 -7.0676006725428 -6.40381380507986 -10.393443588954 -29.0466116801465 -11.1725214987421 -37.8538257591134 0.413321274725114 -8.47398502601897
59.0782852814626 48.8497172113805 4.9137301033808 20.6296410642728 52.0659700470058 29.628534333353 15.8673372950383 59.7819453895252 39.1724062308792 3.65261876646177 22.6755472888455 24.9401380937768 -6.91995615239774 21.7765292002397 24.7740420895377 50.8136922463947 19.3854270731683 19.5912632764664 33.0345979519905 33.8938406150741 20.8848467113389 24.8268015962548 64.8000396130988 14.4927423680745 33.0625775005883 10.3662595601084 26.4241450494724 21.2353679325309 23.5926190139551 26.420924128472 42.781857792585 6.39397572310787 22.7764359659297 36.2719565516013 20.2110050152446 59.4667154044917 22.9646855842412 26.164956175711 45.9171340138485 28.2365141035729 16.5914740095442 16.6035096601473 24.3421721742813 25.1233411058145 50.5006262407276 22.3878980585828 60.8613238476863 50.6631675999164 47.1794441567458 33.0183371634454
1119.15017953673 4187.49503841531 4651.42603847182 4149.31944070658 4445.27377705277 4063.57710222495 3854.8123556371 4166.92843231213 3965.41842490263 3558.57359841124 3606.74287585648 4613.81041619228 3870.81288863652 3341.61253559665 3221.0560652201 3528.97323372459 -3.92189107838028 3550.98114668118 4490.70040894699 3926.65049044861 4330.29329697529 5141.82136160679 5080.59016870275 3932.32031156996 4057.43493151489 4059.49671618918 4381.2792671879 4328.09834662919 3560.65392393078 4421.37926047449 3912.98989509462 3993.58562110735 3824.99103152929 3859.13226097243 3054.34138074418 4847.65716461163 3966.01397317378 4026.90110745235 4014.7418509847 2864.1086030436 4263.92934172407 3992.15709800195 3772.27113610748 3496.60016123361 3972.84958222418 3581.02898229482 4559.54961606944 4313.39543346601 4780.52866595722 3104.33855841557
344.41131920222 1165.76009298385 614.652916731116 783.040293600795 404.693566660685 466.706266346278 448.596190404954 631.186939343658 547.953896509923 728.152634881702 660.528829355796 704.343346284654 621.485295672161 680.574493323714 294.374698617456 204.185104772627 713.153642495878 487.021278073193 446.896622117992 611.533478357374 450.409387095993 881.898617259919 876.78891521729 477.432629304811 687.074586737705 626.971093608894 812.175928213546 352.819406428668 561.239277663457 519.455715272352 744.941434091984 468.655405923751 553.676751343243 680.955018109919 527.631953732788 781.07924839054 476.360541681177 587.882042493818 1143.97074689516 550.502532309043 465.444272302605 543.64470026533 637.42927251479 609.831499076777 642.936915888848 462.588058983736 600.377548679569 613.944520900868 635.952840524498 288.916393693707
-64.5243963278984 -6.23856057157146 -31.3220356167038 -54.4727359203833 -25.2601494495948 -12.7129812675273 -52.9306572163404 -57.1620136944239 -7.27262322466829 -15.6868707469983 -13.8023618351377 -31.9757381725186 -16.534204310118 -27.8968804169403 -7.93809511888402 -16.2218057391169 -5.17193389828219 -31.057632525816 -21.4575207693079 -10.644097192025 -35.3022005240002 -43.1671766048414 -25.9267255906043 -24.0092356500228 -25.7043619071863 -11.171470012552 -33.5675871401436 -10.2822737660529 -7.54302564294305 -40.796293177545 -19.8471057757755 -11.9346639289657 -7.27306855695345 -12.6758585809958 -9.71594335072701 -24.5637310934387 -11.6505348449323 -6.93252029885782 -9.7633742491666 -14.653122818946 -9.14993379452957 -21.9272736058586 -11.7000890821167 -8.92417551630835 -10.0697661360232 -31.7528730474519 -15.2945081967123 -29.3809366010181 -11.5778617362997 -20.9441541959043
-17.6588420433007 3.25486734733308 -3.05906721215802 -15.2774091945245 -9.83649358054582 -10.4708422850934 -15.6919750033545 -15.9644370378544 1.62319269660399 -3.56031717344799 -11.4942307762333 -11.029036070037 -8.97934395262814 -15.3036406353784 -2.54230589575441 -3.18071371549754 -10.9241525461674 -8.00915882803037 -14.4807738657717 -10.7430252085535 -8.12576120053255 -6.19723667547493 -3.73469952239193 -2.0772200866079 -2.35494066413555 -3.86788733939778 -15.3948716094337 -11.4787865289475 -6.69124020740301 -9.85217761234772 -14.4228734772394 5.33017294509983 -6.9905095442807 -14.4835440397196 -3.86084381521565 -2.9838199188975 -10.7242989670214 -15.1885017738063 -0.448661855065472 -9.35727634406491 -5.64320092334456 -9.97867373424974 -5.7727316895654 -2.534329022119 -5.94907579188765 -9.18209264767632 -4.25983251561958 -8.45250255521122 -0.639967066711013 -8.66649697167099
2151.25115642626 3201.19325674175 3921.39471479528 3585.85860182751 4562.35456045694 3597.71380293003 3205.05963341394 3084.59138555656 3681.43895451036 2678.37121443853 2630.95639601913 2097.38362064865 4376.66061803361 4032.13563499393 4206.86364246225 4399.275226381 5986.41053444353 4583.73458479277 3853.06724166719 3161.94762460529 3511.60119729901 1906.85326171247 2206.62734336096 3523.06527145466 2810.0762109678 3437.14220564935 3560.15317876303 3949.4514446788 3333.69407132297 3863.41788093254 3443.57847021827 3247.07809359165 2527.14244786664 3377.08742242081 4033.25565169646 3141.89087784588 3591.23133684418 3280.61649817943 2769.78698660775 4594.98011916855 4194.76195963707 3288.75161694954 3239.4343987211 4169.76971752206 3117.78736337086 3446.98725721893 2809.8891362126 3724.22985136961 2599.44906872257 3634.87084180085
1266.18579896637 1324.53247832663 1492.76551297519 1253.17250083034 2489.87474526904 910.460618821919 1357.16190466611 1147.78730150383 1627.2590899765 772.651415498053 2477.7483130761 2348.00934872289 841.707291979413 1102.04852844533 1314.65687859122 2118.61478561047 2513.68006055544 936.526745132029 702.661359714605 802.28673857116 1395.68741701413 1043.94696560799 1278.04045683563 3703.20359321983 1791.0808538016 1513.16104136776 1489.77191782079 1786.23341930365 1381.1821432673 1146.98032844582 955.511650961456 1359.87767201613 1441.15641825957 922.238352941248 1758.21619322866 894.538525591632 1786.33741879479 1405.77971116279 1455.45203188437 1381.62994760872 1130.66847738819 846.810168831406 874.180716158749 1655.4342400114 1417.03980333617 2649.13662849392 1889.04870134834 1699.02830584018 2239.3353720698 903.364432586936
63.3272889839921 92.3254541657316 145.193667168271 52.1293390098555 83.562801058477 33.015311722894 53.0871109526568 12.0594830565636 66.8496227133049 145.983941028648 146.332990637675 93.447798883892 91.6511387016243 59.8838613477331 87.8616149545828 139.835005661732 81.9705218154208 73.6930992197509 44.3261314478003 36.3387515034183 68.9897470502055 43.6726346819812 36.1847279005271 116.750919222098 53.7898763812256 62.9868672733857 78.4593767371958 111.883726515606 118.320863190977 61.6466716665634 25.1859219718942 146.986908935848 101.222327615382 140.719985519543 54.8993113865251 34.2109796502964 69.7135876816392 43.9206744359723 32.5282060175532 54.427590308364 135.919383336045 51.2382284507024 42.749192164102 73.5169412612675 68.6373186838232 123.497225885381 46.4863154850078 55.4478307264344 55.5604802930378 74.7800269951247
25.4671792211961 42.080310904906 53.5420670927155 25.5007652678406 29.4672693334798 28.1472696376591 33.7391309197723 12.7674051229201 24.7051538832686 101.484514248758 36.0329646122118 50.7266717875477 102.802352589212 52.9442083802564 18.04474729519 31.6436739014634 44.874461446062 32.7783424281694 22.851792653055 17.7381529859187 36.5835335204856 33.5635434202917 15.6327271600972 52.038523372392 19.7815996740986 27.1930723850333 42.9734136084016 48.3046587894842 44.3106177786642 48.4333535801811 14.851584184291 33.9010152557128 46.5739493522523 40.5298467693912 32.6383179196784 22.2141548973578 21.8526462023065 26.7093028343518 22.3986936027268 29.4318703226226 26.0863082265758 43.2822953468985 37.674296401381 36.1390009701236 31.6096121754542 39.2046843533796 36.6478659683326 25.0585116318843 30.0312490316135 44.5114074899384
8.03310340088759 14.1352376594587 10.2457914825551 9.75222954359502 13.6667520483433 12.3006656950913 10.5452081594393 9.47792416422951 16.6869400629446 8.48900349710333 11.7059984699188 11.5901999530283 12.0210906383037 13.8482498329817 7.37882974893301 10.3297251462964 11.7915080518612 7.67407360189601 14.1241158776378 11.8112025074877 10.2885689113872 9.34414998353722 11.5567838389337 9.8351200508712 8.85693827380906 8.81637725570097 11.208381598976 11.0002885286083 9.18693023426412 10.6000935339638 11.038851320048 11.5852396816561 8.46645060392 11.2345455636497 10.5674284186466 8.58020060372222 9.94704397877108 8.1597570467442 9.54998789091235 19.1938782693204 14.5495966666667 12.070909300005 10.0675011532487 8.2537786775224 13.8922448913732 11.3135062814962 11.9129199275041 10.2037615609955 8.84082179888125 12.9639664171191
29.3547756257379 117.941274853415 126.969275620455 111.421370555874 49.9345073190542 53.4518599289126 80.0755491440998 27.8350493473148 55.8897687823847 143.656526506207 93.6346483195893 100.262704361865 179.962541686406 90.3181919538583 90.6654393471097 108.265822819528 149.878896931678 75.7739717580729 51.1889022882584 37.8283123032649 80.9372110578437 64.2350037562622 59.8776991116995 74.2855027188624 7.22639357233731 72.4319847018473 114.233365466494 125.786873309741 112.504181940142 124.40744432686 39.9641525539502 98.5050361782172 102.909028974058 130.275501963893 92.0677544033027 33.1520932008007 73.6507934576169 26.2196770782914 12.4081029735058 181.725858763862 95.0947511843286 71.2604420417068 71.8000628940028 84.2752913173573 67.032769821387 108.12908169937 42.1749981624123 84.6235254799053 25.6272133349229 79.9500517534947
15.360003873799 38.1851285107369 33.2699351294663 19.8972309724594 27.0963559720823 21.2854866791796 40.1182566440553 12.2496865297424 31.8495609827146 48.6907472872244 40.2699102148132 37.1516159335595 56.0828566689445 34.1715043982496 21.1456518135393 28.5476334643227 22.2483443439903 18.6114680633144 28.8609820027799 20.7873802158386 28.1289403655833 52.0802986303042 12.5785575634019 43.5192036428783 1.6438764153174 25.766354066694 28.7203740454945 26.6944180956873 48.6302683009588 20.0068211327953 14.694674895198 32.5613900621948 28.467271635557 25.4139542640517 40.6722943046786 23.2204247086365 18.5627690436011 20.5649655670249 5.22144280689198 36.7479944845018 29.747279718137 30.9443553553327 30.4617839905946 18.5673088591666 31.7531585423007 39.6432285210351 22.6320796592614 21.8722198805065 20.0837432373262 43.3401241467175
8.95252114346591 9.38118676535127 7.35558383500953 11.2882380410612 11.7396575654645 12.6535440467232 6.33767161908646 8.53749765588457 11.5409502496554 9.63811816977368 12.2116749836803 12.1437353810492 11.3449023448286 10.234354431396 10.2468010861236 7.84135347674543 12.584896197273 8.79971230562999 13.759575920659 11.095627773006 12.6536683174749 7.98641115875569 10.5669139313156 9.64845756944244 12.4971602700258 9.56532315068756 12.6211017715502 9.81719662293088 9.94018181910807 9.44719480528861 8.54737873114559 11.4741403612503 10.4637475284741 13.0486631113689 15.0113344583434 9.2185452179568 12.734988883193 8.32258193544292 12.6270613592655 5.21189080788117 15.4311058224127 12.6535883122125 9.03496090473378 10.058908067552 10.5861395346614 9.20761227834899 9.73396105773716 9.10008132579987 11.1776152996002 9.53527466990696
68.1316637791669 86.6811617509471 124.676346416329 58.3000118340196 103.242019989533 50.2491959354452 40.6536873909479 19.9363162058967 37.6274980780493 100.297849449901 71.2748286767712 114.525148188068 136.433156089087 71.9466280204152 89.3569511551705 94.9887342483334 102.614293432643 76.4262713108515 36.543404212324 28.3668049308128 73.6087546663878 47.2758932672125 -7.55608430398822 73.2875176890508 1.8720382355355 80.7855829334527 104.603101284029 77.8374579619987 102.301249356685 66.0090108673025 11.1489602096393 113.085208733343 72.8794393924683 96.1861683729574 74.5172660759046 67.6354444770913 57.8126004913443 56.5789732902387 2.36984441980006 130.360434376982 118.022922077514 59.354042274692 83.1947938844268 99.2351671582347 81.4597818723584 80.7942498844472 1.98103031343428 87.4732219612559 63.6318466751238 82.2951041996131
19.4489555617808 37.7264579909669 32.0685789606413 20.6784276183806 23.4864948279418 57.3526888862497 22.4984488351041 18.8803782115981 23.1168701730325 36.4674847967046 51.0557572417483 31.481631062216 58.7434725923398 33.9273082167356 27.8188272343069 29.1491230324562 43.4840239586457 29.7817745522133 31.5193609444016 23.8159324414038 25.1899998121299 36.7616938550805 15.7572171590575 45.1884453701657 12.1036372785548 27.4760649701232 33.0845313396378 22.8706643302193 30.6049886096056 33.7198631115558 9.16664604449945 34.3156611602395 27.5253954062067 40.7612601039884 57.0004354194 21.66498101636 13.6110764285715 28.0158587838712 17.434793995535 33.0406138294168 50.14222594422 32.4081179105471 35.857325666016 29.5615606510367 53.5888234048977 35.5893804844434 26.0389214989008 30.5902038723241 7.98075968115598 18.4175377321339
0.923370539051019 1.42672191301993 0.233014904468793 1.12846778068864 0.961961278995149 1.29214364824437 0.267911531233975 0.955312230505544 2.34485757077259 0.782875707035332 1.74208214383179 1.75786325890804 1.26536043008975 2.64894471658057 0.430083247920719 0.924390296597717 1.82902849596544 0.371952807041096 2.66610673108565 0.833968381915003 0.887336058872181 0.994677244719443 0.293634115902037 1.19163720635827 -0.057846348647781 0.0272056757585875 1.17358452715037 0.585249388536834 1.24404186305797 0.584599307941068 1.33690547208069 0.293392666121546 0.56292891269631 0.66986647203356 0.35946763857639 0.979457120729595 0.253249181352816 1.44847010085893 1.2723747697205 1.13422591203552 1.25531917420213 0.657330413911055 0.184665965066998 1.31938332947008 1.53465592496868 1.41823337931461 0.866304788743257 0.860678842509291 1.49756956220627 1.46566942264433
67.1065037253106 123.484933165818 101.94947034429 58.0837780217063 12.8094378918311 94.8623367461328 58.6947026524743 52.2702617059991 52.9981897877988 59.7191769048509 67.7928681197064 95.2526623018732 104.104087931991 48.4035252595114 105.974002071319 97.2430639067288 83.9776002463593 50.3284216353404 55.8913923520102 68.6564935973839 89.9654608748733 53.3462325084962 71.2446874812102 51.0797937376831 30.3370954565237 94.0069854449037 60.0338553054809 79.6928594223769 121.813057055747 72.8732203724 11.3072648042376 68.6108888003853 65.5608608695564 117.537218457667 66.6342985645937 29.8542341306571 40.5050180278665 83.4149317589827 87.7950587400414 36.9749206944834 81.4530257511456 60.6553074251285 97.0225880807936 81.3384775887191 119.364766967765 56.0155708328712 77.8947592972014 105.953288203182 64.575066217637 108.815123227625
22.0346440894609 34.6491568344534 35.2374127115699 39.6889940889119 17.9821135416648 33.7753869854189 22.4503634874622 26.4223873346115 26.6130680759276 25.7142419283499 37.9015116003579 30.8186615494892 36.8748276238963 23.622295262427 26.3865624903325 31.9946356183778 14.5594498915706 45.1323494465232 27.7122082331494 29.0200487372542 28.8704662563389 25.3663556682483 16.1547755934933 27.1009300495129 15.2485475715574 35.003910084763 21.562459174333 17.3706043728885 24.5831205466814 16.9625676209643 10.5192246585586 25.1175491394315 26.0564214874116 22.92441375698 28.0701473463125 35.7321246333198 22.1929089843274 26.5703446633667 20.3128492975836 22.3745139477342 34.8678490663845 37.7097930998482 28.5443465389482 29.1831484586076 28.6451311570291 22.8873274853631 19.6696073384744 37.9057395443561 24.0014881836089 20.7098657540004
6.01524759247702 6.04555197869126 7.29773005862453 5.36437290607587 5.84174001197542 7.39479013425959 2.70261831526087 6.64396257081605 8.83160844083955 6.13580772128406 6.15911145943304 5.95550229097514 4.80475288153142 6.75892835819567 3.75615036285406 5.8164063817253 5.34600145677938 6.4041314488059 7.15329126459147 5.1010154306844 6.70751591590555 5.26188989731624 9.24804307881967 6.30130709105016 5.56821905704343 5.85137200799869 6.05963820573859 2.16893006991947 5.49402484677528 7.0470115830601 6.47840012697139 5.15030473587595 5.10896208542832 6.68598235511652 6.62788469682437 7.24313029769521 5.72329379030512 6.65958429492533 6.29285425850197 7.08376569973991 6.49858846394807 8.71185486427175 6.26511402587349 4.28830093982563 6.9144943522224 6.99177038448619 6.842742783783 8.22649944921711 5.52996663868024 6.15639787254963
584.460813039497 385.506351101479 245.440288098693 348.441766275099 286.856563833583 360.124815756188 309.760850248395 382.74591854211 398.648480493297 229.047048784767 304.972205515635 179.177397556835 331.46972948106 320.367755005175 327.579026149995 248.526268064094 409.07671358671 352.389315156634 401.380773125726 360.345333070899 321.315977131617 311.570369109575 349.788044137423 220.563066453574 278.048866066873 284.290303914434 209.093773269349 294.541944999294 190.874990133578 263.67530034279 374.469229148139 191.644213603854 273.408322472742 170.923715381886 376.201625998897 315.940112686056 311.82539370373 278.060900232767 313.774432011927 359.949665528321 315.507133563844 277.251339907164 215.853613142162 263.400584936986 274.374298058882 267.98327859008 343.202030827654 368.61099776668 222.74037301355 199.673428733735
41.2248111710026 45.4486344771317 58.2034789778665 40.1782895742275 18.5006012710908 35.7563552378078 35.7569366491804 37.5868562390326 45.3004001278802 34.792273937083 37.3985430461167 60.4101438989236 54.624641414272 37.8331788302123 48.7110764755733 25.1919852521373 97.3787497636614 38.9097090140193 45.1467398866827 24.1047722844958 38.1515754189255 36.0438261561155 28.387516119861 51.8288584444442 55.5529023127486 52.5827674149158 39.7482626777363 43.3413405371148 29.721246849786 35.3994422916036 35.2497183989049 44.182611367699 44.296569780099 47.7596278538122 46.9212915660118 19.1953229341415 44.7940858812424 69.1278668708446 58.4535922251545 35.6648887668031 49.2046893137697 50.7827342860263 41.4538784119823 43.6978718761969 38.2050768346825 42.8154462189044 32.1908962193411 28.332370275561 40.132998377989 47.7622966200905
