34.0434879574534 34.1037585101229 34.1677079276512 34.0972779341397 34.4887945406427 34.30061840924 34.3067595139006 33.8955695102374 34.6679821008144 34.3552436037771 34.3077276243978 34.4431503080647 34.4663649665452 33.7941706498085 33.3151345509281 34.2830398217496 34.4144997339224 34.1496947666428 34.125448484959 34.3492959498248 33.7562267470386 34.4639596961689 35.4534674567972 33.964477775124 34.5015142343038 34.0182247673931 34.0448597621953 34.3954865089754 34.3462926537934 34.4414189987144 34.8482794859576 34.4651597001916 34.3337418446227 34.4239874610605 34.1003685313199 34.6787106111147 34.621671364577 33.7277417237026 34.0765273870178 34.5091679252877 34.5682898879137 34.2633606995764 33.9784440930653 34.6558652991472 34.5263705005632 34.649283139858 34.4141823217874 34.162547441958 35.1690514975764 34.3019924013625
36.292328586785 36.5795327653209 36.804308366054 36.7536530216966 36.8273613778403 36.530955378842 36.8297785962148 36.5219905810673 36.7699017529162 36.6232062729439 36.820282382176 36.6894301152898 36.5881850318658 36.6719655045654 36.5804723175619 37.006211001545 36.6176471182254 36.5778593582923 36.7971546033633 36.4898186058727 36.7262661686818 36.7836407433299 36.8152334470281 36.6212900247588 36.8517378096297 36.8305551835025 36.8930286985845 36.560670062665 36.7063718949931 36.9999064206341 36.7072143896778 37.0647507454685 36.6696346550488 36.8743503038683 36.6818934495298 36.9333628332018 36.8020737077708 36.5190492975662 36.9194744008481 36.7257989014848 36.7667089800098 37.0925556707669 36.7639937473565 36.8031469947412 36.910820073278 36.5711311699794 36.6964248557813 36.6187789008584 36.7175628015564 37.0096914043749
39.0012226314086 39.9855663081073 39.9789663184585 39.839504381292 40.154472382651 39.6006232225697 39.7541695543013 39.6940789695369 39.9537041525592 39.5288138640319 39.9368148847508 39.9123325434007 39.8216395069377 39.8186967831669 39.7173351411727 40.3911393247009 39.9764557918526 39.839415904549 40.0276734878545 39.8532957803268 39.9604124102018 39.9507724185182 40.1174938513111 39.7959880066337 39.9145725191013 39.9290154071547 40.1641207287539 39.7999330071481 39.9199039228828 40.1093447327648 39.7588307024335 40.4328195302166 39.7754471038408 40.0146864585295 39.8023231855854 39.9758008484524 39.9136555513622 39.6344965181226 40.1910789307851 39.789789345622 39.9584698314344 40.0772312698886 40.0934413535435 40.0354321787853 39.8297720362307 39.7734362520092 39.8268102941052 39.6837976276721 39.8874712460482 40.0552140587077
42.9573523979519 43.5293089911434 43.6272776549 43.6962710187383 43.8570805208642 43.4828493307581 43.555576903899 43.5903792062558 43.7855741318517 43.425534386516 43.5525096920128 43.76936125722 43.3878987763903 43.6374388351441 43.466289023496 43.8482924595441 43.5010233982343 43.6287047072364 43.608730552477 43.5526830993524 43.5370240484887 43.7241304202046 43.8831442702879 43.5370952428779 43.7256096989844 43.6723137622104 43.9950198424838 43.6130639945548 43.6988452069982 43.9439323597085 43.4516760237184 44.169751857293 43.4867980953935 43.6681342350502 43.5212194125338 43.649267505236 43.664437663268 43.5061637857617 43.7806581177667 43.5810778064713 43.7307640067591 43.9136126361363 43.9180381191978 43.8892468277521 43.8419564461105 43.5930306172781 43.617836041238 43.4708327803495 43.7140081753884 43.9729443120706
48.6506710126499 49.2373156075749 49.3582133292173 49.4874404314686 49.5544643138575 49.146215320157 49.2757485911861 49.1359795152819 49.514918606722 49.077573391799 49.4231476450562 49.4297425468576 49.1007533422816 49.2779770719448 49.1412518615707 49.4521661458596 49.2492525354932 49.3689838572806 49.2681720285048 49.2147294351258 49.3272499698566 49.4222986758507 49.6231923768434 49.258871296045 49.3654201348151 49.4233620453756 49.7437947011319 49.2782367539518 49.5029420749105 49.7218686662414 49.2502249167154 49.6285445876427 49.2658653913606 49.4601354628238 49.2758831896073 49.7233515771846 49.419931166485 49.2014250217829 49.5879492646076 49.2887824013443 49.498086346147 49.6881060573327 49.5194755956596 49.5882442874243 49.6658897056433 49.2563345404118 49.3080710675867 49.2511647733663 49.3956199240575 49.6978448522078
54.578392893206 54.9569641255749 55.1113438185654 55.2843605075929 55.3735968913625 54.9091359456935 55.0337567330171 55.0702711273861 55.2930148227294 54.8992293125278 55.1498294715205 55.1233774144911 55.0503362558771 55.0805818757909 54.9403883453783 55.3492986091966 55.0007716050526 55.155853063359 54.9891133892083 54.8589091118652 55.0523226462359 55.148648820788 55.3803995219303 55.0218108123815 55.1281673367431 55.2015630322927 55.4655275822916 55.0743334998196 55.2958538381575 55.4791212667963 54.9238534182107 55.7828850536111 54.9972564028909 55.2548561484799 54.9405756479071 55.3640444829374 55.1248686782415 54.9258944335119 55.3192849209897 55.0404442419729 55.2435849377148 55.4417080603062 55.2659179647858 55.2065831201123 55.4596386593343 55.1685860932336 55.041396073988 54.9389890307324 55.2134655754954 55.5871378959785
5.73377941010354 5.87421262661162 6.29529087143557 5.83521532662747 6.07674874925489 5.84933976213392 5.88579028635448 5.8361443102647 5.91738966445267 5.89894399019792 5.99764074818415 5.87083449484081 5.95039062418642 5.91579814257005 6.04259216828648 5.81554260452727 5.77305156330819 5.77819028769605 5.86698683330733 6.0854186784891 5.92396479272392 6.08535377408774 5.81507548670085 5.90124575942306 6.00961277162646 5.85664951559909 5.94980190318346 5.87591854671141 5.72858279626037 5.91667272919399 6.00560503284786 6.05224735562898 5.97982028783771 5.9674643420131 5.98093801394854 5.78403828710618 6.06145818442223 6.02211503460166 5.84823722839242 5.78147660893869 5.93125251107613 5.86301771029507 6.02415044625667 5.92559179777244 5.89902970096627 5.8014958156187 6.08415302499625 5.87129744219888 5.8491288793818 5.51138095476541
25.0627292095172 36.7208088188828 23.2088675391961 22.3741271179182 22.3900690285837 29.5966112468429 25.4248920949939 16.04243005634 24.1274806744589 20.5634532497165 23.8553107230408 21.1448382653048 20.4810170587968 17.3473180621658 20.7068044327569 20.1908378500548 14.0528154099007 22.4699226816653 23.9957452615217 15.6452470518641 17.7778337786514 22.4448678742289 11.1604902522929 20.4724795639983 23.012241294051 19.2999687276855 23.85682234497 24.4061560434416 20.4259485832814 16.8580187581114 25.108743661844 20.8264664871956 25.6824547254695 28.2855620210775 21.8857024982401 19.9068128067477 27.196795826213 19.4411451415421 26.1692025086123 21.3765022537513 25.2552692943559 28.921870127425 22.2573276171336 19.5812797735257 19.2734744109573 28.5038754511411 20.1236432381735 23.8041538168205 20.2742622256767 31.9781849680325
15.4288427052081 18.84771052086 17.3664504382274 15.1554306691166 15.6628997793849 15.9344654366445 13.3031527664108 16.3776255891402 15.2266372646592 14.7592187396438 14.5801006476814 13.3942376719268 16.4682865964204 15.2058448217331 13.452472316589 16.5621854295524 13.8284279728741 13.4166634267958 15.8337126234434 12.6882461258006 14.652345855474 14.6205300598102 14.5460558943646 14.3697859743267 17.7630192689771 13.7227028876512 16.9159895587411 16.9704474676399 13.3868569912503 16.5168570474406 16.7416423861557 17.8117823160947 15.2131218088136 17.2792900510239 16.2728085164268 15.3538370831569 12.1928313420712 17.0732266491901 16.7410042760052 14.0627079291953 16.0179534720719 18.9231662630935 17.3223859908601 18.0944679510241 19.1376616527988 18.8291049450366 18.900972000649 18.3275419240132 15.0218982374235 16.2867024735638
61.214511516413 45.8190653250551 53.9720386118599 52.6193843837606 56.2884081005242 40.1006741207232 46.6212422510511 59.695664956637 44.2811683053846 44.8763331857741 47.0093628823873 57.5512017404363 45.3046363132857 50.029218283501 43.4091759264465 53.4366010107327 54.6750719401358 45.1243328490111 46.9447596558982 54.8233844298968 52.9084317832344 50.9173917866606 60.3389984505418 46.3829044992912 47.2918447967138 45.6686179678594 51.4534690423879 47.5382392432521 49.3663453821165 56.0013484904185 46.9734503447806 51.5753839417381 42.5756969872737 45.2887772930166 52.8159095439928 46.2607887588695 51.0468886601839 43.5282293011546 46.9983062532775 38.1443214387305 44.1910112492629 41.5321595441438 50.4078168335903 54.6795294405144 48.116148176262 39.764827424638 46.6669101294621 45.8169761686203 48.9016352997824 48.6002433381448
0.504734888973815 0.54948408937548 0.737390918318496 1.22978725068745 0.707618119451698 0.331401838235382 0.820692474694978 0.727774994168518 0.824753046611147 1.11815889004673 0.45321653511484 1.58930047261459 1.64782004831921 0.875651365607599 0.779448321858632 1.03567043140481 0.726802259008714 0.861780999525189 1.20743479537134 1.07888165520737 0.745091639393533 1.26369014657708 0.290403316771097 0.627464224122444 0.498752276565739 0.180891956986911 1.19827828619352 0.505910586031791 0.257533970810757 0.77257697734594 0.857116357090574 0.562392151089179 0.457236538602729 0.572967346404908 0.793891960780321 0.419352747686825 0.808366759123634 0.478397370761745 0.597589439508053 0.933767090083402 0.970762715564594 0.607800640580432 0.773002706690364 0.344476073036151 0.495015074717104 0.780332359436423 0.998948167427638 0.413537866746663 0.530969109021791 0.858991795776834
11.375324275958 12.2478074580492 12.0445638291185 12.4785925836847 13.9529933238001 11.4825062372574 12.4632673829274 12.2209223846494 12.4218910977755 11.3340208917181 11.435268692681 13.573791438601 11.5618904295309 11.5804795388853 12.3936248393609 11.6145445285387 13.8949463091654 13.1058538254582 10.9846405901594 10.7596188280442 11.3620244672058 13.1054747135031 14.4225872897906 14.544526231512 14.0744918219748 11.608461608541 12.3414560172518 12.1530553037858 13.575286743619 11.5884886879221 11.6628521288093 13.366303324987 12.7507670883214 11.8888043212998 11.4938374638893 12.2595713877523 13.7730212476189 11.9397631048577 12.1804290350509 12.6691866936128 11.7813292049758 11.2597345206926 11.4846407655255 12.2983589214597 11.6031803613865 15.1135373099893 10.7675241934519 11.798447993406 12.4486089478344 11.2938824827724
12.2424142129551 12.4562982003656 13.2247923190481 14.3122671680129 12.909533804853 14.1036340699811 14.5760974185723 13.9837088338999 14.5054735115914 14.301048989123 14.8842010662526 15.3985053439117 13.9223157956047 13.0609839613931 14.3690536238794 15.8122023542067 11.7567260582065 15.5055544382639 13.6312205188564 12.4415364845501 14.0614772537614 12.9638776655315 15.2145399125792 14.665941990202 13.9893637192383 13.2558930595318 14.9400031873117 12.9339535599527 15.1212002181171 13.1208786147645 13.6627558304021 13.9774652538778 14.7224921220628 14.0999637197577 13.9262575296535 14.4788627259788 15.6549982280563 13.9167408289439 14.1051514906191 11.0049641182785 13.5518885724083 12.3078220714507 12.8590963107855 15.4301447291914 14.9310459241456 15.4897884043859 14.6361342976694 14.0938082679335 12.0229722609409 14.9924108114829
14.988998786582 21.8970621692025 22.2652254323359 22.5560288642119 21.2498877566013 19.4963229710695 22.1570794306877 22.5357410088931 20.2750828735776 20.0484698193774 20.6360350067745 22.2208203470899 21.5766510871978 21.5615572624773 23.3773206432177 24.1850991523368 27.9875379981464 25.2000872671588 20.6963056508962 20.5304637737893 19.3344023168602 20.7802817188281 21.9547228952893 22.8790683769539 18.1484154362579 20.8868692417353 20.5941598865086 21.3404000617827 24.1181414328651 20.0214293357658 21.7684778465075 21.5187996642443 22.8496758227147 24.0074743608377 21.7743140771365 21.4169715143958 23.333701004323 21.6366662740422 22.3670355971928 20.7159239991859 20.7356296274793 19.9541239548048 21.1926476793876 23.1122121298729 24.2931691037201 22.9039796317273 23.1735856587435 22.7938289218706 21.2081365366902 23.0205552678062
24.8220316545461 28.075658047605 24.7511053790118 27.8607008246412 27.627635300423 26.8524847253354 27.0220353386459 27.622832720484 27.8283179361163 23.8448917953396 25.0459504854779 27.9020911939794 26.4234451528283 23.6629605098195 27.9072932055294 29.4726559720717 29.4149872081588 31.2618665739318 26.2871964152924 25.613874655368 25.9304918561565 26.6835564571439 26.8997054533827 25.4941927732227 23.543132486571 27.149938002985 26.7477716253176 28.3852144984377 26.088922782841 27.0197380889984 26.2318350408432 25.9202661110188 29.3789701903795 24.2787999354392 26.4886777260274 27.8189711084597 28.1194319083211 27.1965023279052 26.6091924198115 27.1450130374466 26.8336374982495 24.2347001320419 25.7157785352136 27.0425198892019 28.774325636484 27.4101753135127 26.7044632409598 28.3225516252555 24.7790549403719 28.9775385189536
31.3390974615525 33.4586364215948 34.2133266106951 33.1157808107794 32.9751798891907 33.343421832748 33.5683731459151 35.1133837356193 33.5833398344663 29.8480205728724 31.5873688008253 34.960857025799 32.974618908198 31.1187488961966 35.338656254392 35.9130338220742 36.5272875066665 38.1192554289696 33.8774230971713 33.1716158446671 33.0563557511331 32.1485826058121 33.8889278595917 29.5835925538647 32.9470775856177 33.314273953056 32.9866498675981 36.6182069950271 35.5279608311156 33.14458265888 32.1183018002587 33.4055706641422 34.6265593212346 33.3029881358435 33.5519012181841 35.144132230018 33.4041461850301 33.6342133812474 30.9581936585912 32.8517430733183 33.0647038680812 32.0203223676262 33.2532104146009 33.6010427252423 35.1696521375141 32.6164318598724 31.1304413790216 29.5178504917332 32.2247908677732 37.2124868154047
34.1466161965611 38.2301606026849 40.105205437526 37.3254306941278 37.9223941507785 37.3846140363632 36.9608253777267 39.3511208263291 39.6238556232302 34.6430542728129 37.1069417164574 38.0651499437417 36.7707678261101 35.6892997780117 38.2437325233361 40.5243870337916 41.2436706453727 43.6624384228476 35.844966373859 37.645898589871 40.2855613205915 35.2400482735662 40.5022316695005 37.6344186025514 37.5228848115077 36.8227288983246 36.4628192280256 36.9300514294019 39.5622595305722 37.1487869804267 38.0973200697577 36.4988227387242 38.5617269945404 39.5817335597404 37.4926142406366 38.7109957709265 36.6664794616107 38.9183421904706 38.457405701279 36.074138783642 34.9041786627747 38.2512905792782 37.9791039794364 38.6034117363627 41.0588656707959 37.1628014258558 35.8966611752295 37.8440295874164 36.411292024604 42.1086209946367
16.0721246463356 17.047193409414 18.3825669217349 14.8628666272527 13.0394176081397 15.7871940614702 16.5162880177172 17.8526645191388 13.9548988600492 15.6044412504928 14.1575433179206 17.1192631321117 16.9211407507678 15.606384973131 19.3491572542086 19.5318527136918 12.2708369006621 18.6095852608715 13.7083659515825 18.3777051627873 17.6973731454252 17.7068604448703 16.6137857067471 15.5818383578966 18.8346945486299 17.2033400248289 17.4721386950366 14.7409485282132 18.1582954962463 17.291913084421 14.5776083783459 18.1657646094411 17.4303631865788 18.5699690565422 18.3199578571862 17.8327282897509 17.7104775350138 16.9308348512597 18.3344205897833 16.5835825950055 14.539374492521 15.2161055986173 20.0645395648021 16.290112156521 15.7630572568869 15.7167627799562 18.7602387570674 17.8529030350237 18.531775939926 15.0830694612512
-25.6263157781525 -35.6039654126801 -6.36539482675159 -26.0973837907249 5.78706472359445 -49.9668905014234 -9.91082440230105 -27.1415761405781 -75.7112272249972 -62.9454034259365 -51.9639157594035 -22.2315147491471 -135.726500539954 -48.4564298618923 -51.906533320196 0.441352387625558 -102.109392609074 -38.3744878113786 -41.3298616219635 -51.9977885492029 -8.10397110559225 -11.6319968504427 34.5827399444534 -12.2665545666722 5.36178126604876 -16.8483702195069 38.1641044822368 -18.5472781635642 -29.7419006189868 0.675953462285577 -12.3892760693602 -17.1468522222659 -28.1463132829818 -3.90019534041019 -81.8458358782393 -12.4138831118066 -6.70643928091614 -10.7625505826287 -7.78668721482143 -60.7709570556142 -77.3339191961919 -22.9073536980615 -10.0835765101273 -17.3137957709188 -9.91676454574462 -40.7365899119738 -28.0248162241885 -40.9421807783273 0.43643985074505 -55.9891316860787
56.8287224458206 36.8111635924191 4.47320411548882 20.0043706413673 37.8589291802757 27.9693106959196 15.2076035238047 43.3166389097317 37.7610659340942 3.42025120287382 21.4842627153115 21.8993439488622 -7.1184678235257 21.340523871772 23.5476530561804 38.1495954177967 19.3182372729259 18.6054743929453 31.903500895822 32.7809456706269 20.2816443494144 23.6130818433959 69.0283736564778 13.3810067386872 32.7120596492436 9.38172695661022 19.7121210948458 18.9047977378397 16.817180709242 23.0270217926683 40.7591079558334 5.67976658325495 16.25305187728 35.039597876435 19.7584135044761 49.9089892865976 22.336352332107 23.959619568834 39.110569042615 26.5228058033456 16.0980940506506 16.7196664478095 23.5900389604687 22.8071594262017 49.670813067817 21.1710185354933 58.8697669367952 36.0783972691713 39.8546909150977 28.5340518367751
1090.05241659233 3944.40781086135 5092.52677045887 3314.18067445194 3734.3219773124 3761.67511584121 3786.49878906215 3992.69438263386 3855.61664687097 3417.80048630322 4436.66705412784 2872.85256634618 3137.2531179643 3101.65217830308 2921.36583591984 3311.8263787547 -5.57311709054615 3577.86207531032 4162.57630660753 3797.72000042062 3875.52232054048 4129.72004911811 4666.17268304614 3630.67273614858 3914.03081955382 3709.09587370559 4397.47441300378 3853.0918839018 2964.5299946288 3656.59401576816 3727.98157428053 3891.77895703383 2803.98808953096 3915.70389645545 2985.94453561596 3392.47942999927 3374.77158524922 3510.07446642075 5256.93187822511 288.866870645856 4271.53064896292 4020.72358449595 4104.63623854416 3052.80035639436 3243.23886585338 2860.11790195193 4611.35345472648 3996.64463164737 4528.2411887267 2818.48140338078
322.902588135436 1098.08684527924 281.345569755999 385.054021912889 284.733455335181 280.764436490489 344.646139967312 598.658300758771 522.098835389239 349.096942028824 383.947622394136 496.893760828147 608.985780449253 508.471952239804 270.46963938099 191.621066907631 451.432159868165 286.266669853132 422.418351651179 591.45394461101 421.337651823312 536.822282707955 406.980803636407 440.808859203194 330.46540316027 389.037563740472 484.699435831592 314.097666577313 423.358608857023 357.234645535511 290.701390703118 346.223800761806 316.078844865339 485.379491905257 515.816522343331 312.130144997227 370.131987447722 428.514785049484 779.514625031801 517.091865700067 471.257623912337 402.617577569927 503.103914120705 442.108242279105 483.832907693081 440.21092965666 578.299710927141 455.088206956436 343.820296808593 249.529794340256
-57.0846590755993 -15.7104347689486 -34.9926081548114 -57.7204847000938 -50.5006148171301 -13.2229834345757 -71.019006285414 -49.6665525563693 -8.0457984308481 -16.7734319648093 -20.1482072793951 -36.9902248886669 -22.7222714350011 -29.3510950613689 -8.55009739395638 -30.7644770821219 -9.79928394190064 -33.4396150737082 -40.7410567173269 -11.0117141914491 -35.0256312724487 -45.4541761929745 -18.9635624447 -26.0380678950118 -25.7206886777311 -12.8002153819262 -36.0362741525231 -20.5655027718398 -12.0278330287752 -63.2695424820117 -20.8495439097298 -23.6528107933138 -45.920330877245 -20.8690135087611 -17.6735400098308 -33.4275505090531 -16.1537943414111 -9.68254675572702 -11.4999953623819 -27.7679929518634 -9.65211228368858 -31.614206318898 -17.0687597431375 -9.69552817582423 -8.16285411218835 -44.5422539950121 -15.7608610531248 -41.9382851833358 -18.3442060914632 -44.4810307512731
-18.0936055363866 3.06591985670666 -3.28623050441024 -16.5247318023147 -10.8301836301873 -10.798005161012 -16.6264117407034 -17.1526390303126 1.46730938315153 -6.76786637920249 -12.4889523150126 -13.0882807830457 -16.593421597665 -15.8010881072514 -2.71089284841166 -4.5241415680956 -11.6426450986349 -8.94841145060047 -15.2684000329751 -8.33554417631295 -7.99420691723135 -6.52556664373102 -3.61912948092069 -2.25274966835219 -3.42576078414379 -4.51431362960351 -16.5270685540871 -12.9142346937664 -8.19819391605049 -10.532609972806 -15.1513443453913 4.69206077292257 -7.85531745440081 -14.262872337909 -3.95042056514089 -3.14105489877543 -14.9844478424315 -15.0669471182495 -0.528465786607634 -9.97438856988947 -4.51598882145198 -11.0903650458826 -6.45891667605454 -2.80023940394992 -6.52965881977468 -9.93427773635889 -4.62454423998966 -8.96520966871726 -0.760482895992509 -10.473225009222
2241.6595463947 3015.36158732912 3097.94849536755 3557.19735050116 3934.03301386165 3362.75771914336 3089.01016798366 2932.54453865094 3773.83739102594 3373.6502021651 2381.41489575132 4118.58427966799 4474.45046710399 3778.123621387 3989.03204196016 4128.57643772871 6813.38539502979 3293.87204648057 3802.74332961139 3058.12594307931 3150.3812384681 2907.59484164652 1992.16706269499 3252.81157567647 3245.67348917488 3278.48513732733 3319.79381189946 3516.00127552738 3735.3314515717 3230.64033107162 4415.59211638238 3405.55082060081 4077.63180677947 3253.17008584342 3942.93766566163 3159.4668048133 3889.57022898827 3885.12147031415 2359.20528359605 5811.37471603094 3313.57941376125 3546.33345155857 3239.69543265545 3756.03330957608 3119.27214909317 3216.50439769924 2919.8688574744 3054.46571083634 3517.20403451874 4484.05496241258
1188.88772349776 998.113899660305 810.099522251766 1223.18809286607 2362.51804050727 935.429831104526 1303.4292511219 1039.57573980875 947.877855887443 904.372349752254 1166.7568271168 1558.18405323349 1016.61862048003 1025.97164825397 609.467073444479 814.387583192065 2061.2878505803 785.369117915202 565.465222626453 775.9438739341 1088.4417731001 992.911029779394 1190.97961486099 1750.5953380168 870.164510898822 833.610877083651 1111.35343803189 521.075183936195 1001.44663550256 675.889186559056 910.334533002553 1473.34709247753 1028.39575358872 927.968181002585 880.048074083193 842.720445006729 1293.21827649259 1092.81369006887 793.409200691813 1297.7771497607 663.126663619713 646.073334069717 807.5517211615 765.616952236443 661.488190782179 2291.97232912645 935.559647355344 997.978102643674 619.862981100513 852.484727833323
60.8669820835491 86.9658923083635 137.727665118644 54.4569349512509 77.9913328793436 32.5599636630471 53.8677210648907 11.3223228031559 64.0836360885652 136.696923995481 115.309645129212 80.5008549367904 90.0156082490187 58.8918917422292 84.6786597515693 83.9875813845256 103.090570445748 72.5284321690722 43.853279717458 35.1455785816781 79.9912403080955 41.5375896514159 34.6466908059175 107.794977457145 54.0313913035959 60.2312385442278 73.1622883339332 99.6045477833733 105.135647122189 56.3037461971022 23.995117687422 137.47153348353 90.2891339284142 121.179225056462 53.6699335172985 33.0531007425402 67.5538071569458 33.7742695016988 27.7063600463007 51.1243138157105 106.655294588438 48.6539908419759 38.519138729347 69.8586429241411 67.5058978439861 124.961561125569 43.2166977762542 57.8023946635427 46.9345455155555 51.8063750554359
23.314216626427 39.6375172971185 54.2602625544311 26.7675096128031 27.2151133796969 27.5217086426248 32.4488084907017 11.9661152283717 22.914266648501 95.0284040369784 34.6467398573606 34.4353366482727 101.213712475087 37.6273511714488 16.8442447968318 29.6965567621975 44.0991090819914 30.5043812630881 18.2909261067021 17.1557256060873 37.8760864065673 31.9227063810455 15.7525678096068 48.0466577154655 18.1722635408361 24.2331269517916 40.0721163977938 43.0032485008947 38.9814000056549 36.5581732159495 14.1493930912832 29.4889582807326 41.543418825726 22.459612263525 31.9074376094185 21.1801116155997 21.2604814264683 25.4176373493319 19.0784044219662 27.6456144031389 24.2506788916548 40.7118799359524 22.5489929922138 32.8734321408657 29.6701515089107 38.9098316074106 33.7927360219554 24.9729694190484 25.3688056173962 24.0006581629706
7.50753901081407 13.3146765120585 9.83222005503562 7.63326364138216 7.91302036251848 10.2516192979493 8.22559929833831 8.96931688231235 9.94042118492474 7.94896108204935 8.70635794808961 10.119027120506 9.30695384671255 8.54717727673311 7.44618846182699 9.69411042788882 11.1340144063241 3.42366109673425 8.8146599704527 9.13870793457449 7.91463547455399 8.88733804323443 9.03108433042397 9.08066978175286 8.7700777230818 7.69637672788384 8.36132919126056 9.79301278658989 6.05560902739109 10.3330519411205 10.5169283401296 8.54428042881536 7.55197504823504 9.05586665618975 10.3307886083391 6.50250448094644 9.60868185814311 9.70575806562472 8.13433740553184 18.0289785092779 11.0005395956125 11.0532936882789 9.37947009899854 7.7467869311872 13.2158643828189 10.9496545093417 7.14041147137968 7.84660445292862 7.46825713035642 11.7265026356247
25.4767194194803 111.094695393551 127.884373110797 68.5879823481472 45.7544993255247 51.1079472746027 84.8026513573766 26.4520208601016 55.0547733456003 134.517571911695 99.5911203389865 87.2626494427371 143.324828372331 71.5924646878268 83.2830363113576 101.603946582747 119.173245496474 42.0753824392454 51.5790119838772 36.5862300619105 92.790589496173 95.4604942658188 58.3180561283641 68.5870753252009 5.32378999366837 66.7820572770699 85.2168321408861 111.981831704129 101.077572176738 110.9457511634 38.0746253752491 99.5674738458938 73.4349214713754 98.0641546024056 90.0060516810969 32.1289282048095 71.5836311429594 27.8776807459097 10.5687773955321 136.557356726417 87.919287701939 67.4108514008176 71.7385778504013 79.0444310658545 64.4706218812879 104.403767909352 39.0405055223852 65.1015107439622 21.6485099545749 68.5360350771333
13.0889100514153 35.9684531622738 31.4567283765494 18.9941218576272 31.1505067718832 17.0272305998142 39.1861197647148 11.4354983520418 29.1769978181841 45.593202473543 39.1116152359638 31.3825556898685 55.8022271531365 34.4888361703855 14.7735621615576 26.7910237047558 21.007778254771 16.4706301675803 29.6688079494983 20.1048322976714 27.6143018041012 39.6273792809908 12.7808056548966 40.1808534518936 1.48959496328572 23.1942832424582 26.7813532857029 19.0117760683659 41.6656435218289 18.965396204144 13.9999025599365 30.6506381525636 25.3924737933884 18.1037485910609 39.7615065872005 22.1923489581647 27.7993398406198 19.5151865227983 4.44743784181793 34.5177141130013 27.8228606352831 28.2915181803984 27.7344199282418 16.5885571842343 29.6216224882769 37.4904700869763 20.7958076447058 20.6979535200644 16.9656805722959 24.0709854351051
8.60462998558111 8.83660183783853 7.13935734723804 10.7673544292752 9.26747306181119 12.6971442642119 6.02283027362818 8.0458115372305 10.8168869944525 9.02497286776547 9.03109395327873 10.3697811701788 8.75638145035738 10.0052084536167 9.67188143912522 7.35885470630696 9.50653062839835 7.76086849104249 8.47435402999689 6.86803576546739 9.83038465234603 7.59597564734866 6.52862137422354 8.90832614530211 12.2818951142429 9.15225329930796 11.769003595262 8.73976458042902 6.65568343778665 9.13564018545852 8.14325394963421 10.8157123084912 9.33354057596225 7.47824064227945 14.6751808362932 8.83251863165124 8.04926712866975 7.89688556041445 4.40536199203283 6.1194685389734 15.2254012077669 7.48156161576401 6.53099517239258 9.30883011977014 6.24888055479669 9.66948308740308 9.0703277022843 8.16948642838984 9.44225628121854 8.21497537488689
42.0352182661909 81.6492553014128 112.327291239237 62.2987426867421 47.5656749861089 30.6624496081328 39.6061590802208 14.4454016117109 35.6829448076871 93.9172309403042 68.8685975593657 81.9565719878655 137.686783783909 56.0876245428055 66.8650919306186 71.3150653026921 51.435857390505 76.4479516225543 34.8361744932748 27.4353886845352 107.701236699094 56.2058675082584 -10.7079330248086 67.6656455453938 1.646245954886 75.325103826417 78.032761156387 69.2948388685537 97.6612850292291 46.259160215499 10.6218312206803 103.634908744944 65.0076086862713 89.8272255046598 72.8485770618656 53.2345680437784 56.470201305502 41.781393745389 2.01854853948185 62.6937351417361 90.5213968005437 54.9014494495579 65.1787283682776 49.9620366525003 78.7832951672609 63.5129950588721 2.27167694606595 69.9406944529093 22.0171499683164 56.8866421154939
18.778260438346 35.5364088101741 29.5869022772244 20.6844852657515 26.8709416351251 57.2453732466459 21.3295241179398 17.100366175401 21.5967873790859 34.1475436437441 49.8579421180917 27.2080658771924 58.3056979113321 33.2720871294265 26.2024551959464 27.3555020632919 42.9119519119732 26.6737824190046 31.5285102382076 23.0339428429884 24.2479787172609 34.964507302174 15.5132009390374 41.7220479500813 11.8029401389635 25.234111579944 38.5635873289465 20.3606212365394 26.5559226401346 32.2153527663013 8.73324196279814 25.4860275270286 24.5523311981803 35.7142908091831 55.7240064065199 20.870554576416 13.1687859549106 26.9937992399752 14.8503326470787 31.0353388880277 37.772963874169 30.568077623892 33.7238065238978 27.8248704392518 51.0911106423774 34.5647879916253 24.3229445794171 32.7943376673369 6.74172229124632 16.1060232152347
0.673399075437777 1.34389963594381 0.220191881624125 1.06934003674709 0.732682148836749 1.25842740198807 0.254534511985262 0.902121559221956 1.35952156397343 0.586457388495992 0.826824643303139 1.48178336686817 0.973927223797138 3.17795199917276 0.283994628199484 0.867510169609891 1.72704199785894 0.333184756052216 1.74435701436453 0.806585259223109 0.719644668694339 0.946049981358317 0.282539507114297 0.880181546508446 -0.0672723049796804 0.0193252711896465 1.09435140999421 0.521018583319859 1.28381841232034 0.552263377280272 0.652132272059388 0.257190270932719 0.401700811969 0.636016033410226 0.351417964574878 0.743800600409802 0.250810556521032 1.38476216729118 1.08376322581951 1.06538836528104 1.17044987481547 0.58765290768144 0.165533675166432 0.92244866064931 1.16962878131841 1.32946332228227 0.797378400575619 0.834772133012035 1.26506729980319 1.21509614381548
67.0482105994279 116.316540183237 93.8033528862554 58.573870223004 15.1210136455105 72.1631347513345 57.3595860861964 48.5318400503203 48.9922701416354 44.7360318068583 63.5266702852183 83.2174708010301 81.4292339620319 48.1711581136635 64.7352384087717 58.4060457915948 66.1560977999011 45.1936269490898 53.5256080978892 66.4021764931124 87.9422592235088 50.7382696629743 46.5884481563594 47.1614720565471 29.3217114178556 65.2379887266727 55.9807433389282 56.7572888142773 90.4801849526387 45.3688449512781 10.7726510867183 62.4421919525184 58.4795221268355 87.4496037881523 52.1137082941456 28.6796973605344 53.3821133836351 62.0454301735837 74.7806843828108 34.7308678959702 79.4499252782063 61.1702178079781 93.0981396169676 45.9842855861269 73.8900365940744 56.2894137777731 37.8512018337859 89.2507377616305 43.6396714870228 47.9732037203644
21.1325938750559 32.6377472937372 32.9500582503209 39.2390067929221 26.3310851347795 25.9124774345856 21.3246369531824 24.5959771624596 24.4497646536791 24.0783866342618 35.6403957220777 26.3898740757364 35.745876648776 23.6700513698097 25.1753855374472 30.0259228964889 26.4044393723633 43.8390617899664 27.1817188795471 28.0671834100672 23.8663370969948 24.1262584767821 17.8398243385896 25.0220226377627 14.3019440179919 31.2789507712981 20.1066962408501 15.4641898975731 20.6298500232907 24.2289581287886 10.0218699138439 22.2083198784764 23.2420236206326 20.3080801863726 27.4415635433113 34.7419422625827 21.4655880758837 26.1501707268978 17.3017570013358 16.8132620394502 34.6954568147437 35.4011156393934 26.4779339755977 25.6134094262 27.0633732575217 21.9164170236072 18.2459020179314 37.263365242323 20.2751836134835 17.7202885811696
3.97199324736076 5.69460315223257 5.13258350074078 5.74712086435167 5.090074030709 7.46200644659085 2.04927649634039 6.50216450574771 6.7655798571966 5.74546786322654 6.98023809015488 5.27552703662333 4.61102243709826 6.37872801847014 3.45563477079812 5.45850784598453 5.30018215213846 4.87434056261498 6.73503546366701 4.93352499049417 6.23710622335626 5.0046493630903 7.13476141583932 5.81793497092858 3.45140169120428 6.14996216831601 5.65052917884562 1.93089116278191 4.8888995959329 4.99350461099315 6.17209779520322 4.73779814070185 4.55713450612582 4.95413289678129 5.18357148102507 4.62521230987747 5.5237621755279 6.51390190807004 5.36002771597259 6.65384336471011 5.16161679887207 6.52587710170498 5.97629482259162 4.08548966053741 6.62594071432411 5.48873916072477 6.53998414588627 8.63821153108408 4.67142237672782 5.28493166687155
517.200222218389 373.884240474039 226.704037409997 353.393435756397 351.295725355676 367.633017478452 321.498070195515 359.395917096683 439.79612393027 238.045073598349 329.149474599407 285.893639311415 349.011217392263 319.810072491277 358.147805709273 316.276364203564 426.497714982688 387.34649893878 387.257445993302 357.515611812384 242.927166031827 268.897770722027 282.865582365781 274.577699805227 299.71079916352 339.452822638065 211.766471534947 282.875565805485 239.037097009771 234.067268879274 372.364318189745 243.145417477496 290.62963977633 252.75162055917 370.547911278251 328.652921178661 292.885508782023 323.683850079737 310.849582935808 362.029300825539 351.186080874953 305.923109619483 263.598791865084 320.719907227196 248.744094746548 280.092265396628 352.714715869176 364.981625718812 302.433070603458 392.587923627396
38.9239829624278 42.8103071597719 42.4656523011752 40.5870057773757 16.5632581472619 33.6802029137047 29.4388169559068 34.0432271994834 43.9150714642748 32.5789041760018 35.7935741298596 54.2132505078504 54.9240003355696 39.7938482796837 43.4710489385898 18.9134857683626 105.357435350214 38.1824477058334 41.9770571129524 23.3132987091896 34.6485412269474 34.2817343455902 27.2856750045205 47.8530761459818 46.7627853164051 47.6962544340688 37.0647075688891 30.8677214030578 27.05354097841 30.7034612994229 33.5830922677394 26.2709291313033 39.5120228477826 45.3014225660616 45.8705680507266 19.04343499792 44.1544684140873 50.0987884731536 49.7886748293403 26.8002747163514 49.2149509070438 46.8206413765815 33.0165139275795 39.1211204864157 37.4198560886506 47.6920229043269 24.7067730787021 26.6267192689624 33.9022274305911 41.7245420819438
