34.2512661437809 34.3853017360849 34.1872597363859 34.2302224321408 34.5179853548319 34.2813044628494 34.1261506663988 34.2082827365421 34.5022197350358 34.3552436037771 34.42179685303 34.5884948283041 35.3941394226757 33.9314136186308 33.4855148797554 34.6778006183751 34.3238259146348 34.5336971629652 34.2487224730122 34.5325971345324 34.2131912634172 34.4217884735519 34.3970619329637 34.1644987661521 34.4208285009169 34.4795160695393 35.0294906112269 34.4056072941821 34.4712624743372 35.4137097324645 34.4141110770545 34.6566237607084 34.4251656520066 34.2369847328969 34.2403494990551 34.5003797575985 34.274335687085 34.7912908790126 34.2725273089303 34.6456108458152 34.4172820928065 34.4023964231989 34.0650331094804 34.6741127617613 34.593849948574 34.6381428611973 34.431254900457 33.9568394377289 34.6523460943188 34.5660394514759
36.3914690242651 36.7730287033826 36.9305684752812 36.6855212523761 36.8907034563796 36.6476833874083 36.6995265878474 36.7170067896444 36.8373953622891 36.6232062729439 36.6076324214083 36.8467080214288 36.7451098748009 36.8346098104788 36.6981805827473 37.0496890754574 36.7730460291186 36.7991098978672 36.7318510911716 36.6779304391217 36.7244655716046 36.8348242920464 36.7672898272412 36.6808601614843 36.7741892865312 36.6906555970379 37.0400456111454 36.7967697500673 36.807525545783 37.1249687968763 36.7924645681002 37.056065240853 36.6129981816591 36.6702213546482 36.7362135459519 36.887047983247 36.9410315479982 36.6818298017189 36.9286027856142 36.7838861397399 36.8279675800933 36.9966016543075 36.8289277543827 37.0015053117435 36.8591864930078 36.6832061940116 36.7031532040663 36.9356239859896 36.7566191839846 36.8732838725148
39.414067649985 39.8339794671547 40.0748699439816 39.7587296569561 39.9278744976435 39.6144638498509 39.6223392810419 39.7869136217933 39.8922889405674 39.5288138640319 39.8190246984996 39.8009507549472 39.7202966517232 40.0272820055593 39.828638211144 40.0979006794193 40.1531206049406 39.6578901646788 39.9490799597796 39.6926774657006 39.9051002912575 39.9502101069208 39.9018847945058 39.6737839453326 39.8482047593047 39.8026650899086 40.135016328016 39.8218223283594 39.9155463905638 40.1566051258412 39.8094668392181 40.2842650953229 39.7114202207915 39.6949544409562 39.8564671734365 39.8088988968501 40.0838336566791 39.5922045924513 39.8629164447004 39.8453141147799 39.8631202244016 40.0449502399621 40.0352025256697 40.0867613807157 39.8634165189175 39.8669135592123 39.7400343131646 40.0067433673424 39.6902603961649 39.8454840534212
43.0766870620272 44.0784160985151 44.0127978655833 43.6868283771457 43.9340673471913 43.5917959973448 43.6019118042569 43.7525720068094 43.8722172355612 43.425534386516 43.6842110053011 43.8931433848515 43.49823829782 43.8104223001344 43.5882724173811 44.0386999054054 43.6314284507796 43.7360850487228 43.6676499546772 43.5633459935804 43.8031798015625 43.7219969688799 43.8043276673426 43.6468474816336 43.8511651464754 43.6416134075003 44.0815861556385 43.8783242318029 43.852390678703 44.1167084195813 43.6561059946898 44.102054557258 43.5403433947843 43.8474372846622 43.657524532039 43.9124775353572 43.8744194837097 43.5862606932325 43.9056517666576 43.6409085420615 43.7760174652936 44.1199692890786 43.9820732749794 44.1263177418886 43.8823779369658 43.6293990224359 43.6837286378443 43.942221294121 43.6835157662204 43.8291587574767
48.9992013097383 49.510334748966 49.6058234523545 49.4829542455791 49.6108720876784 49.2629696447147 49.2961940968922 49.6734447977813 49.6202211103385 49.077573391799 49.4923796657032 49.5633761838255 49.1833969835388 49.4950095299239 49.252599662045 49.6256337639972 49.2855555383389 49.462649295679 49.3313762824714 49.271426009074 49.5672922167213 49.4201659573184 49.5427968529314 49.3642585039511 49.4828872575103 49.3737893444455 49.8187829871674 49.5481030250965 49.5206690766373 49.8670870792842 49.3294048004854 49.8241036698268 49.2368917522282 49.3871971459968 49.4065462405645 49.804689550148 49.6285977527881 49.2884852463419 49.5897045868518 49.365759600481 49.5422264469148 49.7872746708919 49.5876770483959 49.7704359670361 49.6304502611687 49.3498393910455 49.2771461889035 49.5396607839845 49.5015869692015 49.5823512006346
54.7528312129648 55.3192693805859 55.3284041914032 55.2328002500709 55.3978000756241 54.9914981570918 55.0725283088706 55.2174647389934 55.3536449729546 54.8992293125278 55.2509955754572 55.2076000496136 55.0948356313854 55.2184338175177 55.3419626087901 55.4601166833926 55.0336069781908 55.2776587074237 55.0477767626243 54.9258906494498 55.6794457390018 55.147665451042 55.3643411479114 55.0885338344657 55.5217082113121 55.1297262052334 55.5197935691292 55.4805273165482 55.2993935298102 55.6761732469855 55.0492008437064 55.68841352975 54.9746148427492 55.198427318498 55.3386566956428 55.5174466743819 55.2672451624275 55.0014423507417 55.3030837785664 55.0891523209087 55.2676346788819 55.5731348651822 55.3084009664146 55.6509447789108 55.4261073208449 55.0886881997001 55.0593477448945 55.2790359911191 55.2410191130866 55.4658198634857
5.95154774264045 5.8904980284678 5.9894301847711 5.79658242846084 6.01307001047038 5.9211640480625 5.95042494437418 5.91175209209247 5.91855794611835 5.89894399019792 6.00925392271163 5.94723937905129 5.9615526991033 6.03593477634725 6.02747079200747 6.08294240093165 5.81472036627266 5.88363973392817 5.9154248316284 6.0187947559574 6.09427166060056 6.0844450188019 5.7934623204515 5.96099730146539 5.66317292837086 5.8186918829205 5.96817136086956 5.91531732665091 6.03656835902833 5.95930572905302 6.05297538949476 5.99368037864317 5.95164923484562 5.87509582771313 5.98009220181338 5.92689118404414 6.18312868908107 5.9297086594683 5.86772787770999 6.16375323925222 5.95739205553547 5.94433946860604 6.06183967895801 5.92248933840315 5.87663894421352 5.89521873343899 6.02271717955221 6.09531388327366 5.85014450864019 5.55588307349389
26.3254260389954 37.3090755709089 19.93145743903 22.9183066165017 22.4984474029105 29.9826341407328 28.3871089146988 16.7082773019272 23.2432824877466 25.7043165621456 22.8489278983806 21.9592902662504 20.9441015283733 18.0485008235817 21.2069204006309 21.618833117613 18.2305166711068 23.4948033968274 24.3720477889272 16.1763945216044 18.84444888488 17.949138584715 11.2692402184279 21.1636388615856 23.4058344793398 20.1350801899194 24.537680531338 25.3461175698457 21.3623255227846 17.8421865824468 26.5686221799013 21.9603061477271 26.2402837440117 28.6766464003683 22.5012788834798 21.8723376631218 28.8242939016249 20.2952917616592 26.9476029089921 26.4448737086208 32.2114829749476 29.5731071991321 22.6828189513332 20.8411987222097 24.5099796402464 30.1809419852286 21.1047410922784 25.3040637660282 18.4111571518722 32.6226118334372
16.0716899758876 14.7009360069363 18.8371960418596 15.5240383300488 15.4212140977838 15.3827855991271 13.8021681316034 17.0573852545705 15.8062710796761 14.7592187396438 13.7819753998062 13.9101538277359 21.0508019135233 15.5727833912224 13.7773798239139 17.7335445672694 13.3153850693082 13.3833836521456 16.0820177297644 13.1190050523181 15.1532147461754 14.6150292405397 14.6613153851489 14.8549158360735 18.0668316288896 17.7538396624996 17.3987608937094 17.6240353442826 17.5006802993792 17.7024069075233 17.7150389210721 17.4311737643768 15.543554428993 17.756969357346 16.7305117427703 16.4697232923698 12.9224691152061 17.8233387815119 17.3562824966173 13.9175822414456 16.3439012919005 18.7398814001718 17.6535364889593 19.2587209161786 14.446177611845 14.9592697239635 19.2553849316168 19.1002967615789 15.3668253402731 17.2643183365008
63.0181313825327 45.8377540092681 59.0735615755865 51.9452243342329 55.6674432525676 40.3760335216263 47.2174241989792 60.5669261302444 44.6241948174217 44.8763331857741 46.0513284993448 56.8140052217664 46.3289933272106 53.3193395580195 44.4576053016102 54.1355536350078 56.1187698021403 46.1846900277773 47.6809498227145 56.6846079584237 56.08277424191 50.9373781479475 60.1091307482411 46.498108243391 47.7639749631214 45.5999442832948 51.6490466420487 48.691329211763 49.9900994091959 59.6678080669302 48.2416538703536 51.7705346551624 42.5787518766476 45.758522507533 52.4323240250955 49.6143685232376 53.0575586986631 45.3684062079117 47.1249964266422 37.9915476576659 44.7769069187548 43.973564166705 51.0281488212532 48.812057734557 47.8626631121647 41.181924019018 46.2110777235456 49.7502469920454 46.6923876074291 47.5906118401623
0.487379902850541 0.577028815054605 0.786466679150818 1.25969791517579 0.879008394034674 0.538431647374524 1.06434689946978 0.757981575937766 0.68491919795221 1.11815889004673 0.455694641464397 1.65051678147369 1.34806236598151 0.882582495683948 1.24730274139322 1.10891813344567 0.699837462864747 0.925456413371267 1.22636985074152 1.11550908968718 0.738005854427088 1.57901837071338 0.299451096647172 0.648647673398823 0.507282758003646 0.164418315977504 1.2324763687757 0.656743588101674 0.269339976804684 0.788428620885056 0.90695101923233 0.741262555303751 0.467167824856201 0.573142205743235 0.816221659519818 0.44588214703057 1.07092583599619 0.499415756990234 0.643573766739093 0.924130710530568 0.990516674224846 0.527632695049575 0.787780130048072 0.366640708688478 0.629508159464676 1.18604882557212 1.04765037765 0.373046763179127 0.58933566066651 0.933892796748738
12.0390180510988 12.8617697239742 13.23964146676 12.7820946697964 12.9495183722147 11.9396701618506 16.1634721961011 12.7281564807168 12.8947563799504 11.3340208917181 13.8822864776448 14.0966236049613 11.8233096686971 14.1175876524976 12.6929587951208 12.4359821897575 13.3794355357549 14.0742212721785 11.1569022962105 11.1249019262875 13.9027153064422 13.1942672978736 14.3278983056642 15.0355553959319 14.3152169211403 11.3229682985438 12.6936731415419 12.6211095272156 14.1976120864073 12.7278543850618 12.3409564382655 13.7173265869291 13.0277167789399 15.4639019641778 11.8171231760624 12.4341224160703 14.5972200141333 15.5804206757083 15.7464831206542 12.5384420005283 12.021066358398 10.7065653948108 11.7041916121584 13.0896726467154 14.7557056063543 15.699190966744 14.1155982305288 12.727246310193 13.160002257403 12.278668492345
12.1804643871205 15.9143620209264 13.6989951480271 14.2349940034141 13.7006384210426 14.268706529986 14.8091205322046 13.4154621336777 13.9715349087629 14.301048989123 13.9982619915607 15.5851552514952 14.2371052519571 12.811390118411 14.7160986343191 15.2016538654246 15.2561956972109 15.5953039577412 13.8449860292402 12.8639197554275 13.6926466313814 13.0419915169212 14.6108677542049 14.0652767810054 14.1370031021436 12.902864529403 15.3663811569908 13.4320827495316 15.1053037833918 13.3446674781087 10.7313690939073 14.363295453445 14.6097152979803 13.4974574384228 14.3179596132722 14.1372553746167 15.2458115799289 14.5281727716378 14.4564602033309 13.6142425370225 13.8276546708951 12.9224664795849 13.1049225007035 16.210677785602 15.1901882890545 15.7684590312491 13.8122144406672 13.7105687803608 13.5451081796833 14.3370541761476
16.8823825447967 22.3178992606081 22.3398037924927 22.3167743574893 21.7394342967457 19.2939932054369 21.891881737838 22.7325958493701 20.5108037266779 20.0484698193774 19.9264704064553 21.7556447456756 22.0645083061663 20.5872496177315 22.0586131853257 22.5088432495681 21.0897966751344 24.9780286704033 21.0208661944222 19.6901184504876 19.8801811710111 20.6369036799855 20.8226798673273 21.3553289226287 18.4588194750574 18.8563553653892 21.1819038092886 22.1622892187824 21.5396259599519 20.3463013021502 20.0734381282182 21.1770499424389 22.5231800803242 20.3229440133922 21.62712450491 20.8717082509146 23.0572217325117 21.8458090254662 22.054805729043 20.5021378114268 21.0175492666207 20.719124345238 20.9910303616545 23.5875556683942 23.9820793372304 23.1103833862008 22.8975989891037 23.955211876459 18.9130967548602 22.8489323657338
25.4954477702853 29.2000920370724 26.5450960370619 27.5580690550527 28.2930010512523 27.0623807172251 26.962787998665 28.5308095399316 27.6754899830293 23.8448917953396 25.6994704815993 28.0447603615799 26.8045740149604 25.7298690971138 28.5336079266239 28.7503434290304 28.6972838989379 27.8921141154747 26.6994335990795 25.7832652074292 26.8993168143926 26.6790230751098 27.7236140326514 26.3548871661326 23.9458058458783 26.4759849342079 29.6848130739585 28.9396641491536 29.0745796725784 28.1249435994912 26.452775644741 26.4579623402731 29.0511014126429 25.6087869447234 26.6936320332176 27.4337222759021 27.7213718816358 27.6686302800296 26.7070607380498 26.9137186782054 27.3272300430946 28.6518622775541 26.0344059736243 25.6566384372572 29.072829542473 28.2707335461296 26.4053069662809 29.8015285621104 24.6164091320771 28.9813240990483
31.979772285656 34.8643879247831 33.9199045207322 32.8953451225908 34.2091820336621 32.9134932254856 33.6277750359042 35.7627709045811 33.2792071928051 29.8480205728724 32.339973974745 34.5079232933076 33.0079999481474 32.1157388511785 35.2817025215877 34.7962851565334 36.3897627191968 37.2257256728868 33.5405816443808 33.3456481935043 34.0350535657286 32.0180158329987 34.7801035547548 30.3899204746346 33.3961146248536 33.4372057482645 33.5796526514178 36.8467045812906 35.1436520539873 34.428133173849 31.4487585405382 34.0218487274684 34.3763395061313 31.4505183662203 33.4793697585052 34.2443335318872 34.5993782624995 33.8929501799322 31.2467671347908 32.7169012070099 33.5257066720307 32.707385155964 33.0920659750293 34.0523166233686 35.5314315295724 33.1109449629146 32.317708949341 32.0652786515613 31.5716186785891 36.2079563687891
36.0518034852274 39.5071326924311 39.7328792379274 36.9664493605494 39.932244241423 38.0551468997136 37.9197138880435 39.6607343110809 39.1137890543241 34.6430542728129 38.5918842682321 38.5671586531174 37.2770542109265 37.3705051130588 38.8060403267988 39.3751979063354 41.2194667932951 42.6239360822752 36.1599100883509 37.5166303275492 41.0796525442638 35.3322128691117 42.0629912541007 37.2870245107866 37.993036903249 37.1799780040455 37.0610132661132 37.8727618088168 39.6156800494433 39.1301881196432 37.4470301053518 37.6906949528383 38.8422102462435 36.8025137887009 37.9532072024401 37.8519741298514 37.8506309841456 38.6150434066606 38.3405288864159 35.8366702716775 39.0996574734319 42.0238646147719 37.703069498471 39.8327775515961 41.4440984763402 38.4987529973652 39.6022589321516 39.1277837926995 35.6891790374103 40.5786735715021
16.7343365288093 17.901740929789 17.235842172829 14.729935567705 10.7154926526178 16.3112613933447 16.6434285693431 17.2412799184525 14.4861212910976 15.6044412504928 15.3350501231135 17.358358400741 17.3037349093832 16.8013625662331 19.1863879617987 18.7757067470726 15.9186517902306 18.808117085157 17.404176575827 14.0921466634357 18.2876036480042 17.6825093343342 18.0653565387113 15.6715008804695 19.0337860002199 16.9809450275369 17.501239256674 15.3086710509472 18.2044095916378 17.6613362039316 15.0188378147439 18.7157363411689 17.3790172754253 16.3623355072947 18.2584342887087 21.3460712580066 18.4035421611143 17.0874670324653 17.7422480896791 16.5339562324114 14.8352348485753 16.0774297291215 19.8049063574 17.2444868786163 16.0366399621103 17.0760653049966 18.1703530878867 17.6318103581186 17.1655791035872 14.8691971652142
-25.2998825340885 -33.8832027137569 -7.87916334284093 -25.4626479125056 5.7411535396214 -48.0163065849967 -9.54739901718188 -10.987206719207 -72.8829485756403 -62.9454034259365 -52.7523163763806 -9.02443917258872 -55.9769923061268 -47.6608389978242 -50.6656720330398 0.472566997219045 -79.5903064567208 -20.0734315393098 -40.68172457866 -50.2618852492434 -7.8512516494906 -6.54549334271483 45.5170189129401 -11.8592579214688 8.52107385097504 -18.2661090592769 39.2532831912197 -10.0429796455161 -28.4192885485841 0.680541089432319 -11.6957053504903 -16.2479803684121 -27.5349686711812 -5.5461680560433 -79.5691293933476 -12.2593161859736 -8.98001008945298 -5.79505002118723 -9.6187698253297 -46.0584930554327 -56.8286988472222 -17.254083405625 -13.1877462441372 -6.85699428086869 -9.74464975688898 -40.0070991264426 -26.6950029881443 -39.5834463141028 0.401447358770923 -28.9148282871597
57.6267188021958 60.4006971016687 4.74024243501194 20.4909133488314 38.4452114468831 29.0828794222684 15.778056856138 45.1145127109479 39.1985199382876 3.42025120287382 21.5182642744728 22.7428578256182 -6.95901294098564 20.9701822760405 24.1163819171496 40.8477222672345 18.601519178742 19.9801986934649 32.4038132590906 33.8938406150741 16.1354099418485 23.6041976719527 73.5648761003254 13.8327550083391 33.2715550756205 9.85164033449871 25.3433652555553 19.632883820154 17.5881226382978 23.7471162518764 43.1289336596307 5.98898584609129 20.7575900320298 34.867406873583 20.3141559013279 47.5733723235934 22.3743176143742 25.0122853416069 42.1201155408403 26.249093197449 16.425672643531 14.9593588063592 24.0410076177923 24.2746412588026 50.5328968113628 22.1693084091646 61.7398735735388 57.9425264573334 41.390306966045 31.0221187250342
1097.35951674784 4142.13442973445 4835.80037917958 4113.85672908396 4102.9555903738 3810.61501565161 3388.4624193068 4158.4127026023 4002.38876388039 3417.80048630322 4608.7937680721 3729.38554820088 3208.18773961365 3217.87844715823 3739.90425132116 3546.05501408711 -4.34402835842879 3842.22372688433 4227.85404512422 3926.65049044861 4108.04168724633 4128.16628577745 3900.60821304177 3753.24573519549 3980.97500973076 3908.96612856785 4522.97547136532 4001.48715442785 2878.2880101092 3973.93394650323 3944.73476150892 4103.65615349537 3581.11422129535 4652.62397557012 3837.41227474305 3878.1257316893 4186.97407627037 3664.28957155086 4922.68804393067 446.696553893281 4358.45162203155 4127.34990169071 3882.04648557393 3249.22679327979 4124.41041379284 2990.21108441787 4664.55346671596 4265.34027173974 4301.02129921583 2849.69345304027
327.63824479921 1153.13211685289 376.207680617124 394.419236630218 373.529239141633 291.942777613939 558.709659523768 623.505844379545 541.973620248988 545.463971920037 401.163314259054 516.033000045119 622.755206855634 655.374005939621 277.002090388524 400.729395228574 543.354697756075 307.418387845613 429.042738250403 611.533478357374 430.554244127619 670.77538627658 538.988311581723 455.690746887818 525.183696573289 408.634090537288 498.532442341927 326.194603169477 553.458042499393 373.509274642844 480.630343406275 456.341253629938 322.94415247312 495.25666085331 530.324828407371 781.07924839054 490.351568285796 447.34158010993 839.498040448837 511.755531260261 480.847200718115 396.377787286586 640.902133109316 470.554827908807 492.230283507024 445.747116270785 606.493840524103 464.772264361202 575.527203546544 271.287896641449
-66.7582474692236 -8.41001584803743 -18.325122111839 -56.3166174450023 -48.7178347375571 -12.7067908407235 -68.4147718986086 -47.6576317714229 -7.74523851717278 -16.7734319648093 -19.4112334773917 -35.5921603288686 -16.6599665354437 -28.9909353832466 -8.34570145034501 -28.6941729780124 -10.1842150797136 -17.4920334359203 -40.1021533432156 -10.644097192025 -34.3326726164728 -45.4715097399069 -24.4943937520512 -25.1735042032614 -25.2844161426528 -11.9038930898348 -35.0233804988006 -19.7969917302124 -11.4929594392074 -45.5547801207828 -19.6823543922291 -22.4128837436696 -14.213895940661 -11.2637067669466 -17.1819149598864 -32.7516414579183 -16.0390186533781 -9.26849157402242 -10.6543198665307 -8.87854763853562 -9.45711770308282 -32.527826306571 -16.74245779525 -9.10183963594765 -10.6949067877842 -44.6863006674242 -15.0129881153603 -41.8877090337046 -16.3311590322704 -40.8384453665507
-18.8024463833409 3.2196093320528 -3.13356305151464 -16.1228202453177 -10.6712403525484 -10.3764777258404 -16.0167288480661 -16.4588463007776 1.52316558572491 -6.76786637920249 -12.1238596646815 -12.5936024844806 -9.12472095878717 -15.9038161313287 -2.64608709518456 -4.21968819380294 -12.0999863341314 -8.32151589981637 -20.0386135842019 -10.7430252085535 -7.99769286501672 -6.52805511069167 -3.48065001255111 -2.17794974165591 -3.36765326763843 -4.1208538541639 -16.062532104447 -12.4316434307939 -7.83362305799475 -10.508595944927 -14.3031487986421 4.94750711074637 -5.76352356970731 -13.6181176089053 -3.84053167437208 -2.9838199188975 -16.3957033231961 -14.4226385820588 -0.489603982576678 -10.0794925501013 -5.89967412659185 -11.3758063319964 -6.33544214572218 -2.62877169090864 -6.41633044095911 -10.0653706311444 -4.40510372370533 -8.91228569301876 -0.654649823245829 -9.61556466041344
2256.86138386828 3166.51666051924 3240.57259809023 2709.95056063802 4211.02030784368 2595.96852463726 3204.88221456741 3054.26093054199 3917.49640950739 3373.6502021651 2496.68130621056 3177.29511915956 4575.61968713132 3882.83267962696 4085.3761508266 3285.70520761486 6560.60474396544 3284.69584217522 3862.37814863499 3161.94762460529 3339.39438040466 2906.50088994502 2662.38365680846 3362.62782713737 3301.18633343408 3108.35490483118 3414.53856713974 3651.41407547429 3906.56845524826 3472.43847724516 3471.51514816913 3590.95666410899 3095.82058914935 3162.05210636096 3010.94438829142 3141.89087784588 3819.26984730068 3011.94939625695 1994.82598663157 5751.40193150883 3381.00712777152 3579.20710672493 3301.62839944073 3997.70788822243 3173.41005514589 3669.82398650861 2278.03179035282 4034.16793661897 3119.60702056707 3623.16358810403
1188.38661223472 838.518154678661 1147.74931191574 1002.35060305913 1838.50912547488 778.138389802353 2113.0035379961 866.17898540707 1229.95101283402 723.497879801803 1881.03395529079 2022.75228378908 831.683838428262 1326.55199010585 975.292306337246 1362.47667946252 2481.01605647105 843.398598296793 574.332877709268 802.28673857116 1098.60350005687 992.537457541987 1546.56842273135 2262.12019230166 1728.60838869378 898.568873838371 1428.83842751066 1321.15114024061 1636.49292513866 659.779500599456 1204.07927365836 1242.84753662125 1050.73275369365 944.230886107094 1131.00134365161 894.538525591632 1298.99685007796 1140.82645438878 1068.07724939682 2006.85035020947 1057.21963337933 992.215943063816 822.989614927673 1018.59883720583 841.211176699786 2179.67894348198 1533.08038429976 1005.88090653817 1288.63686952292 926.818335839707
59.002391459521 91.3253481932407 140.35010168557 55.7814267358905 77.1278618473497 33.8563044152529 55.8883563963262 11.7922601770857 66.5231138156918 136.696923995481 111.091720945212 83.6015682909651 92.0508992738704 57.6664663274842 86.7238401181226 89.92759584264 79.4126791674338 77.887424693295 44.5409891348089 36.3387515034183 77.162214925885 41.5219615741389 35.1391267421544 111.434180059342 54.9555249912721 59.9858342218173 75.2502924371316 103.440647274199 109.955330040883 55.4080043335626 25.3902475004424 144.955792849061 92.2502353691725 124.228348653047 55.1795009471437 34.2109796502964 66.8221846089706 35.2581418729903 29.8383560999775 63.2458952473904 108.82561308792 46.3187537145463 39.2555056468898 74.3535599554818 68.6775262819038 124.086046583072 45.3236626507531 56.0227537146851 52.3162851647834 56.3237049850758
23.5407872506853 41.6244802714088 55.5890061859682 27.418544170829 27.1980767684034 28.6174565633835 33.6659977016638 12.4627734551621 23.7865461653062 95.0284040369784 34.1939643282489 44.7021362487925 103.502197378978 32.6296170335884 17.2510712493166 31.7968431809249 42.4630059029116 32.7582939185258 18.5777653628921 17.7381529859187 37.430504601475 31.9106958015584 16.4664738819456 49.6687325644954 18.4830754691289 25.5285483368964 51.519685656657 44.6594453648863 40.7684055827042 36.5305623634791 14.972070454026 31.0944034707275 42.445751752939 23.2611395336509 32.8048940702035 22.2141548973578 21.5157796403825 26.5343611264156 20.5464818911868 27.36031452891 24.7441536621915 38.645016408705 35.9063438550132 34.9886085002039 30.1851049333583 37.1998178232815 35.4402498644082 24.2277982939852 29.0927958486377 40.7709834326706
7.5105615999841 13.9821191534784 10.124006194921 9.77364813472933 10.0914507463575 10.6597767519797 10.6676878117118 9.34159183815832 10.3188241214461 7.94896108204935 11.1085640167194 10.5087894720791 9.51738801475727 10.6683786210918 7.62603068526867 10.3797255527795 10.7209358488359 4.59578640183544 11.191114909208 9.44896200599019 7.9755227438391 8.88399427661503 11.6802045708628 9.38723691390503 8.92007801128277 8.35114849988676 10.749945107199 10.1701739925821 7.91651675039732 10.1308578189353 11.1284060773863 11.2618128322548 7.71600574055963 9.604691848016 10.6213613924984 8.58020060372222 9.54235525102386 8.10574440037561 8.7602722168491 17.8429213203811 11.2243885351403 10.579099248284 9.55877658696327 8.24523870547904 13.4452381566239 10.5331369308578 7.48853145587174 9.88159004941878 8.49077295232803 12.7490115695006
34.1324617971681 116.66368814182 128.846590194955 70.256166927879 46.0891896051252 53.1427565114706 87.9836887234404 27.5499221860263 57.1505485160821 134.517571911695 88.8558534937498 90.6238120373486 146.565463441059 86.973866712147 85.2945092282725 108.789876951902 143.439808998671 45.1842551006607 52.3878767371526 37.8283123032649 76.6741898927584 61.0717300914897 59.123955794045 70.9026030880761 5.41484620304151 64.2700917975825 136.951351688411 116.294621201614 132.139028396187 111.81736220366 40.2883692573401 104.988150983555 75.0299454131676 98.438193997133 92.5376405093739 33.1520932008007 75.8673056853801 29.1024865180216 11.3820416302352 168.935123704789 89.7083489698029 65.8092580886526 73.1099978037856 84.1303895751882 65.58957024608 102.824884089147 40.9438664465404 80.3649730079062 24.4102876340661 74.5121313043159
14.4722204424348 37.7714920393109 33.0968403399751 19.4560934757396 25.0097408596786 22.131439875894 40.6560326649294 11.9101331207696 30.2876813041134 45.593202473543 38.2146705997218 32.5913417281301 57.0639391417654 32.9061931444029 15.1303769643133 28.6858165482996 20.2283771851456 17.687614752764 30.1340757415517 20.7873802158386 28.4355833684826 31.6899759200744 13.0604172575421 41.5373755263914 1.51507246540722 24.2397180588066 27.545675682161 24.679977798566 43.5757015837263 18.908817795643 14.8138882088164 32.3193278066317 25.9440043571892 18.8983616138852 40.879873452445 23.2204247086365 18.1381959006995 20.3725861506517 4.7896668430972 34.1614948822942 28.3890253941756 26.9921766494435 28.2646163445194 17.6559152818394 30.135733645864 36.2763547025783 21.8096758599748 20.7523080999144 19.3471511189043 40.8904514917375
10.444079769878 9.27956602600196 7.38650518458399 11.0292360885468 10.8356191436271 13.2026677259906 6.24875302301408 8.37975604761723 11.2286544363521 9.02497286776547 11.5884325165578 10.7692020083735 8.95436694334861 9.85539412321116 9.90547916120731 7.8793090714648 11.4422908589648 8.33430479706963 8.60724929142189 11.095627773006 12.3503767443435 7.59311774212577 8.28295011487371 9.20907488567908 12.4919602772849 9.59146204512717 12.1048832999166 9.07636172587096 8.70099591671957 8.84787697750656 8.61672094855144 11.4045440039594 9.53626729483196 9.64222652526669 15.0879477910056 9.2185452179568 10.1583405221233 8.24383519027279 7.41305198336655 4.84505300651436 15.5352214565483 11.3661336484376 8.3198095260869 9.90778849193102 7.94666970296359 9.38051159666141 9.51253783985314 6.88402040992936 10.4331960088313 8.93129173735229
49.1192708645044 85.7421969946628 122.811067404915 63.8139615097596 48.789319059555 31.8832428313938 41.0918281005149 15.0449635758759 37.0412907819439 93.9172309403042 67.6372031972519 106.391695394368 140.799940276734 55.4260558185915 107.000053922364 95.4485214407781 49.5275564849507 82.0965502339565 35.3824771966954 28.3668049308128 88.2021386707241 44.9477765176872 -7.61893678964756 69.9500654613961 1.67440275981746 74.6748285916445 80.2597653847779 71.9636115502853 102.13832436039 47.4630984780115 11.2394082460519 109.277026183484 66.4195893921221 90.5829513157965 74.8975797722516 54.108355581673 55.6590742233087 43.6170590825687 2.17387524111781 121.185043545739 115.454260175354 53.7922638406558 103.78866291865 103.86083138983 100.18831682176 62.343811618296 1.90594330160152 86.8303790474361 37.6436111230241 77.308691369453
22.5316349811746 37.317790020702 31.2440698787208 21.1875695988766 21.677865095742 59.5245376518283 22.1296171826435 17.810123467559 22.4189142901737 34.1475436437441 48.4500445817998 28.2560598801495 59.624014434044 32.6710391219057 26.8353035083721 29.2902175901146 41.3198929700757 28.6446591676289 32.0229419784459 23.8159324414038 24.4949118842825 34.9513522773722 16.1518653811231 43.1306013822603 12.0048134265632 26.3275217828538 31.7313336147485 21.1447758810467 27.7733130328534 31.457843813398 9.2410121844464 26.8735441668442 25.0856136652034 36.897222992112 57.291348484644 21.66498101636 13.3987681833584 28.1797716822916 15.9930612677437 30.7150574085753 38.5416023425424 29.7047423363162 34.3685015061066 29.615207021771 51.9778449880452 33.7193288439226 25.5087730325428 32.9634542552869 7.71024026533789 17.510410621993
0.683698957780231 1.41126709485317 0.228850596900351 1.09534833293426 0.710306650222668 1.30853036714404 0.264082371404961 0.93956446240328 1.76409324702843 0.586457388495992 1.05803019561261 1.53885835665865 1.2449351634916 2.55085891030044 0.290853738151203 0.928864751621866 1.66296771241594 0.357803165184604 2.21464013993426 0.833968381915003 0.713637792501479 0.945694040093053 0.292435530368987 1.13737104515753 -0.066131236814602 0.0204237494314118 1.12558348715368 0.541084726549892 1.07413750599878 0.553943001946039 0.862560876253429 0.271192287533358 0.410425849045231 0.668901986771715 0.361302253203889 0.783565696583676 0.265819445826941 1.44560168658114 1.16715847935357 1.0543936678152 1.19426724858796 0.568394457320004 0.168698167575993 0.981801806111816 1.18992879044008 1.27613315689471 0.836253381037918 0.807076839512563 1.38549698532513 1.0568385324707
64.9674090629695 122.147295346565 98.7578275027676 59.9984933674089 11.8230186584097 75.0362341611853 59.5112049768982 50.5461727859029 50.8572634395609 55.9200397585728 64.3329500956271 86.4228221381807 83.2703834278554 46.6112270767058 103.591781607106 62.53680834868 63.7016672188958 48.53290096508 54.3649994728449 68.6564935973839 71.61785862465 50.7191799274878 74.4922737609299 48.7536626750743 29.8232195346706 71.4528963947582 71.9729966597513 58.9431991122148 94.6280245658736 41.9189900227201 11.3989971164451 65.8416852736645 59.7497112416045 90.0680152576291 53.5795039740295 37.3177926633214 42.6541285728859 64.7713958556792 80.5350355039607 34.3724489403236 81.0666442913515 59.8148803596219 94.8778883953714 76.473521927229 93.9655847161743 55.078206405712 39.6965800515816 86.0241167394887 47.9914744037045 65.1953685874427
25.799990867351 34.2738234119964 35.0327950356457 40.1933708639292 16.5973609237239 26.9441555051355 22.1245466951544 25.6168426790074 25.3804961156658 24.0783866342618 35.9671470165439 27.4063531556901 36.5541060584739 22.7476028377419 25.7834278042078 32.1495037066902 25.4248189650981 47.0782494764411 27.6079840112246 29.0200487372542 23.9219897236529 24.117181228077 16.6632061296078 25.8667763734529 14.5465593785703 32.4286274592001 20.6805282683699 16.0597668296739 21.5755743184664 30.1041281332207 10.6045638468827 23.4173907445049 23.7468458957549 20.8578721330144 28.2134089292509 35.7321246333198 21.9250383265182 27.2990783544705 18.6331219870966 20.7996886480894 35.4014713831116 34.319254861032 26.9841102627029 27.2614538977416 27.5330835902065 20.9941374588281 19.1354534328583 37.5836240413494 22.7787388082692 19.2654341329268
5.83888805452459 5.9800641595895 5.60132700196056 5.88690130511609 6.73985479909408 7.7590983951582 2.65768378812887 6.77203935084924 8.77890726751672 5.74546786322654 5.84477130328009 5.47872856964572 4.7152796072065 6.5086570205367 3.53909613412094 5.84456034315589 5.10354224150687 5.2344966263043 6.84065464071367 5.1010154306844 6.33606146850553 5.00276641688068 7.64600640543006 6.01435083913572 3.51043323741457 5.32616286188426 5.8117916048761 2.00525614682356 5.11301906938173 5.06708099921178 6.53095736635166 4.99573452366068 4.65611655033037 6.44197112385078 6.66171142532302 5.79450423815617 5.85431259650949 6.80009015768414 5.7724802329743 6.58517639108424 5.26665005079882 7.98113961349812 6.09054311427231 4.34836246034912 6.74094015610329 5.53132297613028 6.85883120232963 8.40316229103965 5.07814993336772 5.74575873630681
606.975251854574 382.766693812682 250.877226480874 347.79706726313 371.090722620058 359.076654875536 320.41952047662 288.839640373378 429.264273306019 238.045073598349 311.958446154525 214.121008659621 264.680900410185 317.741152933063 366.797881923395 317.420272847249 432.427065735659 295.038695828957 364.594197331027 360.345333070899 321.87755690831 270.604664009272 285.40117902794 283.847555444221 304.836946008621 301.103844549581 202.024423775537 293.770036370358 301.19314179341 255.455995119411 360.31803209963 237.864419585276 287.339830741775 220.171853010743 365.657284783551 394.92514085757 350.070917227676 240.466251335166 315.793424786795 360.439497543026 263.772938211857 324.474048428956 261.883267266532 249.61307708502 253.061282791995 298.798298131198 354.241043947516 406.662499388242 277.233925894512 296.632556776034
39.3552903569764 44.9563168254844 46.1606055464465 41.5741556374142 17.0759213532233 35.021144814974 30.5430981929967 35.4562044717586 45.5867905685749 32.5789041760018 35.4898482711577 56.3014239807274 56.1658552439173 36.4322821537078 44.5209726863618 20.2511404199836 101.448611827369 41.0036785761644 42.6353435096655 24.1047722844958 36.727346661939 34.2688362068673 28.5427279734983 49.4686156019162 59.4532491926173 60.0734090661514 38.1225102053299 40.0706738907674 28.2937434493405 31.81700485807 35.5356883685992 27.7011775791809 40.3702333717146 46.3113733478014 47.1607637148513 19.1953229341415 46.7967396883932 52.2998785084761 53.6198983490156 26.5236986600418 50.2164212870828 46.8731621606698 33.6476876607123 52.0478650861243 38.0693129351853 48.793922448929 25.9113145110103 27.0197856025762 34.4679224734974 45.3627723681895
