33.8874403451101 34.349375932487 35.27980621985 33.7387025089343 34.4661962395244 34.1473128156531 34.0455637398957 34.8637208760092 34.619544257643 35.0665465264131 34.1200807087983 34.1884040038671 33.7974883274384 33.475481905939 34.5541392842199 34.2830398217496 34.2809404907903 34.1496947666428 33.8795633097864 33.8692176136767 33.6236324118568 35.156591433773 34.8676721124906 33.9778540881396 34.6739096693858 35.1258350026314 33.5323877998168 33.9327073774076 34.5585018288189 34.814588583524 35.0068506795519 34.9615327531646 34.2647128996918 34.5028087545263 34.1921421088922 34.1597938113402 34.7828822870743 33.5816445409134 34.1201372232274 34.0693081571898 33.6356611355423 34.1045256137176 34.2845525191854 34.7810513364366 34.2639435974448 34.7272681093689 34.3595424695915 33.9423321262807 35.507859656614 34.2725283987909
36.2920355517254 36.7621088900458 36.8016895859481 36.7521355440443 36.7041837622976 36.963670620436 36.9462611933588 36.6953119741741 36.6090223244801 36.7701063166733 36.9589299880757 36.8863711182803 36.7982084700071 36.7924772019961 36.4915976196861 37.006211001545 36.723543910138 36.5778593582923 36.9546655209146 36.6384871903537 36.8079205271461 36.741672860678 36.9478838530317 36.7394706849287 36.9966666092619 36.9042170941924 36.9506188847685 36.3665548630288 37.0175478066352 37.0116576616862 36.7657371318907 37.2962535674772 36.8834079262061 36.9681746632064 36.6893062916061 37.2201953535386 36.9046352393558 36.6338245324787 37.0004645093328 36.9314981030601 36.5432299245156 37.2198898221302 36.9334545113194 36.8139027403918 37.0380217073077 36.816344432653 36.7552641094396 36.7758332596773 36.8639722931966 37.0266016827879
39.083360089899 39.7767088354506 40.0421809167519 39.8491638938856 40.0669245393041 40.1332329881628 39.8283295513586 39.7240555182719 40.1287749631763 39.8677127012425 40.0587919461646 39.7983887064879 39.770241008138 39.7751243797749 39.6073343445484 40.3911393247009 40.2172700309382 39.839415904549 40.1810526090189 39.5010928253177 40.041216244366 39.753049825188 39.9473414868523 39.7684219112993 39.9066061367711 39.9994488647691 40.2651259103189 40.0422128751735 39.6859994174965 39.8524457581515 39.816679585484 40.1426964900522 39.6841375974018 40.1031948512434 39.8121417777985 40.2041178275286 40.012563765902 39.757300402818 40.2709548806377 39.7457933328169 39.8981314460762 40.1593216372 39.834991779638 39.9776412470079 40.4852560552797 39.571340857006 39.734037641883 39.8370333311948 39.7210620362738 40.0337916143774
43.008998787094 43.2505827733683 43.5679465484532 43.5955032651972 43.7433722709929 43.4884470015348 43.577858122086 43.396062207525 43.7109657145922 43.47368570445 43.4478555333187 43.5948464636835 43.5056679564711 43.6939756880353 43.3489683862646 43.8482924595441 43.5371836453152 43.6287047072364 43.7183105174801 43.3011607630905 43.4780789160775 43.5904562913649 43.9822771860055 43.4192639044588 43.6430099384293 43.6573468848963 43.8057950192298 43.7446163422562 43.7873966968654 43.9313748993783 43.4950908376328 43.9750982439482 43.164235247124 43.6028493561324 43.4503548072798 43.81987759894 43.7111582328354 43.3520040241347 43.7162731801129 43.5110590793074 43.7595295242182 43.8604922894486 43.7555075016848 43.8189433013822 43.8594365523906 43.4388639541421 43.5565118745972 43.558087635563 43.7240009533384 43.9783488952187
48.5864205131317 48.8855190521265 49.3329390487459 49.3246134895379 49.3599128663898 49.1402936096903 49.2282028440845 49.0180818220779 49.4464132729931 49.0173251549502 49.3313516316897 49.2450108951645 49.1570411616531 49.3444732002604 49.0247732607814 49.4521661458596 49.2000732968071 49.3689838572806 49.3819368957016 48.9604392993597 49.2661822837115 49.2470664463303 49.6659175968838 49.1555764144549 49.2502726719462 49.4144711391677 49.4502668784505 49.4201685132226 49.5384895167221 49.7148607962895 49.2432196979839 49.7627531610418 49.4400217242839 49.3906620229983 49.2045115866621 49.5150622237606 49.3945628602019 49.0337399474412 49.5217524484327 49.1427760701528 49.5669392057687 49.7854243869533 49.304277225306 49.5167339935447 49.6412719302565 49.084845599354 49.2664447670468 49.1918547837444 49.3898897917491 49.6845936061631
54.5494299462261 54.6524802578491 55.1464889807067 55.1812641420658 55.3480379627091 54.8340047698574 55.020782680486 54.9577024338559 55.2580149388224 54.7807932149032 55.087908598232 54.9950688831998 54.9822978583826 55.1018634573304 54.8691204803357 55.3492986091966 54.9417710798573 55.155853063359 55.0722880365499 54.6681849737265 55.0747363418001 55.0559216663852 55.4471314302367 54.9510076054029 55.0562588683467 55.2125190443241 55.2218397755739 55.2665656263464 55.3396484224046 55.34617369824 54.8860993158367 55.5842132696801 54.845992234085 55.247425718146 54.8974789632452 55.3965836769458 55.1122887754766 54.8105759958348 55.2811704620062 54.8932030709214 55.2227380864137 55.4673436907923 54.9736449257719 55.1609508805757 55.3436434720248 54.7664039578019 55.0461069048147 54.9208366429112 55.1565192638195 55.5810891502781
5.70155953055534 6.06938567288074 6.29932753508826 5.73574305788197 6.06550473782224 6.04419965990908 5.90822434091276 5.76857377884849 5.8456539334449 5.88402478318172 5.94689063427843 5.75877421818811 6.00914614361012 5.93436424487435 5.97772740579882 5.81554260452727 5.80878302478798 5.77819028769605 5.9097643390053 6.0259713299129 5.9349276385018 6.11263771304065 6.06467701411084 5.8401298908748 5.98624720048174 5.82697402278682 6.1711789964716 6.01904501358973 5.76635437454648 5.7835013216668 6.03006839501873 5.85746538935038 5.86538407840133 5.98733374429704 5.94213959228938 5.8491185528493 6.08940574002468 5.95275922312208 5.81616159256628 6.12878945224295 5.94674977141315 5.90127677160928 5.88808143638822 5.88156698546046 5.79369471244788 5.86417087168601 5.73893890379398 5.88062434826972 5.84120875570457 5.50084393113673
24.6017441576912 41.9211739116559 23.0035562082453 21.3175143365716 20.5223183185652 22.2689317805497 28.637072550286 15.434154040112 22.450749912471 19.5669402641657 23.2055929552501 20.1171999612704 21.2625645901047 16.6660781759664 20.1875699112206 20.1908378500548 18.2122243823532 22.4699226816653 25.0980761197651 15.9392902672116 17.4953158244344 16.4458941078859 10.9460349631899 19.9231624327912 17.8483580471654 19.1258909182639 21.3374405046529 25.0463531221376 20.2346420211511 15.8677895765267 26.5644986144674 19.6100310624181 23.8075125139078 27.7979840346258 21.4514987277953 20.3607354116668 26.674465213718 18.6249208676419 25.7380838657386 26.3282370336305 26.0228028638507 28.1498753529263 20.9544111456981 19.1803132632195 18.4482809196824 31.6083696903788 19.7405784172411 22.8456040563831 19.5536868034751 25.4840409294844
15.1450561393231 17.6928609803846 17.21282256098 14.4397190944302 14.356320860555 14.8867951227231 12.921986396056 15.7566400642758 14.2367587913542 19.8870983248365 14.1830003727382 12.7432782504213 17.2087714423384 14.6087019112958 13.115144166827 13.2497483436419 13.3020245665344 13.4166634267958 15.3706407895466 12.3746796170809 14.4194968578341 13.356721877899 14.5648554075693 13.9842161862216 17.2213086428786 13.5989297307238 15.1295891618636 17.0493479034337 12.5873810186894 15.5466674853626 16.4349758478552 16.9171913153296 14.3666262403274 16.9814348610115 15.9499623654236 15.4705039432514 11.9586607764044 16.423034433593 16.465208365089 13.0372124051446 15.9845619686035 18.4180611157529 16.4635234872922 17.7239469353355 18.3182829825403 18.9849558863822 18.5411814115799 17.5895253133049 14.4879991221702 16.2239896064124
61.6020035863189 41.8463332969601 53.8871170471166 53.507499881715 54.4619567738096 39.0452422405368 48.190300518636 57.9104454316658 46.7653940231184 48.4649097744895 45.7290266641 55.5141672860259 46.4353637886047 48.2277917889334 42.3206669406371 53.4366010107327 57.1659057500184 45.1243328490111 47.319159166413 48.9434719479304 53.4319099250488 47.3759919733009 63.7820819367257 45.1383594036688 53.3314310303091 45.25670574731 47.0286145249553 48.45057435667 49.8965061661604 52.7118652908216 47.6103138859822 48.8295600830904 39.8638122671235 44.5081030103229 42.6868086264922 48.1945206139864 51.3572574430822 41.5902688585224 46.2240432239549 36.185327584052 44.0123266777312 40.4235655977472 47.3891674378263 54.8331709546173 47.4929123152734 41.4995496196584 46.1617849694656 46.7930722658975 48.4113574049316 48.4131053580081
0.495451173820255 0.424439731028037 0.730867777514005 1.17171084303296 0.66898978150586 0.309612599727277 0.797177720166508 0.700180167661028 0.633421453388156 0.769305360667791 0.440872833582743 1.20964842596466 1.28982361005758 0.841263996071907 0.759903226053202 1.03567043140481 0.699135254080309 0.861780999525189 1.17212222792108 1.07891480933825 0.733250952373586 1.16631954081442 0.262433155375003 0.610628117560335 0.483542057857125 0.0917813174571797 1.39913752096981 0.481862687429153 0.244594514504194 0.908995378111674 0.841416051225297 0.537045171002057 0.436681953581736 0.563090708109563 0.778141455046073 0.397103634227568 0.991051994413011 0.484812449253185 0.587744586648224 0.910162841919832 0.978642413401039 0.59157696913741 0.797090598952268 0.33742222515252 0.473821012399657 0.716406625909899 0.979932629517956 0.396885452796045 0.64012216231125 0.855684199382775
11.1660950891822 12.5650231699072 11.9380146652568 11.8892940449015 14.3207266241803 10.7275464325484 9.68493255098049 11.7575453303839 11.5109384842141 10.503898284251 11.1238203390899 12.9141057111311 11.944412919269 11.1257069604998 12.0828478730519 11.6145445285387 13.3660107654868 13.1058538254582 10.6633844335173 11.1470686370337 8.94517111291365 12.9399748601064 13.8482623831127 14.2501426142662 10.916214816305 11.5037580416036 12.1416719827739 12.0913755736294 12.4396603328808 10.9077883141773 9.15937342981806 10.0946957765983 12.8392993021783 11.6838686983845 11.2658042278485 12.2917897096459 13.508502196546 12.456810112106 11.9797652955471 11.6421425146803 12.2169172477322 7.01387835556828 12.2966035304196 9.637220016887 11.1063903842321 11.8534374254945 10.5625583391961 11.3233460601618 12.0061681059157 11.2503947508073
12.017236423926 15.9722927179149 13.10780256468 15.2260488858777 13.3295871105667 13.8131941750127 14.5922454327244 13.4534927337389 14.8528448057163 15.6529130499485 15.6212040229675 14.6501385927576 14.9063590881048 13.5352083655688 15.1069696136828 15.8122023542067 15.2408878075877 15.5055544382639 13.6691379307148 13.6596018455806 14.9263034420708 16.058783750896 17.6834810201265 15.5229308377598 13.6557447387211 13.2202587287679 15.4818724704257 12.6245172399277 16.2379090273412 13.4380050159201 13.4124870731612 14.6740273458064 15.8584242030487 14.939566449672 13.6499660316746 15.2423925442553 16.5424670225366 14.4509368203789 14.9607131019036 15.0483873545261 15.6843786464387 12.9236621157785 13.2745764020364 15.5033187272562 14.7957308729649 15.6889677246366 14.5749953223605 15.0164963988514 15.6283911935696 14.9346816874306
19.8204807804974 23.3281200407657 22.0682617907575 21.4908258165693 21.0687649706976 21.0107540215964 22.0840248452658 21.6812600658256 21.1941002651798 19.7587653211824 20.0739966935321 23.4295727121872 22.3239752543698 20.8468092264603 22.7911214574187 24.1850991523368 28.4063717013444 25.2000872671588 20.0910227055395 18.7065767763985 19.0271480216194 20.1489642398824 23.8396774419571 22.4235866244637 17.594951560562 20.8426888091428 20.4472917063806 21.0978268476438 25.3665811077052 20.5960472632794 21.3697317981043 22.4007078133485 24.1890661593975 23.5936407590897 22.9886557431644 21.7989134823045 22.8855634216739 20.5975673522529 21.9985548982263 21.1080864248432 22.7076092665432 19.4215000492642 21.7089248228098 22.6389426015094 24.1152893754879 22.5701981903919 23.0480958061523 22.5995054642829 22.0397844215741 22.931913320389
24.8747324226454 28.3266360158459 24.5321510341139 27.5709606865183 26.7773277662493 26.2842251087847 24.007678680356 26.7269808487278 28.9565888067577 25.9428156433964 24.4024099116116 27.8822536245941 26.8327566398573 22.7337014470016 28.1759961872805 29.4726559720717 28.6684893774774 31.2618665739318 25.7247333529963 23.1309135885446 25.518415244222 26.6532537533647 29.4071834764359 24.8562265742639 23.3335901395549 26.955245394466 27.2064043780004 30.0143822500925 26.2648501479863 28.4317425272739 26.3316556250517 26.2896257508748 30.1899761604013 23.8602893052751 26.6845886214816 28.7109067419781 28.326914621055 25.236346393475 26.8913459730863 24.045375684622 27.5491566937764 27.2060241357013 24.7665542672606 27.3377119606944 29.1789717886676 27.7696336203968 26.5123967662552 28.8818172384733 24.5716604819362 28.8659588712955
31.7130964082024 33.7633722260062 33.9679914851238 32.0849712824469 34.0050063219679 31.7918948570368 33.7343752711756 33.9778937904644 34.859502044854 33.2238976024647 30.7776021901608 34.273846793793 30.7012068526738 30.3227062179938 34.8629174401884 35.9130338220742 36.3532496538052 38.1192554289696 33.8247990451734 29.6193629607727 32.531037868372 31.9934263398324 36.0308951631038 33.2918791708518 32.7320869440507 33.0761480532191 34.9950772891685 37.9537863250955 37.3570905247185 33.8772357249456 31.7675172027752 34.244025073108 35.3160008691579 33.6292771961849 34.0626387541719 35.064090961904 33.6962893442335 31.8372753836594 30.4481798577686 31.0558963280564 35.3797545988618 31.4188235168454 32.6003010950195 34.0948885989103 34.7765967610171 33.3325410514259 30.5865141311696 28.5521429979097 32.6027416957028 37.3072774989867
33.8129314882148 38.7161843145602 39.9676986674636 40.4946924163485 39.5958071501863 36.1343386107292 37.110382576219 38.3500916415374 42.0560591873419 37.3897167402207 37.4889608448592 37.1549836012765 37.9564828344195 35.3959918782933 37.79348785485 40.5243870337916 41.6377665137818 43.6624384228476 38.4407668015017 35.7094417151755 40.0649513756006 36.6749440910524 44.8985964305585 37.1153201593015 37.6289543945984 36.5989326475352 38.4702777527905 37.9909278810626 42.5991750611197 38.2466030392858 38.1518427783927 38.0870504891113 40.1891411339327 39.8264404405141 37.7872778562303 40.1155129418403 36.9787971919204 37.2546023588991 38.1126081371397 34.9446662083347 38.4398990029501 37.6942480723921 36.6714333485515 38.9262572627808 40.6159434710472 37.3629865384786 35.629584288128 38.526004884207 36.9152300149596 37.405266328021
16.1940941536531 18.0007504150985 18.3378432786246 15.1804113718495 14.7096747435241 17.7813192526214 16.9794384251363 17.289691773486 15.1454935793007 17.2660693977004 15.8856670350573 16.7126996702825 18.3628356143763 17.4123291481749 19.488004464214 19.5318527136918 15.9026791998555 18.6095852608715 13.3074518822233 17.4645730651895 17.4161338381894 19.0780565667228 19.6970362532197 15.1889792210553 18.9448497426728 17.0773478049132 18.7320590294631 15.6656039212381 20.0994076461687 18.0690393014457 14.3105817273774 19.5051762280335 18.5997883295582 18.7213301036022 18.5517196006995 19.3800959887511 17.8908615965305 18.0299759009099 18.4985914649051 16.5980299423207 16.4563229391917 14.8099508804542 18.966581893711 16.4943640862643 15.1883540277248 16.5382691314691 21.4711840694023 18.3384020858729 18.917860203152 15.0249912509509
-26.115668596566 -49.6343362710755 -20.2989633572737 -27.4140839522874 5.51911409209302 -53.5294994187014 -10.2106652710944 -11.9066599491631 -74.3960309890469 -65.4979231745419 -40.0798016229124 -55.4360144545682 -128.83986717488 -67.2867023064782 -53.2607447034862 0.441352387625558 -106.242514938201 -38.3744878113786 -42.5957495900779 -53.3936243008852 -6.1777377068553 -11.9239861581022 38.7173122624565 -12.6095435298446 5.19826548966794 -17.0031273059815 15.4083347807651 -24.2142229167358 -27.0382605434562 0.845042191724312 -12.6248479654168 -17.072655123653 -29.7199115612102 -7.0574689524508 -83.5367181066923 -12.7021092955268 -12.1606852644342 -19.7259370425908 -14.078822915626 -70.4503723536385 -85.1088878760273 -23.5445031513938 -33.0319326110767 -17.6834706249891 -13.8236116795512 -42.4351224381703 -28.5744554675516 -42.6970721483137 0.336742538101973 -56.2063941606962
55.7834575290238 28.2837363742982 4.43363305546125 19.0596690406718 35.6878794519023 26.1303650071881 14.7718701951161 41.6742148842027 37.8509870185107 3.24301518603484 20.8991222668772 20.8350366984254 -7.22420670101481 20.5024683290221 22.9571826913477 38.1495954177967 18.58285463038 18.6054743929453 30.9704529733983 25.8921738365823 19.9593368770251 23.3888482794362 68.8073982421131 13.0219678537597 31.7144550165385 9.29710762378946 19.3360688112189 20.0800545981944 16.7140563887883 22.7329762919225 40.0124993344853 5.75485941644659 15.7270542334272 34.435595857103 19.366414314944 49.9483296753922 21.9073694229039 23.3621322385947 38.4662507664994 24.843538297128 15.4063271322088 16.2733780483319 23.0707326241334 22.34013647209 47.5441580197478 20.9232525541587 57.749147948321 34.6255861621075 38.4381998776832 28.4241798596186
1070.0028096419 2384.04991485266 5047.47703042396 4251.97877739547 3742.18629984728 3514.34988455853 3678.00676276421 3841.30458541765 3990.71869305625 3370.9012690467 4315.8310085066 1399.4148071214 2641.05773172289 2979.84838307632 2848.11097919038 3311.8263787547 -5.798702358475 3577.86207531032 4040.83784324915 3526.3194136453 3813.93412868572 4291.80626416584 5053.0290071677 3533.25460340416 5111.80024497259 3675.64134879214 3591.89529002328 4133.4948447547 3024.2206735459 3720.66612182461 3659.69393691121 4025.67195802055 1844.2294306198 3078.56493901389 2926.70456487215 3708.42848167314 3309.95709311504 2580.441892631 5170.32773596002 1046.92950222216 3332.35614860866 3913.40073216105 3934.56622518043 2990.28806303446 4180.58347508012 924.759569446038 4523.57375874977 4128.52121422124 4367.30121122829 2807.62868165238
316.96336000581 1047.4508203303 278.856717885646 366.869938175552 177.218337343735 209.84363286734 418.464029759506 368.613858079227 526.956561637975 369.545820993731 373.490513070906 472.7447436895 625.502868882126 488.503944871857 263.687464263137 191.621066907631 434.247601568983 286.266669853132 410.064329229351 468.764586082998 414.641928772358 423.136691181126 391.623300825365 428.981085376813 320.387351803176 308.422883464422 468.372641350377 320.113979249126 427.724725429672 351.854619099658 285.376441865375 218.914020031996 357.180791648643 477.012666626982 505.582924455522 307.8823087453 363.023382855369 413.966147296109 766.672686606917 486.203168162872 468.418294812887 391.870739117368 391.076971865265 433.055177252993 463.117609673645 420.693298901742 567.29145200555 436.762636759199 331.600446203102 248.568965782838
-58.1747314468547 -15.9584023533561 -35.3077367531913 -60.6326759043744 -51.0277443344256 -44.7708416475663 -73.1676066117917 -51.6458122602532 -14.7366253270583 -31.449552139508 -20.7204336320464 -38.9129097449674 -22.6139723178671 -40.7569934762491 -8.7731644816332 -30.7644770821219 -10.1959334394133 -33.4396150737082 -41.9889102421819 -8.181382498113 -35.6005157140637 -45.3876079523477 -26.9250676304822 -15.0559461243569 -26.543217836077 -9.6883417586091 -36.3856755833094 -20.7856133335994 -16.7240899630292 -63.3228548105957 -37.7706326069588 -23.8521129323232 -45.0422576548579 -37.7628303332284 -18.0386639577483 -34.0762499723305 -16.476430387039 -31.2334585610564 -8.7719282760492 -29.1241239098738 -22.2544034684196 -24.3701473590694 -30.9299440245768 -9.90254187813165 -26.9717899126127 -47.398303839473 -16.0699723662799 -43.73587225225 -19.032935830988 -44.6536367289607
-18.4391158680763 3.18162922552681 -3.31582490355381 -17.3584597042516 -11.2364325876701 -11.567896364755 -17.1294251671234 -17.8361881292647 1.38697662672724 -7.10783038746005 -12.843649263111 -13.7685858996626 -16.6497497739776 -16.4560685953547 -2.78161847232403 -4.5241415680956 -12.1139090558253 -11.9312152674673 -20.9814056607803 -11.0870285673656 -8.12541783371759 -6.89237257744394 -3.94834256006785 -2.315739505379 -3.53531415457573 -4.55577888800228 -17.181518576177 -10.004847578711 -7.80459149307733 -10.776726539488 -15.4394346983118 4.51941118617906 -7.92346479600125 -14.5175101694839 -4.03203370839779 -3.34056804815007 -15.283728797458 -15.1120059009815 -0.537468503872271 -10.1932301562665 -5.79621817597758 -11.3988345495791 -11.4842630547554 -2.86002860943171 -6.82658145518251 -10.676236079208 -4.71524353223954 -9.34948253300194 -0.789035082130109 -10.5138657320588
2200.42814124596 3580.59750617208 3070.54328364291 3389.20955967012 3965.67610170156 3141.66078625506 3000.50281830547 2821.3521255865 4336.27977649851 3277.21523765884 2316.55522621214 5277.6585553892 5246.3988105512 3629.75437510596 3889.00486729754 4128.57643772871 6554.0219093404 3293.87204648057 3691.52852046581 2922.85521972733 3100.31668765851 2978.82786472287 2024.70086338769 3165.53220546035 2517.3533424561 3248.91454480567 3366.8489550025 3703.15519163817 3907.06553533727 3271.51027955761 4334.70911114045 3494.36376398717 4168.81798050117 3197.09292114509 3864.71132583101 3406.69446719746 3814.86872322885 3607.10182395683 2320.33908659255 5645.41689367252 3307.31396591808 3451.67322104197 3113.05527404241 4952.54221328565 2985.7205631122 4667.41404303358 2864.2875182608 2931.46796019512 3392.19772090145 4466.78885568449
1167.02021400786 622.393225751465 802.933183315357 932.33866308425 1468.01110852873 753.440166745103 810.293095332791 800.126766242905 887.828032089532 663.832404708959 1134.97930595726 1482.45636982691 808.82278078584 985.681108448576 594.184351028292 814.387583192065 1982.82130701362 785.369117915202 548.927659777245 985.586170405067 1071.1447082918 928.888970455928 1161.73458976873 1362.89872125618 674.902003329579 826.092048559096 1035.92386396553 388.920774678937 750.541425912032 439.384203504915 893.65939841945 897.119312885152 1036.09207392908 911.972145398011 862.588264786674 848.919902807686 811.764001035402 1075.63320945409 780.33835920426 818.733517247177 314.072575091362 628.828071725087 674.656159402639 599.951510968367 324.181291380039 1645.73372086258 917.750745431167 957.791348744657 478.265752256377 849.202187271662
59.7474404464149 90.6486212906614 136.509292434734 51.885219272726 76.8469633181825 30.4191885308179 52.3242851532604 10.8930176801187 63.0071314267899 130.515479585174 112.169098099333 76.5885165683145 88.2492682751787 56.579170808378 82.555295737425 83.9875813845256 79.3329974072164 72.5284321690722 42.5707492620873 36.8086931169971 78.720052724248 38.8994918013697 32.6745811340211 104.902624941164 52.3836208221912 59.6879774533697 70.9832570571324 100.780758320715 102.658084842627 54.858336692017 23.5555849637151 136.87930409637 93.3508002575466 119.090374125772 52.6051430453179 31.590129108089 66.2563961790451 39.9792372356211 27.2499178471851 54.0355381828969 99.1482182863747 47.3552979662031 39.9079588597798 68.4281451940648 64.6156339332996 117.111623113667 42.3940437270338 55.4747978926673 45.2664266180955 51.6068916841568
22.8853924042137 40.4235341962989 53.7802629722036 25.5034203979415 26.3900642559925 25.7121922049436 39.3988430080818 11.5123996207438 21.7105096772628 90.5689620093556 33.703109202422 32.7617806480762 78.4344989388966 36.1497018692244 16.4218660847459 29.6965567621975 42.4203990158258 30.5043812630881 17.7559907508993 17.9386908395321 37.2741753650668 29.9712558788097 14.3671327792688 46.7574708293414 17.618072380467 24.0145540766371 38.4349757453238 41.2851658207507 37.5457847531097 35.2612644150645 13.8902103123018 28.3379344172983 41.6192719189036 22.0724602417346 31.2744065373588 19.9234115211224 20.8521612568283 25.9789260411438 18.7641015378838 28.9247240463672 29.1766842374665 39.625181239357 23.5190622459157 32.2002817891133 28.399824457947 35.1089519311958 33.1494723633893 23.967353590893 24.4671630513178 23.9082422740353
7.36945096656901 10.5299259727985 9.74524182646454 7.27278459858572 9.64871118454054 9.57758870365111 7.98991668357827 8.62922998012238 9.46597168376215 7.47754595519662 8.46923358122251 9.62724280236075 7.234068349559 8.21152435018493 5.8075769492451 6.20423067384885 8.56814286902858 3.42366109673425 8.55686694017814 9.56020449317547 6.23108749858492 8.63257048459493 8.45259629955771 8.83701744553444 8.5026206977663 7.62695856352425 8.10655988943746 9.58440696066365 5.89527693907955 10.1549939818818 10.3242835605297 8.29377068832258 7.75343805031236 8.89976435825731 10.1258298063189 6.14649069895709 9.42414141770655 7.83623736045755 8.0003300928598 11.9362257837113 8.64878734963629 10.7582545040645 10.0899657876768 9.48519465033107 12.6500273656968 9.94110777496194 7.00448973944998 7.53063603512724 5.76225992420536 11.6813490753426
25.0081197420962 116.62316417888 126.753076600666 65.3489313490228 34.5536830354928 47.7476664181187 82.3728575046022 25.4490475067221 54.3713131259767 128.287873193297 96.878679442716 83.0216881285034 142.152455677914 68.7809844162428 81.194668323354 101.603946582747 114.636706527839 42.0753824392454 50.0705352142157 36.8147201915159 73.0527999747847 45.363746169639 55.184821634264 53.3973987165502 5.16143281964202 52.943768388444 51.7999846287139 115.849155194651 98.5077388800658 110.22209199857 37.3771900047163 99.5579053414454 71.6040952353008 96.3737542840908 88.2203668484569 31.022962891207 44.933648001675 28.1629694736855 10.3946644486016 76.0725650105183 82.6088851041698 65.6114924798121 73.2098430227372 77.4258356497129 61.7103132612375 97.0454729097432 38.2973476319355 62.479991911243 20.8790918604952 68.2721332056618
12.8481624525422 36.1081984073302 38.9730680587595 22.6214112664919 23.7208078342434 15.9077124020656 38.0633459906126 11.0019019856101 28.0253057223531 42.984138844878 38.0463802599526 29.8573647236022 54.4956728432562 33.1344382891875 14.4031069565909 26.7910237047558 16.1664642130794 16.4706301675803 28.801115726364 20.9284422724101 27.1754667834816 29.4848844445103 11.904317101688 20.0205934881491 1.44416747103479 22.9850803118773 25.1926986528784 18.6769580553598 41.0046969485597 18.3152287398566 13.7434580871917 29.6714398790904 24.6623899594102 17.7916816334137 38.9726538610832 21.5451311178246 17.4498796880355 20.477166204002 4.37416952704989 34.797064953763 28.8902857965539 27.5363490263404 29.3523208964231 16.2488727528741 28.3533732065371 34.2373932996719 20.3999477977944 15.8915878139782 16.3626967346973 23.9782987470389
8.44636287242329 8.96205115007723 7.07620084222464 10.2588687014834 8.91618489147688 7.59188710008352 5.85026213170189 7.74074091064832 10.2739241664692 8.50490745227173 8.78512515110485 9.86581021512936 8.52146810495181 9.61229774292826 9.4293536870663 7.35885470630696 9.14464783773853 7.76086849104249 8.22651356736583 5.6965877951425 9.67416426038341 7.09640998860006 6.93789151077796 6.93543850386325 11.9073398096933 9.0697037248452 8.8142910149935 8.3565205206324 6.51713243663103 8.88624734356779 7.99408916390797 10.5603169958854 9.45948584709744 7.34933298572139 14.3840309930752 8.37967399488516 7.89467617404704 6.45590875209913 4.33278684639179 4.02212554431024 10.3499470440403 9.10232576598191 7.14367253207263 9.11821289907124 5.98133483617726 8.85326730097837 8.89766893389178 7.84051614366177 9.10666538618922 8.18334314852472
41.2620539747458 78.621566546828 111.33361648852 74.195874400808 35.8218644794601 28.6464335494657 60.1114846867905 13.8976796447566 34.7962981599358 89.7502621571105 83.7411353029454 77.9734858282386 140.022913977455 53.8850289125294 52.1507303496501 71.3150653026921 61.8473263872966 76.4479516225543 33.8173577702363 17.7894112065937 54.2667229982608 45.0050742584168 -15.659280939719 65.8500423999087 1.59604114941743 74.6457022556908 77.729425738692 69.635138009237 97.2279094058284 35.8856281953623 10.4272648731425 104.577163220855 61.9072653241657 70.6230487085265 71.4032898094075 51.7098298977645 35.4468208378211 41.9293308312748 1.98529441541637 60.127958127763 88.8736127481 53.4359967696058 64.2047240080852 48.9389623838089 75.4101896748617 58.8396936703386 1.78274744236716 67.1243105382123 13.590163133721 45.334077511322
18.4328671936995 34.5142549745553 36.6564616095854 19.7076654152079 20.4245229081516 53.4815646395532 25.8979793480124 16.4519767121661 21.5327234869559 32.5771066928857 48.5000226495218 25.8857549508433 58.8010386839119 31.9654717339837 25.5454142058253 27.3555020632919 41.278433069234 26.6737824190046 30.6064292706382 23.245978134375 23.8626399056603 33.4922228021032 14.0304060664561 40.6025628571114 11.4429913039337 25.0065102336146 29.4888034056463 19.6312039792875 26.4183673626643 32.2219792652699 8.57327001864249 24.8095234972616 23.5196116015152 35.0986586365814 54.6184639324804 19.9940642758269 12.9158716014112 28.0782313842213 14.6056841808167 30.0791907092256 37.7258705278595 29.7521415835133 33.8778142431373 27.2550996516022 48.9036455769127 31.8240885253087 19.0879549642333 31.4737696372093 6.50211212283148 16.0440060637657
0.661013077684094 1.34277856968103 0.218244010268297 1.01884071024922 0.708515584877803 1.17568744208605 0.309051880309248 0.867916086218813 1.6273874293162 0.548464692699619 0.80430543708369 1.40976875379953 0.759534316261453 2.44252149031361 0.27687330654066 0.867510169609891 1.66129910992199 0.333184756052216 1.35467332086476 0.987531262507344 0.708208374368825 0.894364542162725 0.254986284806569 0.856564534189149 -0.0694236249963498 0.0191509651623861 1.03634002258377 0.491929488219472 0.787493978042591 0.534755045193502 0.512149424468218 0.197284997834856 0.400293305064808 0.781315726081775 0.344445969719665 0.560596682505427 0.24599359085916 1.42856685423888 1.06590901222787 1.05844713648561 1.1468400346372 0.57196702803568 0.21735305438412 0.903559649069112 1.11955114420058 1.20440637306512 0.782199856083613 0.801157385171126 1.22010505192841 0.774667102418917
65.8149760789721 90.1044797325303 92.9735454345908 55.8077332647044 11.5847942155963 67.4185027874272 55.7161000932576 72.9557387577145 74.0980623861773 33.5759437152 96.5569882397114 63.3384840071318 67.2821030150641 46.2794470057073 63.1119666648931 58.4060457915948 63.6377497056472 45.1936269490898 51.9602012920567 42.223827270011 69.2357738782403 61.3424033082934 43.8191957912168 45.8960364529788 28.4275006753055 64.6495688007731 57.096586245311 69.0843036945619 71.4463949214167 44.2819364106772 10.5753220827363 61.4680781374127 44.9587523293167 85.9421738951467 40.8638341771284 27.3487235379832 41.8855025595066 61.4706392798987 91.9359085144405 34.2738530314685 77.3932449184574 59.5374365149755 92.6694435889045 45.0426638569221 56.5811487098816 51.9824615900241 29.7045464041725 85.6567737014662 42.0886569861512 47.7884801916683
20.7438967861925 31.906450510376 32.6585739586874 46.7324426475089 12.8833849121842 24.2087658493861 20.7136363423273 23.6633788621351 23.3464536082958 22.5881933743939 34.6697020840628 25.1073272386027 54.9923341500884 22.7405138445439 24.5440988844787 30.0259228964889 25.3993079969557 43.8390617899664 26.3867639179808 14.6237774002661 23.4870631755908 23.3687204888036 16.2983464249452 24.3506322646813 13.8657842114244 15.8703756556503 19.1563073217387 14.5539132814894 19.9736907922677 23.4287849223181 9.83829341143821 21.443536153914 28.013111113861 19.9580156255696 26.8971336645645 33.4535364473734 21.0533287112554 28.8502836293686 17.0167230957251 17.0844327816879 34.3483524949805 34.4561741067529 26.8718256101017 25.0889227984899 25.9046553747017 19.8141336707733 17.898581052909 35.7628376410906 19.5545754438803 17.6520556097944
3.89893538132868 6.28696714425413 5.08717940905154 5.47571446135709 5.05551530032067 6.97138925786457 1.5924479541018 6.25562388138312 6.7463443093133 5.53002738394482 4.34568059364772 5.01913663113611 4.67131994186123 6.12823143255249 3.36898282637828 5.45850784598453 5.09842140647887 3.89947245009198 6.53806301016276 4.7810388819746 6.13798872049307 4.98486906375381 5.46545416114425 5.66182826495828 2.67691670542021 6.09449202961313 5.69495012105022 1.89989694341261 4.87607505355617 5.00469631676645 6.0590398394036 5.11113279094362 4.80315222403662 4.86873504820302 5.0807314519416 4.50724998109778 5.41767504310039 6.41748126629328 5.27172514450848 6.41419272863099 5.19399683722628 6.35168563347206 6.0334847195243 4.00183095431268 6.34225117114941 5.22042751411912 5.13239350753266 8.29036654329557 4.50539354105806 5.26458173918873
518.814201218432 375.066316402611 224.6985579279 359.178389617396 334.476222134195 344.124866641201 265.816416101783 300.552961072516 484.86632354098 242.443437273729 261.194881326935 378.94156182226 382.646778022075 364.371098078634 349.167052298449 316.276364203564 431.993173438803 387.34649893878 389.487983635652 316.658918572222 239.066668356712 284.323460175355 315.222345707517 268.912047289153 299.989862716161 271.183380723299 301.847290934471 313.76947053721 249.261047066399 241.908652746177 375.847869598067 257.103400658171 286.856734868195 198.715811488392 373.807840829596 353.953546187864 287.260468679117 293.658174082718 305.728561372808 412.098969251518 321.923812086926 297.757280750737 249.604240350415 323.101778152648 321.071082835929 300.428391072004 350.489958879521 372.425225645859 291.684179466901 391.076241668471
38.208044400701 41.9989207422602 26.9375940686153 38.6702941740605 15.709729936954 31.4657735122394 28.5953261531137 32.7524203486681 44.5860404335939 31.1474069559308 34.8187085598866 51.5784886757159 56.0820153686941 38.231119298965 42.380988452936 18.9134857683626 101.34681946818 30.5459581646668 40.7493985542069 26.3431772461813 34.0979209935758 34.5626287513382 26.2087170783548 46.5690834363653 45.3366821675954 47.2660537634539 29.7054166849422 30.7049737943316 27.1031366888743 30.5880377123208 32.9679309583753 26.6414455596235 38.9879048964435 35.6164242463723 44.9605139365545 18.8605306221764 34.6451645044625 38.2485787023193 48.9684425002946 25.01277329251 46.5110111217972 45.5708850391749 32.1823836626001 38.3200360148117 35.8177255630177 46.0513942818775 24.2364658140982 25.55450995739 32.69729520803 41.5638793775821
