34.3895553815113 34.4755895018109 34.6424926966371 34.0349369364259 34.7348382640416 34.3865763239345 34.6453341470602 34.1693157875354 34.4930172757896 34.4591860017746 34.4727234336133 34.6664206373514 34.4440552233563 34.2310949283178 33.9909324552792 34.5642572672366 34.4478046334176 34.3933907412193 35.0284519358332 34.5325971345324 34.4350359659041 34.2132829929719 35.4085756651307 34.352280144855 34.7680093221679 34.4236137126129 34.8901340180797 34.5212137796944 34.7407714499533 34.7189480067297 34.5273665298718 34.716115169081 34.3364428933473 34.4954144058613 34.3269575889512 35.0833863399418 34.4058983269669 34.4356219645516 34.6281354837082 34.5443136880378 34.1935695462096 34.6944335372646 34.326614519323 34.6441550414376 34.6586156480228 34.5144597352135 34.4546330308038 34.8343112048323 34.5362883196302 34.3960385857701
36.4977477329513 36.7697316732282 36.8995559256153 36.8920262407599 36.978450355511 36.8535177316626 36.7341095267356 36.8544065830655 36.760486556315 36.566506159289 36.6882552811392 36.7803370618131 36.8006976478962 36.6875714931071 36.798213379045 36.8966643408784 36.7182945743876 36.7876550701865 36.8852425079845 36.6779304391217 36.8642539713024 36.8532911707908 36.8884335457063 36.7291567237834 36.9798919226824 36.6861451444137 37.085047588142 36.795795114104 36.9046388853896 36.8951090070139 36.6351373763799 37.0498183480216 36.7221314638243 36.7992398292564 36.7979315424387 37.1004095474791 36.8127931029154 36.7872445059957 37.0075743629618 36.8734976072659 36.7846746150934 36.9051421927896 36.8950428569186 37.0470816495391 36.9382913636463 36.6467854520699 36.775142376317 36.912002314714 36.8390274477265 36.9254551385321
39.4140303476246 39.7654659885293 40.0090128596811 39.849064441186 40.043449385799 39.8008746565982 39.8793932711325 39.9550519205689 39.6283113007442 39.5091568031289 39.7485629112825 39.7414413798432 39.618305981867 39.8511747604261 39.6881320672258 40.1833273993958 39.7599260085782 39.7404429300559 39.7923345828501 39.6926774657006 39.8432585424057 39.8432860526369 39.8053537301749 39.6947435501719 40.0702215556504 39.719365348144 40.0317334287914 39.7859685561245 39.7214493203596 39.9656325977964 39.6735920538712 39.7826821868178 39.6398624388499 39.770112375492 39.7652327820084 40.101024276944 39.6849148643402 39.7752760794095 39.83325884538 39.7828350526916 40.1833438870977 39.9586492927524 39.8752685497123 39.9960234416726 39.9306486766711 39.6324283530006 39.7187795045259 39.9309834807279 39.8323101572719 39.8284826272584
43.1480919545406 44.0133617146433 43.9073970036675 43.8664395501188 44.1187044996873 43.784867601405 43.7361304589286 43.8780029499035 43.7005702268266 43.4498534623403 43.7361342349856 43.849337150362 43.640122918648 43.7712223815903 43.7088757303749 44.0054519850374 43.6294979954829 43.7195334455189 43.8881735955644 43.5633459935804 44.0223141366184 43.8352081185892 43.848956484382 43.7039059128934 44.2411258129493 43.7834356028404 44.1181102966579 43.8635964258847 43.8037832038615 44.081197999265 43.6600778685952 44.0583702204747 43.724061948548 43.8990225987987 43.7317491611187 44.1370136039236 43.8326656164259 43.7120503997472 44.0218444050714 43.7067675585215 43.9788435378164 43.9717502977124 43.9768681233574 44.0782105992061 43.9304839223028 43.7193345169865 43.8072847793041 43.8869559274341 43.8000284742467 43.836994737487
49.070094323764 49.5242897626061 49.5988791397169 49.5182279153998 49.7814477600325 49.491585277195 49.4254572764372 49.4019608086981 49.4585212889025 49.2330127358596 49.439878455291 49.5405151258252 49.3392764608388 49.4549855749265 49.0487225686328 49.6219060528534 49.3799474813841 49.4757825428038 49.5626703201076 49.271426009074 49.7031732176292 49.505766692774 49.6335927725244 49.4364474287827 49.9625543864251 49.4707638830465 49.8512711140242 49.656920328408 49.4068918311182 49.8429439911084 49.333765631499 49.8525684088019 49.4303421809165 49.5650106360978 49.435919738725 49.9910411186462 49.5660642360534 49.4118505789082 49.7025308865056 49.4365743559802 49.720507883504 49.6599523240492 49.6627028322113 49.5326542317227 49.6822973963583 49.4095693105902 49.4606598015801 49.5676749871102 49.5582148743365 49.702649436627
54.7969706303913 55.3471564868584 55.3773438648946 55.3573907355472 55.5238881096065 55.2706219162895 55.1475612215825 55.3197435650156 55.1976462549686 55.0336369307418 55.2689020088469 55.2749259473973 55.1857729126221 55.185193629932 55.2298461857168 55.4051807123388 55.1041796306346 55.2443735376311 55.2250707445396 54.9258906494498 55.4312873854575 55.2564675086153 55.4803651528442 55.1254660470623 55.7816557996092 55.2321727359431 55.5584102852227 55.383596026924 55.4501015230805 55.6053800082203 55.0482297079827 55.5894880615782 55.0952010047837 55.3265517862576 55.3712861150954 55.787664650136 55.2743682139424 55.1747729683761 55.5229127865284 55.1319217976417 55.4181306630897 55.5092314328899 55.3580015214051 55.6380902163895 55.4575326043176 55.1553050642913 55.1744340360946 55.3587659662162 55.3574862777161 55.4678484878958
5.99315060804623 5.86545810438795 6.03051516641935 5.96223594414364 6.09202995253418 6.098474928425 6.02185912620959 6.05943408216401 5.84053190049993 5.71089336050033 5.9888291444546 5.94786171057569 6.0748096717304 5.98357111787787 5.93727504159933 6.12752532575995 5.85512290143701 5.88792089925482 6.00165817436245 6.0187947559574 6.02206189953368 6.08844959035608 5.92906283557148 5.99400928449066 5.8598789555655 5.83426817875259 5.99932750150465 5.86355749221422 5.97332698062008 5.89779942492933 6.03876550008721 5.99885630503213 6.0415641072009 5.98959556187434 6.02151784280111 6.08413718114638 5.98624380826547 6.01047124709879 6.06462949726379 6.2006162188497 6.08555370196376 5.85746014541582 6.04220310305016 5.90624841192057 5.92545585794211 5.93470693532293 6.00773995384527 6.08444599309891 5.95709588546938 5.69304601756948
27.1887391224896 37.9561993995317 20.5888248489942 22.2211821711222 22.8607904942658 31.4592804649802 28.7737243919609 13.8076662159221 22.4610108081087 23.9298370851852 23.1987900798961 17.5132563675427 21.866345664859 18.686061923088 22.6200048165182 21.09738943323 18.6194789674282 23.6106308927547 30.335002667793 16.1763945216044 19.0037352436961 18.0216317377092 14.026753490419 21.5048636372428 24.2235596203971 21.1021836698043 24.8250188175085 30.4519682921664 20.5504795468252 18.6587588697874 26.5447432875416 27.7304807328221 27.7106362181002 30.1976627773006 22.6546197734993 23.2645511578354 27.3905627299832 24.6143630510285 26.1785006041596 33.6822080292157 27.0298000287525 30.337933343908 21.8699649160219 21.7979298057177 24.9061644046415 30.997161020162 21.9624287722914 24.6928707443532 22.2058334742532 26.7579137443844
16.5987431832884 15.0469241286738 14.8732852928875 15.4840690730849 15.6695765864736 15.9440511892866 10.7471155665829 17.488898523067 15.5476969639828 13.9599170779265 13.9930046437345 14.946190452198 20.6130414369958 16.1228900731197 14.6954103702235 17.3058135807716 17.2512072902991 17.6222172896524 15.7005362790399 13.1190050523181 15.4364998751917 14.4418957080249 14.599078750064 15.0944240490382 18.1829923830564 18.4717492510528 17.602501835332 18.250783262409 16.4512707671901 18.512581985175 17.6991173010242 17.6090378693945 16.4145245729807 18.6988033786651 16.844526220543 17.4014497514324 15.6868964964901 16.9053882171164 17.2733258597754 14.1811953571107 16.9613171520614 14.6792068658288 18.3456208394491 18.0200305047942 14.679688841049 15.4997161140421 15.3119754746911 18.779159927279 16.5629216299523 18.130931430547
64.3200362076216 45.4658717764957 57.5349488809624 50.7878829062364 57.7916122238268 43.4438968550298 48.9157459446924 63.3699758072663 41.7368913743998 47.2791862474876 46.7564652270777 56.9002670606178 48.3690255714883 53.6522405145774 45.0514302898632 52.8519634236638 53.939391835957 46.4914796663197 48.2111157165415 56.6846079584237 57.3302119099043 49.6146285107815 60.9816904646633 47.4182619784568 50.4593807607924 47.281979292207 52.8225073041415 48.898664451542 47.9150377992219 58.1002806117622 46.9563940039643 50.7754065430994 43.7893741880019 45.6074084559691 54.2883959676014 54.0437801984911 49.2363696786704 44.7164318793255 47.1552377724408 38.7111460816761 47.1889071073773 44.9423031833345 50.249202316695 49.9112909054738 48.6363258481907 41.9847911053841 48.4122235781159 49.0598123490072 47.6302505374596 49.3213305789494
0.503362984990968 0.58997317838127 0.810889814637197 0.949365489571028 0.893165042852166 0.552201861150216 1.69498089736046 0.792580741131586 0.863982099948762 1.16549887971738 0.462672225799064 2.77101291280146 1.06138019144924 0.913759615149632 1.33041448192221 1.08217115991397 0.963115782756971 0.905530178204891 1.20150540707273 1.11550908968718 0.784044017684522 2.10047369781401 0.298179939991838 0.659105924849983 0.48844241938193 0.165909369711263 1.55863596234758 0.544079021689384 0.290165303324011 0.82451214458244 0.906135885289097 0.599060996531783 0.493345185352492 0.603541809276909 0.82178401694724 0.460849967561033 1.05699427025909 0.486324168784883 0.666359873097869 1.47130419213018 1.2783052358016 0.869912865629825 0.818664043873163 0.379540698052627 0.511746935536268 1.30313547976722 1.09022644233341 0.392246322465048 1.15786257503867 0.906563408885964
12.4338242654613 13.15029503846 12.7827324376964 12.0289748243697 12.2085087022926 11.166928521673 13.5416389549957 13.5254630471482 13.076216556888 11.5531475780155 14.0948516821521 15.1465486105984 11.5391141773908 11.6930317773326 13.5387309263893 15.1700347224264 14.3557182007892 13.7711856685552 13.8459677913567 11.1249019262875 14.050567916583 13.8682362383526 14.2670770113289 15.2779760897649 14.5960992545695 11.4376039248621 12.8423171130469 13.0699428373005 13.5581013083931 13.3103622027064 12.3298648442638 13.8572953606674 13.7577140527694 13.0272889016612 11.8976540736471 11.8634232659913 14.9820040438425 12.4102098609408 13.1224411047487 12.7759328020198 12.3821649624833 11.2972880669911 12.1630394954126 13.2007650451519 14.9942201149318 16.0830500557485 14.6892501244518 13.9077252020295 13.5054008843898 12.2584758909591
12.0632687266936 15.0653847315133 13.3342365407628 13.1574666957827 13.5710361370542 13.8083984112331 13.5843461063561 13.2202537020897 11.8505029646699 13.3029367622399 14.2126030100791 15.6517053664694 13.5228312947138 13.2639509183321 14.9577995045231 15.2310118356872 15.3698851808662 15.8414450280924 13.4173082563161 12.8639197554275 13.6874745583923 13.2189265516428 14.5488452670812 14.2921237736324 14.1831238435382 12.5246666285894 15.4454855023353 13.9097559801464 14.462666644576 13.9554045980263 13.4064670947807 14.5098555603812 11.4549172408751 14.2133659001082 14.4155331192819 13.5746554603481 15.0801354064719 14.0754579928835 13.9950713121362 12.872964281534 12.9701990046565 13.6354489953112 13.6186842493928 14.0443448564594 15.4357258723879 15.1440781623219 14.8244000882302 13.3719442969991 13.097937383133 14.2457938470652
16.6841431360969 22.1999022433808 22.1764698587699 20.5698427712085 21.4987057206762 18.8483239492092 21.7332171566116 21.2786958907701 20.0178624505715 19.245821981745 20.2315839959118 20.8475471182641 20.6430031968566 19.7753615698382 22.1442663648542 22.6312168222271 20.9825625820942 23.5836589459625 20.9240558849126 19.6901184504876 19.1014803936585 19.6453385121594 19.1771275512166 21.0568122323133 19.01397892597 18.0544207316846 20.7284900246132 22.9504270293034 20.9275711028764 19.8580867168827 20.1104756680448 21.1719696912317 16.6863714791401 15.8688245643268 20.7494642165847 20.5569000164838 21.3399977775085 22.5262958918366 20.9579976358223 20.2657982004304 20.1726465262434 20.7860833221612 21.2316067054281 21.659367581209 22.5930439720579 21.010782400062 23.2956395911691 21.1541268204359 18.015211398993 20.3415455859433
25.3350053543687 28.5724406670279 26.6571119711059 28.7531261451827 28.8098429749072 26.8394838258975 28.4148828532096 27.8064561994331 27.7207829635692 24.0021497214477 26.0929800959879 27.9882100961652 26.4403673332603 25.9684593182251 28.792889450049 28.9189761230477 28.7446113418104 30.5361453744812 27.7560903470402 25.7832652074292 27.405871863593 25.9102674307166 28.6040210023344 26.5893688928601 26.8581723313869 25.6042695661585 26.7758069701973 29.1060330653974 27.3340582235632 28.1908813429181 26.4030926959287 26.6451069272046 28.1127678160924 25.0621392813989 27.3720178687117 28.1510906461317 26.4970274664065 28.3733146327712 25.8674598298315 27.251075781659 26.5740046065544 28.7560489788532 26.424960062822 26.6882389296458 28.9770414921214 27.6084263021384 27.2493609979013 28.0559169650876 23.8951460868813 28.0355414140942
31.7307589788439 34.2419011706272 34.0599025084951 32.56059067417 34.8660108847023 31.9407934496781 34.541654513591 34.1140392372356 33.5008245186809 30.2743157984675 32.8351628035286 34.0239063872218 32.6084845451658 31.5557813387846 35.7147273993684 36.0656786486913 35.4806608387509 38.2917867241758 34.6097665409161 33.3456481935043 33.2262630081724 31.3096062290392 35.6559531692127 30.8460835124844 33.2187256052668 32.1297146882541 33.1956763667936 36.9131772757993 35.1375104526248 34.3151956811758 32.2424266298352 34.2041578454735 33.8650612511946 31.5816052223785 30.0194827950111 35.1147948580516 32.5133806880892 34.7527573170286 30.7195589369654 32.6457013446533 31.7454741144907 34.0343145573709 32.699947317415 33.1925706037428 35.1493251214336 32.513995366113 32.8416491515824 31.2473340956515 31.1078814031214 33.5240663951935
35.557759365394 39.1690193075911 40.8063692108956 37.9356193349695 40.1397632685731 37.3106502505868 37.0227248578665 38.8881914589102 41.0290167039072 34.7321372377476 38.9098647315882 38.7268051582385 37.6256613122691 36.8758515740401 39.0396074865991 40.4623234385885 39.9368524369299 43.3894592372804 38.4719623950461 37.5166303275492 38.9117600768596 35.0788532454174 42.3236121016456 37.1888028786797 39.0874392527632 35.7418872276295 37.3059545447645 37.3753860744215 40.67724541866 38.7395982613103 37.8303851577661 37.2501119859014 38.6017484060702 37.0944879744407 37.8280853938651 39.6238369105956 35.9570580897579 41.0269347757794 36.654891965285 35.600486012837 37.3321710501442 42.4441355270258 37.0603306854477 38.9924203440778 41.8062451659628 40.7791023548541 36.7307864488082 36.4884730353175 35.8584410643257 37.1328403815126
16.3644746694522 17.822209091878 17.1326567598533 15.9120773392074 13.5989798155607 15.6689446724303 15.9183857582515 17.409490518815 11.7204667030879 15.3768962418809 15.5698600062548 17.0658714227588 17.6631936648019 16.1294430343737 18.0076342812037 19.6055089969504 15.3386062903184 19.0775946818538 15.5183677572517 17.6151833292946 16.332332145184 16.9862557895226 18.7204449687719 15.9505099635993 18.8337317312123 16.545305309175 18.076526912198 15.45461223421 18.9837885568482 17.2482460742979 15.0053394402661 18.6208813269416 17.3678727543515 16.3359677816639 18.8260936323924 18.0948537353514 16.7773927419085 18.6194607096415 16.4422700377458 16.3673489298777 13.4835646668975 16.4695716335995 19.3498025516841 17.8921260147983 16.2958597786232 15.3064665712466 18.1031127306739 16.6770589214692 16.808614754917 14.3899152491406
-24.4702010098394 -33.1228559658071 -4.05405934328974 -25.5329811333673 5.83361624534671 -51.2525295955113 -9.48534527815428 -7.9158517507603 -51.3050167493971 -66.8272558176911 -12.3266909713356 -8.38235982683524 -80.7159685764375 -46.0063813322879 -35.5854535631935 0.461168737432906 -114.054671511881 -27.3667170294402 -28.8086397413568 -50.2618852492434 -5.67126135805855 -6.37429501917696 56.6547514770806 -8.75103636707047 8.68150258896718 -16.2462783510562 31.7703539297937 -9.69200134595116 -27.655934106368 0.711686991391085 -11.7065073552877 -12.0612165185469 -19.5357002142108 -3.94651257634681 -79.0338221512094 -6.70375373095552 -8.43158285404525 -3.25957912398038 -9.77931849490666 -60.2481313443546 -80.5312182785453 -16.3357219471136 -7.13286522768638 -8.59954795356901 -9.58713507002622 -21.7300673892419 -8.11268354250311 -29.7733461309798 0.387393299508059 -28.8360152189092
59.5165229872104 49.4045223611836 4.91552710947918 20.7480172778743 39.064381139529 27.5770316603306 15.9790255887875 45.6184850526183 41.299200465578 3.67313007660051 21.847751369665 24.4367595569775 -6.91995615239774 21.7109514180011 25.7233329883525 39.8624800628192 19.4048378712056 19.5500000022196 32.655650792432 33.8938406150741 20.6399885482182 23.3348617066776 73.252596456334 14.0557827567953 33.3114841006581 10.3056695627007 25.6401381770637 25.4138382908662 22.7138029774601 24.8339357930761 43.0901709734261 6.05009622350346 21.9207243242296 36.7167827083807 20.4525920658693 60.2305986887029 22.7980278747393 25.6200992878288 40.4924925066447 26.7462776308601 16.0522757693089 15.7847245592718 24.9835046156424 25.0208424372686 51.3497217990319 22.5769360533441 64.2489557128576 48.7349087480108 38.2999968218071 31.11664591805
564.090952957174 4235.05404069233 4558.41946867685 3893.46378626313 4169.03471066533 4644.04082357699 4114.12175712822 4103.24668247363 4363.47741202516 3330.54547572483 4679.36349672738 4739.59989624199 3096.65031090922 3331.5496124756 3191.28475346887 3460.52458876253 -5.22377843844114 3759.49583993304 4439.18659404082 3926.65049044861 4105.18665980254 4819.32754488113 5193.75876656174 3813.75992381657 4095.34587760167 3855.57595902133 4575.93989148128 4143.78848862603 3536.06164105296 4155.80651674239 3941.18938018956 4145.52901523766 3781.77897807326 3636.3273724126 3090.85066492963 5035.49509614527 3937.23209404911 3943.04525115042 4640.59714296133 711.183499113409 4125.35797692413 3234.05141207581 2996.48821629449 3511.21426967041 4191.07830140602 2979.90150766156 3737.02851214462 3987.94836783287 3732.52262177814 3576.20442075961
338.382776833344 1179.00008166636 601.794130235001 502.626098286495 379.545020444153 290.752135664923 454.760756645667 625.46221353358 572.863996162888 689.178888364652 636.415494295932 693.08431037215 621.485295672161 678.525013100767 295.459618860437 250.280863911151 456.875346872795 587.498603702522 441.770172393554 611.533478357374 440.70946859466 650.174439702994 536.700330047891 463.037922574041 663.559412988275 447.563969249184 630.462873542124 337.79477216862 550.980583663759 390.603441959649 480.198370677042 460.997665742896 341.040059446293 651.906494916545 533.938866596424 647.497049437042 378.322825029254 575.640035361681 788.610287186954 521.448699780051 450.318025387548 522.809355895711 666.027882660855 604.767381513714 500.186803331265 465.093268947293 631.141491625195 589.442432920319 587.420974002006 439.082461524116
-64.5689849522199 -8.22129318642003 -16.7746398281569 -56.1415481056186 -47.9334964895779 -12.7103014817627 -51.9949010069838 -48.7606880514701 -7.38262503765498 -15.7202807433984 -10.7516301649918 -33.0598155946579 -16.534204310118 -27.9845688088337 -7.81556320078971 -29.4206055116892 -6.8887779499596 -10.0606298196857 -28.9459460128859 -10.644097192025 -35.9038539108061 -45.7446815213087 -24.6075998808181 -10.4488423203472 -24.9620599992967 -11.4682665685918 -34.613536956441 -19.1051338614102 -7.75320130636031 -43.5232191802519 -19.7005327645629 -9.35862387805856 -7.56342997758791 -10.6866242212286 -9.59980632061056 -23.8075706075847 -11.7363295377658 -9.44420825071159 -10.7022785857155 -15.4851181266343 -9.46253512615507 -30.7965084899799 -12.0740059570412 -8.44594571554828 -10.5220319348411 -32.5085955623647 -14.419714072927 -23.0678876746883 -16.3647007200207 -39.5213226759481
-18.185841055078 3.29183413586969 -2.97664100106149 -15.2695488747249 -10.499437520855 -10.3402024037153 -16.0174639862456 -16.0888993642402 1.57815616847074 -3.50043626002817 -11.9382194451693 -11.6975809268778 -8.97934395262814 -15.3517446390296 -2.47800152572604 -4.32651541577236 -10.9128513620932 -8.50873094768179 -14.6507966734554 -10.7430252085535 -7.88881914657213 -6.21396748777112 -3.49673658801414 -2.1428341774381 -2.46329184567894 -4.13734065431037 -15.8745683795525 -11.9971870019107 -6.96800432390839 -10.0399546079492 -14.3163590050649 4.99799045376253 -7.26959041177721 -12.9204096393852 -3.8146942115944 -2.9688669257301 -10.803272846588 -15.5185308788526 -0.466833550314302 -9.8885767437953 -5.83599708590504 -10.7703205551403 -6.09183089232708 -2.4762139318869 -6.31261544807277 -9.35031484215732 -4.23102554064018 -8.71547078332812 -0.677715381899657 -9.02206955681395
2244.12453477316 3237.5504478524 3864.39511025876 3400.27760082761 4278.83983728849 3239.1757705219 3356.28364039159 3034.7027551421 4087.79513833954 2945.50452486863 2534.91042454052 1704.27971605784 4376.66061803361 4019.99327244402 3238.94966210748 4313.9460362406 7493.11520125936 3213.97222855547 3808.86785746582 3161.94762460529 3366.76890547826 2788.6111523631 2120.86556479108 3416.84401998764 3326.73890964553 3454.72675243735 3454.52309863171 3781.26607164402 3282.6176390911 3631.3594153774 3468.39507908964 3627.5980459145 3269.29232089575 3329.76812766068 4081.46613586456 2976.44973183747 3565.16930404629 3212.30121098653 2988.16291615072 5860.33931418815 4058.43843192994 3776.68582267207 3431.06452391442 4118.81051085562 3224.70576136355 3617.27137290235 3186.67007995188 3798.56750977042 3678.23318485504 2899.39160063373
1227.35843016739 1071.66056516465 1007.56928648275 1086.76431987775 2335.14846528032 753.381852202795 1063.93384228056 1149.95542019391 1266.18042774917 741.920525051668 1909.83629761642 2173.40809063152 1052.13411497427 1098.72982243161 1300.34891029047 1662.0173799353 2516.19703043192 825.239170617829 694.600976271091 802.28673857116 1141.70993319551 1065.78710445311 1232.00264656679 2298.59272238856 1160.98589629727 902.005500850377 1445.57024470304 1368.13406500788 1346.19311219281 862.469024748433 962.397673486866 1255.52929676905 1387.01211199233 994.313124501459 1423.38606265597 772.855942425853 1418.69898868791 1101.20469638668 1123.42566915171 1308.71176329721 1093.92343273776 1046.96033882966 855.253871636995 1652.86697515997 1335.63859582832 2288.101979172 1994.23014686376 2011.54539270699 1133.93018455391 952.657352699992
60.937309300129 93.3740300911031 151.874463198187 55.9174331889851 78.3700252460461 33.1616010431866 54.6196615040302 12.2395758899233 66.6569132181609 138.945458083186 112.792754447136 89.8282633861129 91.6511387016243 59.7035272466025 92.5025248418682 87.7585529230343 82.0525996173678 76.210410931741 43.8176566169345 36.3387515034183 70.3323190462658 43.166707087268 34.9899627039491 113.230851385099 53.9778940001268 63.2897565348182 76.1314796396097 107.119215153932 111.258945016666 57.9438281030631 25.3674276875463 146.434891887985 97.4194005784198 130.817450814523 55.5555361862912 32.9787787453875 69.2076671106145 43.0060739365038 29.8978849649046 51.5550692917158 105.201764349546 48.8743387184523 40.7944676076148 75.5944255950728 69.7876450975293 125.352657456902 47.165596977199 55.3188064879695 53.6908188817027 59.2545980644247
24.3127812005331 42.5582332866126 54.2123566627113 29.0448438430497 27.6361085596063 45.7456434356367 33.3192350095539 13.0142574789478 24.0307175917801 98.1354096527882 34.7175414084405 48.0315782462707 102.802352589212 52.7847723316543 18.4005648806053 31.0299071039493 44.9193946376225 32.0529668400826 22.589654699105 17.7381529859187 37.8946590678351 33.5279938088597 16.3965744289154 50.4695495807627 18.9769958136237 23.3862596099634 41.6983883791363 46.24762956109 42.3116591504776 47.7530424429914 14.9586141123177 31.4116843560618 44.8241641479169 24.4949160946485 51.6069557173052 21.6888579456697 21.6940587072036 26.1531105165775 20.9854158409152 27.8785466207646 25.2385419894162 40.7772116102087 37.314006205325 36.2162638931847 30.6730236857112 38.8474175562354 36.8805265089963 24.9063985823639 28.6072368403793 43.3575603323177
7.75686211888361 14.2957770258019 10.6098187065444 10.1922492546075 12.8174700882823 13.5596247634728 10.461054912353 9.59386780216895 16.517222572341 8.51444448416853 11.2786580560406 11.2914904333097 9.61687251064297 11.0452378001504 8.13417731442805 10.1293678065644 11.8033149922234 5.62104170887644 11.1696760232359 11.8112025074877 10.6808980415054 9.26231754186931 11.6306226192782 9.53858885441665 9.20340443644218 8.22017517685446 10.8758278612591 10.531846858774 8.81184639421837 10.5945105054322 11.1184042786833 11.3767260496526 10.1854571304996 10.1141270655187 10.6937434565392 8.4234435439959 9.87485698715147 9.98729867433386 8.90805262147013 18.1808843372495 11.2614051236775 11.1627891195695 9.93351621433503 8.24925489512645 13.6625699777638 11.1865766225018 9.74107772689166 9.95228531971322 7.45071135562315 16.4955469599533
22.5611506816113 119.280779571116 125.677375051046 71.3197841531464 46.8314674672598 48.1580419150469 82.4480345077793 28.0917386959322 58.162021500218 138.262145596552 90.2164119795573 97.3735280708161 143.970033349125 90.0462079903133 113.722441372762 106.165878054609 150.028971984831 55.264226902254 50.6017030993581 37.8283123032649 80.3572168929384 62.4373125557169 58.8729772177808 72.0457772364571 5.50516248927801 58.9220296071247 110.844050753892 120.430303541304 107.927170136775 116.934838068913 40.2521595650825 106.059428441089 123.803415621571 129.574225017023 93.1682626277655 32.8778929080045 73.1163000723007 25.6736806868502 11.2207839729234 172.134926194367 92.0043131397819 69.4402096925321 75.9761818896766 85.3406443242164 66.6497746532698 107.704003662861 42.6078077225671 82.3225267603472 24.2267692346469 77.3323648771465
14.9468208244631 38.6188117980317 33.5497991683804 20.7321611290204 25.4125289567771 22.2824406319398 39.9974848363322 12.3184206369385 31.1227998255666 47.2971040718537 38.7998126283271 35.0187644647053 56.0828566689445 34.0686004205961 16.1385620044257 27.9939180638113 22.2706218061836 17.3067782638667 28.5299113123505 20.7873802158386 28.8451199335097 33.1292263916882 13.0049763641735 42.2070893567056 1.60851638393362 30.6153747769254 27.8682378425008 25.5576499322456 46.1993366927646 19.774205932178 14.800574035444 32.6491075674673 27.3977550622694 19.9007353611704 41.158460114632 23.1362309831997 18.4280566148387 20.1367224213834 4.99301436419815 34.8085482242807 28.7805373499436 28.481439557794 29.3726945279969 18.6093071042732 30.6228543497407 39.1192587961688 22.696011788399 21.5888300780699 19.5217187451813 43.1947589309842
8.6292654049984 9.48773253523075 7.63763474020438 11.3812560464263 11.0101294850271 12.5993850997027 6.23334877390373 8.52197550133209 11.6905335573525 9.48797918213498 11.7658742896957 11.5712986519533 9.07592187586291 10.2035347236234 10.565512677162 9.61157634185882 12.5974975641391 8.15485678100402 13.6017367903192 11.095627773006 12.6358878589776 7.8191593743147 10.3097366976689 9.35755429096599 12.4421332169832 10.0487974873341 12.2466324932542 9.39913631776926 9.50691557449306 9.25281227555677 8.60897655930046 11.5209136208204 10.0706241008527 12.6920657391012 15.1907685842069 9.05840582869654 12.6425694128711 8.14927317612228 11.9490768094346 4.93682322180408 14.9296178232426 11.9932472552361 8.64597703227822 12.8597481120462 10.0939018002284 9.03619411559098 9.8991233220074 8.90025965705686 10.6225950884333 9.53685655044086
50.7300827513171 87.665633262261 124.622931868582 64.1917970210013 49.5750831781436 31.4915714023439 41.6827392770445 15.688658845382 38.7339801005411 95.5494341515737 85.8410778364974 114.315812865117 136.433156089087 71.7299681357413 114.129807127469 74.5170515617331 82.1736336192382 80.3289087300735 36.1242067622146 28.3668049308128 71.1302655780181 44.9090383965188 -7.65414935085676 88.8473521142632 1.77860453911549 77.7035868639715 101.499517416759 74.5227895613891 99.4902190400026 62.0441408359558 11.2293066827161 110.392066439742 70.1413558388338 95.387493328785 75.4079890517446 70.5526769568242 57.3930469319067 55.4007774201799 2.25869224091873 123.480411113676 114.18735256422 56.7601913381125 86.2860519094189 97.6085351531802 81.4462264534788 102.871141098977 1.98340002478231 88.3713745552944 60.1929290270979 77.9123024627903
18.6164279232974 38.1549319796012 32.2000459072198 22.2415670056612 22.0269925049408 58.254765840275 22.373309579129 17.963261893546 23.1039464550751 35.735590071371 49.1919103869396 30.3605882168857 58.7434725923398 33.825139610815 28.623424954905 28.5837410243592 43.5275648929632 28.0279037952656 31.1577954027734 23.8159324414038 25.968443802266 35.558964546092 16.0833014272584 43.8260030509842 12.1300145578277 27.3823925217634 32.1029101786833 21.8967287683289 29.0309730290264 32.8975554406028 9.23270670538346 33.9346953420524 26.4912651618294 38.8542607729874 57.6817754649302 21.0303458166885 13.5122990770106 27.4324588528405 16.1081622989334 31.2968317312155 48.512678143039 31.3436679975596 35.715874711302 29.2000563397716 52.8180264395444 36.0037467991614 26.5454386929552 30.296250304802 7.74118794549084 17.8236354795371
0.706120105097988 1.44292574612004 0.238538138048063 1.16352351775207 0.721746315495686 1.32778083565936 0.262085897841801 0.962750745182608 1.85200947392479 0.635632970446578 1.34278840758804 1.65347345273179 1.26536043008975 2.64096769149137 0.310234245877907 0.906460644251955 1.83085991822947 0.350099215101456 2.10841858616752 0.833968381915003 0.738488361293918 0.99814024024369 0.291194154482083 1.15570906265352 -0.0619916464005059 0.0207626459827295 1.1387641636943 0.560326842176107 1.16288061184079 0.579294967752762 0.861785638524567 0.273959477750255 0.433423720122415 0.70438071263937 0.36376444254696 0.790636592487879 0.251411319112435 1.4183072790279 1.18134075855772 1.07436495270423 1.2145231672124 0.59975498054095 0.175311763770087 1.02903192204107 1.20916306416887 1.39680056600448 0.870238361907828 0.844222086527142 1.42811233599372 1.71599268865366
67.0979430251434 124.887399357118 106.132127150271 61.1733010952615 12.0134313145864 73.7832868996267 58.9268331708835 52.3734866190778 53.4896068523937 38.5302162323532 81.6475181640064 92.8596459169374 83.283270345593 48.257763012008 110.494430810177 61.0284279667469 67.2493502028246 47.4879268485641 55.2502498623589 68.6564935973839 72.6408223522126 51.386195073757 74.1760573549043 49.5397258713691 30.0817075216533 74.231842135452 58.2526451642046 61.0393437584113 100.832927762776 43.837470440335 11.3887521205508 83.1419003275996 63.0977366138616 94.8452449354651 53.9446356124901 30.4979997905724 40.2110678449609 81.6779061046723 73.4529807996018 35.0234979660096 78.8059235032324 63.1150989319854 98.5974548293846 64.5079060842351 95.4844653349448 71.8172265252597 80.6832658990151 107.539707499651 61.0924782498065 59.0958402242326
21.3168583107736 35.0426807225223 35.8163765981813 41.0249496868403 16.8646655495828 26.7264097758978 22.2197469022869 26.4446882396907 26.3622074362346 25.9838431845114 36.5178750233047 29.4475948244648 36.8748276238963 23.5511591451674 27.5014594339769 31.3740614997633 14.5740283963573 46.0645958275657 27.3943153800168 29.0200487372542 23.8685138868759 24.9972035552481 16.5924715568913 26.2838305966292 14.7598924205421 34.5052965286944 20.9226989797437 16.630886055746 23.8101088703717 31.4818850944844 10.5950328581508 23.6563369739971 25.0774806539477 21.9641788000962 28.4056766335935 35.2623054951411 22.0318521579692 26.017045999076 18.4616595472688 21.1936558353684 33.7346958066701 36.2127810471767 28.0419878407389 28.8097085558778 27.9781344794919 22.7429855266691 19.9131101019956 38.1266199865415 22.7710441324353 19.8533278765928
6.03036789774013 6.1142136529578 5.8079258669135 5.54457344158486 5.47872146960432 7.55207110074425 2.13073105659508 6.76944100919164 9.29315894842446 5.96357186888415 5.93426628736508 5.88678756913158 4.80475288153142 6.73857453927602 3.77491734243295 5.70359024257949 5.35135445489456 5.12179136083058 7.07123428269172 5.1010154306844 6.52767065889378 5.04632101103085 7.61354944655492 6.1113211914097 5.68604790249642 5.53215649419815 5.87984816943982 2.59570911303544 5.49746627879082 5.29898295262688 6.52508758406107 5.0467099692599 4.91701816847638 6.78365485640104 6.707109412002 7.02546482722546 5.68175910303934 6.52090566121559 5.59061588525699 6.70990630721067 7.85924249968205 8.42148999157688 6.32931507806598 4.47503688180455 6.84990221265113 5.74861492371823 7.13757117813914 8.39817116303338 5.188681205437 5.88348678760766
599.253689175635 376.898156739701 284.689196364617 329.594851866281 365.013970119122 338.335611284958 321.168073989516 285.822408514472 432.021546958646 270.237602623475 234.846053540979 253.552600946492 331.46972948106 328.965320569064 278.68137876692 328.267855614277 409.48632568549 340.566683487539 394.252453069919 360.345333070899 302.164424630324 308.584292008947 290.002126332409 267.391297270395 277.89608536106 280.278409247689 202.889941322693 281.999026675576 281.487598766988 198.269990772241 368.895453567489 192.349225566679 281.459868928643 172.089979382517 378.196902741314 315.007054210174 309.562436273351 272.270582996034 298.018191947473 357.679617506113 329.254355200378 305.646189723235 265.230658629553 329.768750379261 321.439777091729 210.330232200368 276.914372272287 349.849452288847 267.863413476702 313.764289725943
40.6459033567266 45.9648122136439 61.1448302713092 39.9603148078336 17.3509333138294 32.9841114457081 38.7876368174509 35.9576302154882 48.1093346086233 33.3196066896179 36.0332678921142 60.4947879057969 54.624641414272 37.7192480958924 47.4875464035608 19.7626853208529 97.4762559593027 62.6887781930896 44.6288516754125 24.1047722844958 36.8617681602419 33.4330179498894 28.4215653561922 62.8327576249973 59.6698099673799 49.9626409650116 38.5689279803486 41.4956716820428 29.6630032874206 33.2731539860495 35.5037502096788 34.9797933584578 42.6323458205246 48.7677399785707 47.4821531576242 19.6711378724381 44.4690093751951 67.6883538765841 50.8084209786401 27.026084399277 47.6056100593258 49.4593360254006 43.7085028496767 43.5794935909737 38.6846737799224 43.7736184848286 33.7054241068558 27.3674742521287 37.5860517818016 45.3636126000324
