3.25522730760032 3.00031649628584 3.23545093244144 3.3707579367836 3.12208894252916 3.38186483656828 3.23381747483683 3.31239910894104 3.19338900033548 3.1178987474737 3.36503492372109 3.17700340973489 3.22113611357263 3.29953872871933 3.46896623884107 3.37880290107397 3.20197886136886 3.2643198973597 3.36572294865089 3.28654080857726 3.15331168643817 3.33673553129431 3.09531867858362 3.51184808816521 3.05239085669478 3.05647526747941 3.37541609302719 3.2810622977127 3.16833775747342 3.39611941835074 3.27819737613473 3.29961323664052 3.58336315788698 3.49566791409822 3.35188143000756 3.22403474415529 3.21323881355564 3.39027465559115 3.21520607260849 3.07072853113905 3.37344641534683 3.25937634299017 3.36029210994404 3.30421042947147 3.81557546311338 3.07100651005821 3.2099547292957 3.14374717050526 2.94705622739876 3.15496514465514
-1.50662336777029 -2.07960965177275 -2.13255712393095 -2.21619228805837 -1.5910964144221 -1.87069321563711 -1.93280017260164 -2.19597583676381 -1.98066257220534 -1.6628490993716 -1.85921480159902 -1.94045430119464 -1.86754162128738 -1.83721780138599 -2.12897294498057 -1.73944169288929 -2.51487502046956 -1.12719197665912 -1.74335829940522 -1.84801000912774 -2.10122183983363 -1.94345846257718 -1.80823247511947 -2.05822552761045 -1.42119765474505 -1.98795620447115 -2.23426235171269 -2.83819709368952 -2.02924048677459 -1.91306616842555 -2.08322518281557 -2.01443939353879 -2.07361311041595 -1.99227921553089 -1.1857369540903 -2.00416971200885 -1.84692054655855 -1.83487601655361 -1.94847154094847 -2.1106174294659 -1.77579895158723 -1.83187361791161 -2.03638422670524 -2.10953315365729 -0.885539088718046 -1.75083419603745 -2.05315838655301 -2.05646311606511 -1.87100809031225 -1.99745766113659
-0.243457123789983 -0.133880107841455 -0.195505558569699 -0.199544325889053 -0.168092826871886 -0.23147865572324 -0.174237262493859 -0.225389063576463 -0.267321667354105 -0.277057356150923 -0.178725772581032 -0.224323484017663 -0.231868264439082 -0.217854844877358 -0.209219082540267 -0.22637554222865 -0.132833734846843 -0.213169101670946 -0.17277197511648 -0.126665218326537 -0.228670597607247 -0.153205374765872 -0.280242899803636 -0.265162927497114 -0.250507627637699 -0.134781362325576 -0.215815671892202 -0.281429714167347 -0.167661597779401 -0.277046699000566 -0.250359766597363 -0.219638967068812 -0.162372121400441 -0.265690768624654 -0.193614664640232 -0.174600472361746 -0.0951889665832769 -0.193341932708743 -0.210975038958205 -0.19448120800787 -0.209689484213593 -0.195756229341764 -0.259614753859368 -0.219679634836881 -0.369925524544323 -0.193885705892472 -0.267837785474606 -0.197649909848422 -0.233130101169914 -0.205924321788195
0.591007013880114 0.379317905697039 0.596791006878895 0.634196271403699 0.825065028273746 0.620505757613979 0.620779675005126 0.569000240256383 0.625329652232884 0.582384209653535 0.572574032078676 0.606702344659972 0.395964108667594 0.750901545701158 0.624003448858895 0.658288140144526 0.665213611343622 0.647229213479832 0.657770066742996 0.660840611009071 0.852779598198727 0.626758451447102 0.438513359043904 1.0024294433497 0.642106799655858 0.620869909687093 0.609811497930284 2.74531568386982 0.601427047289922 0.626352017221425 0.606795023692241 0.370549385549096 1.15650312965011 0.612857307865238 0.602907531694745 0.759159740236627 0.682069133153913 0.912922429480873 0.602031963514303 0.417641091132121 0.59915554797992 0.822743771640195 0.422395249412771 0.941742255975777 0.672692855784408 0.862669012005338 0.886477719287587 0.370589333054949 0.40120662768031 0.741756952216405
-0.0637701283317602 -0.0620870823299256 -0.0725836812406345 -0.0665787359141412 -0.0705461434746388 -0.0653894551658359 -0.064678539269482 -0.0682304428477728 -0.0694958138182602 -0.0708260146940085 -0.0587955237035598 -0.0722358363743119 -0.0643134538103794 -0.0464757548273954 -0.0672996145952801 -0.059853963856248 -0.0509071974065715 -0.0654006004662346 -0.0362888438261938 -0.046709108091633 -0.0603834065275194 -0.064719134190612 -0.0446140952586949 -0.0568235558471291 -0.0598161196457546 -0.0621114451565636 -0.0699519083444083 -0.0874853129343271 -0.0651107177066085 -0.0486772980473302 -0.0656336202742083 -0.0668879469777876 -0.0713091778374596 -0.0525521607760827 -0.0579037721594023 -0.0616666125862786 -0.0503540390599432 -0.0642235592018639 -0.0650057723178064 -0.0629758056964623 -0.0662234220800319 -0.0598062962837025 -0.0557851081673967 -0.0638089192559882 -0.0459369296656489 -0.0533883493368136 -0.0653666425782489 -0.0670439010341068 -0.0643989021181963 -0.0654257909840004
-0.214969439699956 -0.146881819771031 -0.231430972106538 -0.333577624534143 -0.354465190347265 -0.278654929474862 -0.302594428887051 -0.129344043805726 -0.204877234002694 -0.397489234053174 -0.257725281793348 -0.227444857595257 -0.142910127992113 -0.246186359558521 -0.266108380110421 -0.353252162587048 -0.199359756537799 -0.128522081186365 -0.240155837956709 -0.113722167959838 -0.216254853262015 -0.301848486280018 -0.316177269619991 -0.121895503523568 -0.211177488073442 -0.349008975216459 -0.190097954772063 -0.0610435781467879 -0.329623528017505 -0.280204117982508 -0.111519908669818 -0.33147079207948 -0.288711813185766 -0.259801012826015 -0.376427637482622 -0.154213793151188 -0.265687755644754 -0.189695208445753 -0.0540749331592279 -0.0864617743251191 -0.274241893216186 -0.128622186737703 -0.294701195914678 -0.165954843646315 -0.0541724570466346 -0.236077941120705 -0.209464352140412 -0.379888367556165 -0.13534247136113 -0.31817951315659
0.541781725164734 0.485024374549334 0.460666068598487 0.498939684733527 0.567226982780423 0.481412149923858 0.522184101880129 0.553970538127265 0.55895697289463 0.603183614698649 0.483422379472355 0.534640776934424 0.520973167106694 0.589010500267182 0.483461398716385 0.548050922696941 0.521361729098883 0.528517686280615 0.489066067794888 0.518434888674183 0.521597769197559 0.444832279721924 0.69603123945488 0.513379466556998 0.537251787463097 0.573631344256121 0.547600731252352 0.73183903925528 0.537305909401404 0.475769435516774 0.51618440000885 0.515912434234989 0.570871565797388 0.51908468417019 0.485429044656818 0.614579841247496 0.554603916618364 0.589338813158832 0.576810110709157 0.546042234764011 0.480104183924366 0.43629418285105 0.466105430925738 0.501861239339566 0.531266259000229 0.51827127685861 0.543903915516576 0.522100732699079 0.529596371574712 0.519042678114193
-0.0737204517019935 -0.0804540594190335 -0.0572372692482302 -0.0647621736844922 -0.0783323222556959 -0.0427874709331184 -0.155124572169844 -0.0596820882154225 -0.137840880909935 -0.10561461855456 -0.0357145869149111 -0.112186791289145 -0.0911405252700647 -0.0823414986628316 -0.0547907339167712 -0.0702374099923703 -0.0336542745387432 -0.0565956419353014 -0.0707998639270869 -0.0802589626486052 -0.0536676575067494 -0.0489844049626114 -0.0516635555285026 -0.0572428351951915 -0.0843631385178783 -0.0870231689150734 -0.0824679126130615 -0.0746706595058401 -0.0673218724886794 -0.0582569624745378 -0.041694807619932 -0.0635679431023709 -0.0650289951342719 -0.0979961406685687 -0.101384925391641 -0.0568655776775212 -0.0420726177288371 -0.0510499673011087 -0.108725199088896 -0.0951726543118844 -0.0582631757377629 -0.0494813410952806 -0.0469824267947469 -0.0942991658945042 -0.0414293946677497 -0.0576936178092104 -0.092165088251 -0.101702658656804 -0.0692486653165137 -0.0523030903624666
2.79989328501737 2.28511635928036 2.23086305238079 2.36655426587167 3.00962942872416 2.84423569377973 2.80347350508513 2.08962660700789 2.26965871622493 2.16746399492519 2.54694858194524 2.25211434085935 2.46679408011935 2.31440886419734 2.09702567557624 2.45187653244328 2.58815736616292 2.3227952295576 2.6955473802062 2.56382547452084 2.66335546838823 2.5655948786474 2.03986585669493 2.96863228335308 2.98875395410015 2.28244470600471 2.78440086101365 2.71001232242737 1.90587388273193 2.28826573124526 2.35889534263662 2.04167759212163 2.64745512494958 2.20330883813758 2.26934346424531 3.12649144120079 2.51013100900444 2.46814060939993 2.27471981876 2.50849973728801 2.82580472720407 2.49683173814565 2.37369599714005 2.94452902186743 2.37175812471744 2.66440952665175 2.28394871523959 2.25322971193851 2.20475996423653 2.32921175379766
6.16462621222058 9.53406276856255 9.73538272269722 8.27141671062551 12.2787671329122 10.0568568707442 10.0225473900505 9.69643668363388 6.7604926576506 10.1667476957343 6.87328602434426 6.9848920571135 9.80345573067215 6.34004414832506 6.34227713541798 10.4799971783585 5.92877109031338 5.41703641055802 9.02602679437813 10.8366360578863 6.3474281589831 10.3149023835189 8.41797621792516 13.1613772261412 6.36873737160806 11.8636420917685 8.59880415016842 12.2604890740062 8.68943395247777 6.20823880120075 11.7637653787319 9.60316353643801 7.23829043011921 9.87829661675251 5.66598415449419 10.8026911237348 10.2637261657553 10.2296673868399 7.15876553723706 9.92661900515925 12.0409383113458 5.28302695284622 10.8648846157561 9.29272683885427 3.32596334785433 6.50564278077064 8.92130388042596 9.284344000263 14.4283322619943 5.77625891438831
0.943404229243733 0.886552132193509 0.635671576702871 1.04708514340351 0.598838478659275 1.06231560439073 0.930492248111515 1.05647278751939 1.48325202166502 0.568175433603066 1.07735835457509 0.93987451844107 0.912420598457183 1.00940808100539 0.962464165936185 0.966866759892284 1.1149365882072 0.854668591421384 0.939385954923603 1.03747870899472 1.01880524696916 0.930006786209784 0.884310710820049 0.924145492328352 0.953285717188619 0.929683287494977 0.746909805616101 0.650401762309921 0.690041340066754 0.87812631298507 0.554286771798442 1.24925095409234 1.44936473536945 0.917921239673663 1.17192843675619 1.01104204669326 1.15286418954743 1.01262470029343 0.941427311610404 1.1454465091554 0.508024782535931 1.26313191618327 1.01143222565587 0.894294740795182 0.836853127140609 1.26898282559985 0.987949832015358 0.864044655515343 0.932843747392465 1.07995499474166
8.24460487666134 8.01581050191583 5.18621418909479 8.49955077811259 8.31284221682061 5.07077988955571 8.22734469489252 7.75394216368532 8.58644201986204 7.88572264590724 8.0953297016292 7.47312271151987 8.09127050044461 8.6461824664439 8.2175563897492 5.19859745954719 8.9775963025431 8.82873871875743 7.29295173431394 8.88228145902317 8.70335124446521 8.59930640703346 8.89877187436027 8.12748040553006 8.49746907893419 5.08533592438439 8.55104086005741 9.81886002947544 7.86640193046754 7.22491464456974 8.68630225061426 8.12534924786775 5.40361986612959 8.12276934734606 7.89864110957497 9.21396487745925 5.17341897573971 6.41763689378355 7.90575747407016 9.03696692787897 6.8914954757034 9.6759086530883 9.07264670532488 5.08989938315608 11.0240058467441 8.19964563395698 8.60321775224559 7.65653438524166 7.91310026239043 8.22661119232851
-0.629296642790296 -0.681673610230754 -0.641440670153416 -0.687171990939277 -0.6922290996168 -0.626687102908287 -0.642115968490403 -0.703067727438281 -0.645582915726087 -0.706124734464298 -0.650559933047684 -0.665385036728392 -0.617808275621975 -0.5859165091581 -0.667684386949607 -0.574702111645067 -0.62229527608847 -0.626752230972627 -0.604280266071079 -0.577448856439809 -0.676202767566126 -0.607543078650946 -0.792966875709 -0.623349946605025 -0.592967477947108 -0.698259274286789 -0.689036941107717 -0.68170179256418 -0.670545946058498 -0.562016349064296 -0.631460194773359 -0.639322614965428 -0.510958739356811 -0.64285396815429 -0.666577952142436 -0.612465920643676 -0.608941951286617 -0.60850565420092 -0.625507743356323 -0.718325743461579 -0.656857825136501 -0.568430456490643 -0.596645970662812 -0.673581829130521 -0.680087982588106 -0.83518661879123 -0.681895543356207 -0.69864964192123 -0.617170890169089 -0.624041838796418
-4.11652095690035 -4.62073207423663 -5.00152122698454 -4.05491558772777 -5.39916177762828 -5.4766870885642 -4.60669352094981 -5.31166455369206 -5.34768240008752 -2.91921805666056 -4.91267717859265 -5.31934337650341 -4.62389438183896 -5.49202439594602 -5.09405404541316 -5.66008724065889 -5.28983853578404 -5.01492998057205 -4.88838929294932 -4.44217721630978 -5.810558564455 -5.37919695651222 -5.54339466348361 -5.42797846824089 -4.5671755942175 -4.92299389490548 -5.64934286656206 -6.65228808633656 -5.29443384673067 -5.31551087681603 -5.21731147207502 -4.85704984969051 -5.99444267209717 -4.37793178680803 -4.83952566266467 -5.71808412052113 -5.7628981425097 -5.46978689565227 -5.13218299998412 -5.09357850817047 -5.03282400706009 -4.97403909272557 -5.03781749522484 -4.86235556473145 -5.90335818582685 -5.50534010871515 -5.34367785021407 -2.67985649653754 -5.15724617169555 -4.74513318320582
-6.95418769960023 -5.75595689651497 -6.09779985207788 -6.63949529892431 -5.68880019289725 -5.59667252275791 -5.64578004019314 -6.25713487751976 -5.68063081831688 -6.34539687676004 -5.92297911488533 -5.87326501768128 -6.03816725903872 -6.02403978194421 -6.16269639812964 -6.39949917649256 -5.65832871886059 -6.05927627605568 -6.03090966273898 -6.29632535190691 -5.96553077688626 -6.22354570967825 -6.01552187585599 -5.98617640546162 -5.48189575906498 -5.62736881978413 -5.93376617004053 -7.06206991669314 -5.6254262663202 -6.26894875951548 -5.34195529819494 -5.9292396781933 -6.61559785875783 -5.82533526626726 -5.5242072413891 -6.58481622562377 -6.36862413046309 -6.22537166621519 -5.96530852392195 -5.75385247364971 -5.47824562137487 -6.26263965037771 -6.48086161249371 -5.70525946659714 -6.85077337934787 -5.38521872810358 -5.69517604644887 -5.65239221028049 -5.37239863394336 -5.66521870548148
-6.27814891779561 -6.14439153470931 -6.66450778076496 -6.7150613737926 -6.09721637607837 -5.96772373053809 -6.25961415483557 -5.97929222241354 -6.00037778325632 -6.00462342110175 -7.52617377808769 -6.50627805250847 -6.43130515606887 -7.27480411402928 -6.4807302039872 -6.6069488811621 -7.01458673472903 -6.87594851440084 -6.64539771804444 -7.39479634683216 -6.93809233833288 -6.25098681781837 -6.48515559830882 -6.21300452988371 -6.42029435910779 -5.46166764779498 -6.5778933912697 -9.17458992016778 -5.98558866744956 -7.25626798873785 -6.03238932151861 -6.20064326170782 -7.93020975531219 -6.05926743813855 -5.80732231635465 -8.06886161871783 -6.56369926673688 -6.32197017380173 -6.18242986504254 -6.0772836774071 -6.89428061811677 -6.35073681358143 -6.55115486687058 -6.25608503568409 -7.57828038754929 -7.77933240157329 -7.02723629709597 -5.9583238434491 -5.8703861075351 -6.01565799345709
-7.24750034750593 -6.83261043443053 -7.79033471460499 -8.82051363793278 -6.64162335669974 -6.98575681293231 -7.29766256517656 -6.51328229792332 -7.3637348362049 -7.49271555818748 -7.47226243502116 -7.57356630578834 -7.01216381804181 -7.84880761019564 -7.13942060717805 -7.09592570645014 -7.78248257529115 -7.35643448894239 -7.11833339689659 -7.75359892655885 -6.91602508879995 -6.51342024841461 -7.42364656043225 -7.10876728758381 -7.06376098219748 -7.17065588856355 -7.19817246860429 -8.69539283253002 -6.8303451095645 -7.23654905069245 -6.93183131914409 -6.95021022018612 -9.02145722734598 -7.11612896217503 -6.46571645833004 -7.78090869268609 -6.84409471788487 -8.18664625392611 -7.23285073167174 -7.82434347216774 -7.45452237696563 -8.17731738264498 -7.5382176707088 -7.00226134583734 -8.37978896658758 -8.29907597923986 -7.12900157888301 -6.55135309421466 -6.47331137824403 -6.65608602055404
1.2317755992963 1.18273846930997 1.15982028021813 1.08305369229089 1.0037233512738 0.997719625407065 0.527797694049531 1.07141058589939 0.933392872263 0.931799235574242 1.06560023061611 1.30474548611523 1.39809301493773 1.42019644973404 1.23733083695439 1.39916719650091 1.2438695378518 0.903344386632863 0.851449550143711 1.06074917850039 1.53844199255393 1.33403888556701 1.73576125211028 1.0092765733646 0.945305523953233 1.66913800333052 1.08664197557265 2.39470633650562 1.54285187721241 1.28034310364196 0.891773780689857 1.03363067279289 1.14592134021686 0.699413253295267 0.972021901179529 0.970580866770517 0.993461528132371 1.19773689639248 1.95772041402081 1.128632640504 1.05649135611782 1.2610659808535 1.08296500636851 0.953731837081023 0.99968389585624 1.81611117174926 1.14735933660568 1.19960362203727 1.35584966183287 1.15777042712609
34.3305696469631 32.7719182964465 36.0953447183187 33.8805487466302 36.2625061228035 33.5766814432663 34.3059999805779 27.9454529566481 36.1032015909341 33.1341090123242 34.4593422736067 27.7261622114466 33.8493419210601 33.920570707826 35.0892600713033 35.2590080116096 34.7409511032648 37.5898658756848 30.9789902831721 47.9144461295074 33.9081627546255 35.09511395057 35.9460944432351 30.5714832063034 31.8092683884677 35.0296336735834 31.831187820048 44.8438817140067 36.5222479534704 38.1606906333878 34.4529565702442 32.4158956185409 39.1678420949294 33.8948104348674 36.1032123019398 41.3307862071738 35.1317428141877 35.2799815301851 33.17303979428 35.8567406524237 32.1625431486608 34.9893093740203 31.1022208806227 33.4480895884894 44.0545259070735 40.1234046828392 36.201911908641 31.9890534087707 32.9744392315612 34.2836531136047
13.5526491076364 13.4828133037477 17.361443843052 14.4180324941319 11.3254818422887 15.808888660628 13.4016358812519 16.5284652992757 12.5389270432903 14.5792106058157 11.1160694030035 13.3535003794958 12.7209217657397 16.7853973521809 10.9413278422322 13.2837289206907 12.4892429895781 14.7738939597555 9.97942898664739 13.6512392564044 11.3574782202439 16.6530200460268 13.2149581485577 18.0160992618863 11.7864730680585 17.6655485148431 13.1753826723048 13.5542672021318 14.2330416016311 14.2136460412484 11.771775731077 12.4017748962098 17.5197466325392 14.6874906649227 19.6812131662911 15.0045341193946 15.2841441060611 15.8995857823822 15.0323274338942 13.5315769769962 12.4832120510029 19.2976783160978 11.5444241009393 12.1559943049439 9.06318501853373 16.7252991333507 14.7568458590301 11.5767421556332 12.800329689559 13.9185070984696
0.257438016639761 0.25 0.25 0.25495867775984 0.25 0.300000000745058 0.265021373775591 0.25590123634229 0.25 0.25495867775984 0.25 0.25 0.25 0.25 0.25 0.278182846394815 0.256818181919781 0.25 0.300000000745058 0.262375179477635 0.25 0.256818181919781 0.25 0.25 0.259173553856937 0.25 0.25 0.274654578229717 0.25 0.25 0.25 0.25 0.25 0.25 0.237361875356372 0.254545454613187 0.260745888957047 0.25 0.25 0.25 0.300000000745058 0.260015709460185 0.257315582242508 0.300000000745058 0.25 0.260856033518901 0.25 0.305454546294429 0.256818181919781 0.25
-0.0776198343861201 -0.1 -0.1 -0.0627305780261016 -0.1 -0.1 -0.0941510631956148 -0.0976395054630843 -0.1 -0.0980165288960639 -0.1 -0.1 -0.1 -0.1 -0.0799999997019768 -0.071711281342621 -0.0972727272320878 -0.0639999995231628 -0.1 -0.0951679529375506 -0.0799999997019768 -0.077818181495775 -0.0639999995231628 -0.1 -0.0771173550420556 -0.1 -0.1 -0.0524621077793476 -0.1 -0.1 -0.1 -0.0799999997019768 -0.0799999997019768 -0.1 -0.0929569117910312 -0.0981818181547252 -0.0957914228694839 -0.1 -0.0799999997019768 -0.1 -0.1 -0.0614863351376217 -0.097073767102997 -0.1 -0.0799999997019768 -0.0956324897834767 -0.1 -0.0981818181547252 -0.0972727272320878 -0.0639999995231628
