34.0088664594966 33.892489099319 33.9451791501701 34.0980127206772 34.0206326837542 34.0598965586941 34.0355237392524 34.1452953342116 34.0646904562308 33.9414499723371 34.101271823414 34.1469886570242 34.0296722220614 34.1028304888037 34.0105236188423 34.092423720466 34.038945645892 33.9701854434226 34.1364579855751 34.0035573553756 34.0052431061467 34.1405125523455 34.157001335638 34.0550104697497 33.9298048982524 34.0603971558776 34.0369829653509 34.1692097151554 34.1282813506814 34.058175892826 33.9761802906265 34.14692987547 34.17872258094 34.0061233061451 34.1249068675613 34.0256155082021 34.0751160134885 34.1805056962009 34.0987721422421 34.0023286495451 33.9963131033499 34.096902912206 34.0907974504605 34.2747057529939 34.2811186871758 34.0535862847819 33.9381533258414 33.9345191626188 33.9627332775453 33.9359800072601
37.208075101288 37.249130343709 37.2282535376399 37.3704541957028 37.3251507400641 37.1859608622698 37.159436416722 37.4005325130356 37.2906597384235 37.2132103804017 37.3124937213608 37.5125457528472 37.3670929733256 37.2609397300627 37.1689962503484 37.2957559759615 37.1095756435935 37.2650745575213 37.5851427519329 37.2222575480264 37.3200909631415 37.3039010320432 37.4479266692061 37.2721459113256 37.2180873214538 37.2471465776991 37.3779512850224 37.3988914007336 37.3755465705695 37.4453107467681 37.2639743349069 37.3835347948849 37.3169558729527 37.3340733224838 37.487292780826 37.2045935759244 37.3701557771359 37.3646838788976 37.4606606910267 37.2190092109164 37.2317053774921 37.4686599100652 37.4803623508596 37.6945994668218 37.4876085942655 37.4821032577954 36.9886440959817 37.2095999392957 37.0486392682795 37.2185362165708
39.6016675586627 39.6937135517422 39.6374142013942 39.8077830415165 39.7413933280329 39.5999313610413 39.5875179165631 39.8424577284032 39.7150084857096 39.595025754141 39.7740380347854 39.9322124320408 39.7475943066352 39.6883843677588 39.6094840440321 39.7848016234988 39.5495856535212 39.6945139518046 40.0234021329503 39.654265680026 39.7444480622985 39.7267402298418 39.8501329843579 39.6946138082602 39.6401737010256 39.6799863100348 39.8083739256693 39.8634348905316 39.8408177021483 39.8304403624087 39.6939296574392 39.8164552630452 39.7510664119548 39.7600480317176 39.923559543935 39.6801699212289 39.8005847392053 39.7844158471425 39.8749529757032 39.6499124989099 39.6152038308037 39.9166234723251 39.9265123372767 40.1347864589171 39.9877361768041 39.8629783265554 39.4680353201881 39.621263923096 39.4880010436268 39.6768426096196
43.59403096988 43.6554719851593 43.6117274479407 43.8131343840415 43.736939570478 43.5956371035337 43.572405482224 43.8430007202182 43.7144056135177 43.5858780623033 43.7514882829419 43.9289539655274 43.7230223569631 43.6793216910843 43.5738310455211 43.7737765012897 43.5290259277524 43.6572923561582 44.0429442576128 43.6250769503046 43.7456063411258 43.7497745714947 43.862448909884 43.6536543785891 43.6290454375134 43.6875101769036 43.7975173228939 43.8715130078406 43.8571050407021 43.8167480351377 43.6976146663297 43.8013696517514 43.7709890386872 43.7550559152726 43.9571483227852 43.6376230672459 43.7983054229993 43.7694471879171 43.8371906901006 43.6499504798393 43.603153250521 43.894274771031 43.9041350106347 44.1659061136716 43.9893008196231 43.8869142532129 43.4453137772127 43.6067613535801 43.4287363111637 43.6872819366086
49.338024836162 49.3904081303488 49.3475694652749 49.5266521801125 49.4915245019824 49.321176487067 49.2941420851098 49.5702098832658 49.454857038529 49.3177844124776 49.4928426168376 49.6690139404098 49.4327181780715 49.4339276435659 49.3124586203781 49.5240155988098 49.2560504018228 49.4186587477038 49.7810161485363 49.3534408986938 49.4734417249472 49.5083213709201 49.6152134437076 49.3834753308277 49.3540132001988 49.4327710656117 49.5220978787944 49.6269108927846 49.5912168469871 49.5665157840869 49.4000540168316 49.5710653833915 49.5255127094493 49.4841303573061 49.7048429855843 49.3776202687426 49.5527451699939 49.5288686315312 49.5729923377886 49.3883562450511 49.3235389626294 49.6157733400218 49.6587196284758 49.9409870117038 49.7599149980134 49.621759184685 49.183654161026 49.3109646171222 49.1684958137694 49.3824853845558
54.9941755627874 55.0407973444966 55.0178973629516 55.2495548543089 55.1824777074057 55.0105240977123 55.010199136458 55.2619833412838 55.1285728985713 54.9637360214045 55.1823641469131 55.368404054769 55.1323485335805 55.1357803087326 54.9783462677506 55.2167331112073 54.9206103837003 55.0893874160037 55.4628812458047 55.0034173036285 55.1589261140495 55.2184054360382 55.3037174227982 55.066790419899 55.0276651114886 55.1014218958474 55.1949583871786 55.320238519557 55.2671386063906 55.2469338336622 55.0865005021538 55.2588090499433 55.2453351512525 55.1731909831933 55.373479511805 55.0453227855419 55.2148041296911 55.2318114828475 55.27876344237 55.0583859661903 54.9851802720861 55.3224360688043 55.3161870552476 55.6298363497251 55.4827317717932 55.2877587386895 54.8156609389723 54.9983117400939 54.8515349337 55.0385953646584
5.80956744006014 5.81600668092335 5.81163290194829 5.81855453401722 5.8213445090278 5.81346198013237 5.82802904644146 5.85562191064513 5.81673037332207 5.81643877538813 5.82957430577194 5.82753824798824 5.79867724935909 5.82939499771625 5.82120773063418 5.8263306537876 5.82394631513178 5.81118279511758 5.84567190576215 5.82781911747085 5.83506707347586 5.81508397323171 5.84620363878346 5.81541387879423 5.80117096334518 5.82997387200491 5.83316412313211 5.8409954381212 5.83295365138493 5.81646186171686 5.82930440126388 5.86468966964624 5.83551637373044 5.82209421928462 5.83014143632212 5.83728662545531 5.85258399137271 5.8312637481595 5.84755416018468 5.8155505979191 5.81261458678582 5.83959376677394 5.86079198605289 5.87903700885415 5.84631615574026 5.81389108157715 5.82482135695655 5.79669065139529 5.8242150949744 5.80834183492618
42.4710001628255 48.3626117053532 47.9580708713486 47.196698823132 48.1237323627065 41.8287360941278 45.3432804221546 45.6001500494325 44.9586148806521 47.7035372543965 44.6277503700318 48.7398915475016 47.3137231255497 43.1984693568931 42.9315955026787 44.5752938607179 41.4395479054783 46.054010163569 53.5735003128451 42.6562182952207 46.1543269595577 42.3710434100097 44.8480491724667 44.9022432823168 47.720744976357 44.9612946230088 48.3005507457794 45.2840871260881 46.296856021059 47.421913779515 48.563719275165 43.9276421479142 41.8225067519429 46.5443908909775 49.7040149138368 44.2156472730886 46.5996915786717 42.2990246950051 48.9306137041116 45.4579955551073 43.2276646055553 53.9255934825033 48.5123843516421 53.9758384482868 42.8031930399663 51.5263214968376 40.6271805256396 45.4217212398272 39.2084528000858 48.4721531590833
29.692043132286 32.3954166967472 30.4237996268884 30.1960638025102 30.9771247371672 27.0525017908038 26.0472443884978 30.0563223573402 30.139849926063 29.2190897017861 29.1484591547811 33.6339071359813 31.2179665158111 28.3743183010451 26.7367118185575 29.7399286394953 27.0681780121442 30.2480385487879 32.3782258138432 29.9045040841664 32.059368919058 28.3156717559626 29.5085276335661 29.5617549273469 29.9025876261229 28.7457209485231 30.9029640383599 29.5704173034309 30.669200189501 30.9584828435405 29.9060480763032 30.6092469913532 27.1730090945377 31.1379650677098 32.2444646385782 28.4329434879285 29.5257795789042 29.984888666916 31.934884617942 29.5418219050137 29.0686923169167 29.9686810590077 32.7541213909767 31.0068924479581 30.2688841872001 33.4579855489792 27.9507726978703 32.2999430156867 27.8743997963293 31.0043277678562
40.3565874420561 38.4777504353695 39.507975998447 38.3861981684158 36.6814057044646 40.3494263668421 38.6907177427836 43.1949734439102 36.9429148502275 38.5038369313268 38.7752271360411 41.1097915366399 35.5756870655524 37.0705664461409 39.7487111259889 39.2948099777859 37.9346235059332 35.6524011862249 40.1285430735385 38.8601642788 41.5593802362075 37.3550290052814 41.9025494605026 39.4021622132767 37.9787888363633 36.6258454078525 36.3389039125932 39.144919325301 41.8824342571031 37.5336099268322 39.6006305072133 38.2907431222711 38.1731357509093 39.3580274550028 34.5435003274663 40.8369805788776 37.7012556776338 39.2279993392972 40.3352930939461 37.8633052175386 38.3263988824246 38.9927259672386 39.9526743351669 36.8428329411764 38.6422241913233 41.9828435301468 42.3505295113257 40.0540897271785 39.5532964462126 40.1193936026944
13.9094989716364 14.6549751482001 14.5103995858712 14.5859529716641 13.0101202252331 15.4027378590165 16.7354969151464 15.8414353377601 13.7009859329574 15.6032570860876 14.2697861205718 12.5205155663449 13.5187771471983 13.5522172800576 14.2220497767276 13.8871902961166 13.2289996076235 13.8820611174186 15.0147124382163 12.944940835766 13.4322897551132 13.4167582113309 15.6149330184338 14.9558000021697 15.5055483590394 13.1432635224191 15.1142414963767 15.0255187217338 15.5308248437241 13.8039504779766 15.3250125470379 12.4478689312729 14.2322417216678 14.8438473295242 12.1296670034855 15.5996503478238 13.5721519673091 13.7708081188309 15.5997222482864 14.3466561885956 15.6549684440192 19.6795488359181 15.5909990620871 15.1440474615005 12.5571829077843 16.3289097177379 14.0333751354657 13.3238084067373 14.7583440915702 14.957550974525
12.1659386984098 12.4850196946015 12.8852931662363 12.1865032354038 12.4460222737227 12.2888998501699 11.1012086020641 11.7935844041864 12.0030310406788 12.1028712158249 12.2533686199971 13.5930946186989 12.8093026788079 12.2780760976887 12.9413485993173 12.5332713739038 12.5780366107292 12.1589349852249 12.3690807547758 12.0851063180802 11.7049114351372 12.2902259755892 12.4924012119501 12.7900282723018 12.0521651150417 11.5968975991931 12.7924008144156 12.0832633121659 12.5253309820031 12.2318934438292 11.8679409033619 11.8390748920218 12.3034919443235 12.2214710680681 13.0470645316686 12.8438539600855 13.2243095846661 12.6911119500165 12.3899217713965 12.2607513175587 11.9607520893499 12.3363718564026 12.8008295567108 13.4399307830615 12.5788273822569 13.8692660481929 11.3812801047411 12.4417501646473 12.0255616992829 12.7980439780083
17.7320730828044 19.2409598015417 18.7120186531655 17.630821707915 18.5010535813507 17.3573362921134 15.6673864021408 16.4341186844207 17.2735306864747 18.3955334531198 18.7939798989646 19.9161009205438 18.2713488273904 16.9313128705998 17.6324890273579 20.017594304948 18.0161505373274 17.5095669823145 17.7736578282499 17.6507385607996 17.586207577184 18.1461782493345 19.3780377071179 18.483486603292 17.4529248501141 17.2642744570353 19.1977645369334 17.2433895680062 17.8078794179073 18.4963190383703 17.5417279822072 18.3368938996637 19.3881171022293 18.4316405322912 20.8092578347249 18.0990223764395 18.5973387915918 18.2846159985208 17.597719323623 18.1988252796558 18.7627308920468 17.5119244690873 18.7891118438258 20.0384581152425 17.9923629483028 21.450914602494 16.8091519731939 17.7310036458574 17.5646120790374 18.97641788775
21.0266987092732 22.1098557423799 21.4009292689886 20.8772145832247 20.6716459510215 20.1946751821014 18.1356146894358 20.2734834914345 20.4637787371014 20.0518774529819 21.1849158873123 21.5094235349153 21.7257591134923 19.4721074162567 21.3266619616538 23.7726248307301 21.4635334495493 20.9897921273023 21.0662159311733 20.1561458919317 20.4135102662628 21.0732414809864 20.4865583863739 21.0593406447054 18.8703180316755 19.4016191560977 21.3273582606065 20.6359440041865 22.4692093597432 21.3148812833191 20.7249109313218 20.2334004303654 20.5221833572955 21.3222168925566 23.0264460655664 22.4028600165355 20.6834248620679 21.0057373512845 19.5978609107098 21.0446310215869 20.9231087735176 21.0333433310687 22.3625191067649 20.8741147750789 20.9546488342214 23.3889452946809 19.3407595971454 21.1971649497539 20.0009986586088 21.1702774142855
28.0925058996334 27.2275781590621 26.0420175185003 27.4149271711641 27.1957840045339 25.9175407964753 24.5410988097678 25.4203404699696 26.9755276969952 24.0212418768083 27.3835449199364 29.239865300919 27.0753700798605 25.2131718760498 26.8945058491245 29.3606673727998 26.5434213501469 27.9550512782862 27.5938938102223 25.3311667595381 26.629797533467 26.1202211194056 26.7746510247205 26.4291943481653 25.0650101057979 27.1365384981031 27.5846740150319 27.3004720048954 28.096498548882 28.0549238433739 25.3905879437405 25.2183369094911 26.8450312529917 26.9097662294979 29.480377681716 27.5086421011113 27.8687199244334 26.8531035479496 25.5559133647199 27.6467126969766 26.4694031106009 27.3004111124706 27.9420883140262 26.626781389531 27.0692783717385 29.3887473580804 24.8250905928564 27.0301201737827 25.0071533775278 27.9561845138234
34.7637620769165 34.0252390503186 33.9263221682194 34.9559828445741 33.2509564113682 33.3633464896521 31.2237001265672 33.7497385929863 34.5917585840363 30.2614911342405 34.1624338070302 35.7013013012984 33.7546480682116 30.8212323789174 35.399767275815 36.5333402831518 32.9242801984306 35.4890019431342 35.2058732544139 31.7057676023455 32.6934886506066 33.5463462142957 33.1330858932174 31.925381646837 33.0458911867943 33.5650132975847 33.5213174490596 33.8580505739581 35.9158079826458 35.3322365047469 32.6730313003221 31.0556342883365 32.9052178672316 33.5074419827063 35.8225357673769 35.3021359418523 35.567952099425 35.2382795692484 33.2416689118349 34.2044908836336 34.0472669370007 33.6154723729667 34.3426934157653 33.0391013585232 32.949744538499 34.9708896316601 32.5410791073087 32.2843612946133 33.0167615863948 34.5013899939782
39.1402048815477 39.8788855804435 40.0793317326771 39.7720754613129 39.7835495377856 39.5683852425497 35.206693935953 38.2867539024673 39.9965659531515 36.0129190454538 39.8036445012327 40.4922191289304 37.5839834067293 36.5011109450669 40.4219395836783 42.831452887252 38.6660147552619 41.5166513630409 39.3278006610946 37.7235891964822 37.5724408451512 38.3934530845755 40.560204226322 38.6169752491653 38.9766606579995 37.7481440235645 38.0601046637574 38.7634348108306 40.2099635338575 40.8294947417907 38.7150419128782 35.8731087324343 38.2719891986427 40.2309993534589 40.3835712340591 40.792814636461 40.1703794020482 40.333925297208 40.4110248140345 39.2412639071249 39.9894010245893 39.6771942649261 38.4138336326612 39.6081633037903 40.9992881718477 39.7090530563328 38.3953552898183 38.089668013819 37.8216558912212 38.8464957422787
14.6859365924676 16.4516362649018 15.9157222505564 14.6232535865525 14.5359317741144 15.8805366408786 15.651594412321 16.6273251779722 15.5948642987678 14.4800525904196 15.9732121880796 16.5654006049483 14.9429099448788 14.7099654145563 16.2128482579683 16.1778315535785 14.5690029768795 15.0900968604114 14.3401198253435 16.0950698956469 16.6130040215187 14.8438538237413 16.1355091591069 15.6608181709555 15.7116506193634 16.5040784483199 15.0646226518784 15.2188927602515 17.083095022447 13.9258526774228 16.9905496144947 17.4778873359655 16.6269907840048 16.1401110775958 15.8021553850577 16.6532797480589 16.8515586284325 16.5817394909781 15.9504818426132 15.4693087511751 15.2511278984375 16.466801065201 17.2166127794612 16.0750103572512 15.6503040117825 15.4446088074096 16.6141907284654 16.0341484996592 17.1214423267699 16.6025553973441
-180.301647692353 -179.35429014147 -203.733138579395 -196.585262032182 -174.699447068532 -169.093668262265 -189.872178946669 -195.339611606442 -194.469596209515 -210.662880302157 -184.479721669716 -197.284265296576 -184.999406431985 -192.149367023777 -176.441893527694 -193.760263436515 -152.326107940457 -160.77378860554 -223.713119276924 -206.927139206643 -219.07383211162 -169.581751375396 -172.174468323909 -193.244510298602 -198.772892328512 -219.290032337688 -183.56817797296 -193.566304446374 -196.318213152438 -197.48232240096 -218.421558206485 -216.978264804374 -179.102779137687 -222.432988969976 -179.257513662993 -154.888408973622 -197.485099181024 -196.111623314545 -205.612480335157 -148.728339919243 -153.169248795084 -210.632300599089 -171.234478669435 -217.197582314497 -187.689040077552 -184.689079262378 -168.356597531559 -186.281362687074 -206.380465188039 -192.387575169233
-38.2318997620099 -64.9383109198083 -55.9343356579979 -66.2761952777079 -37.7573432703518 -44.38182007868 -63.7499691029076 -59.5066863977319 -40.5469327645846 -76.1837210698736 -35.5014130503189 -48.527368481757 -81.9484575398699 -63.3927812370955 -42.1268375061118 -37.7000313750301 -28.0568301056911 -54.9345340821091 -59.8028284368153 -58.2037734416 -63.0932234465161 -58.1552784609782 -39.6419169517909 -75.3200789692032 -64.7374186532222 -58.9521331243848 -63.6240413980868 -52.6425111825362 -52.8752112316127 -66.8064607064571 -52.5057911705324 -77.3747708832343 -59.4960975178877 -66.380922246999 -61.2926426505995 -43.6138027843381 -49.2882582543161 -57.5224427490855 -57.4380657225498 -41.2790416577517 -61.6769995934507 -79.2812747152744 -65.2797237000986 -71.5711950791353 -61.8924926399193 -51.6333271429484 -51.9722895347154 -48.2442906195962 -64.1188992392661 -35.9391671557693
-1448.14726798176 -1523.30060563481 -1513.44406177874 -1373.28674660398 -1706.39267747746 -1558.4171327081 -2023.90537366238 -1845.28143732251 -2672.40880677923 -1530.75172988779 -2273.29795180106 -1661.56296226822 -1032.40918574604 -1348.11859840818 -1379.69158238823 -2416.54351199293 -1531.81710152158 -1163.62865022517 -2129.39077491035 -1748.14122878951 -1693.9916307125 -1577.62834952633 -2021.6396936944 -1316.49998953557 -2159.33068821365 -1643.43506230503 -1816.53528578216 -1463.24467495596 -1543.70573172192 -1681.95453619317 -2510.34786064861 -1449.56843369617 -1436.28714370925 -1832.30536373165 -1743.41421667878 -1457.79090781601 -1749.33861726446 -1716.96332501161 -1655.67441203335 -1537.36919221384 -1410.7409319338 -2495.71613734033 -1363.76723970072 -2676.37192789568 -1681.74262525744 -1530.9010568875 -1457.61701181945 -1766.8720427023 -1802.2075181682 -1864.88564370696
651.64963820765 715.554755058415 808.45826580884 870.780344124021 863.769867906211 654.498064561829 641.893914551186 549.915240121602 576.522668992968 799.015267776271 697.091574025029 778.540852035237 860.238179101449 906.742716936398 706.557078425703 628.858344542158 773.24612800013 715.650301850384 820.968197734962 661.816394825157 713.193713821622 811.522807939234 690.639233654521 777.876613394341 685.00941902954 822.940649425265 771.442825961621 745.549781620929 678.121383057315 769.736079321165 815.92863859405 650.268516070298 758.340722544357 733.533430508383 844.008109987369 722.481117126933 779.352722443603 666.65619678401 840.00398076332 721.48650080811 581.51935596208 674.026311882733 741.931520808355 756.13639715835 642.468278672912 814.724400965676 572.033833658814 624.510180198512 574.344300014924 899.188716567302
-58.6494219184961 -9.72809437322815 -27.9013073269981 -45.5013208375214 -51.852492763389 -17.020899727734 -53.189789581489 -52.6112561517118 -15.2744653705005 -44.8943514466592 -20.1021541517465 -53.1446931477484 -53.5990566156682 -24.3190797818381 -33.0785497753656 -52.119136307083 -47.3094748357286 -54.2528493805151 -49.5329038123335 12.870088806927 -18.9748712747137 -40.3125865188351 -48.845807621106 -20.9422733094342 -16.2515594684207 6.46313680443521 -62.136961902986 -37.9334578875895 -32.9436823383019 -44.291270359823 -18.8405495454841 -2.27115287555541 -27.0357451860082 -19.8509288901322 -46.0379985690186 -55.9431970145423 -32.2098274278496 -21.869954341951 -4.23123988408203 -39.9552476358948 -19.475640217253 -38.9607995455062 -56.2073752420723 -27.7730786478399 -10.9137906807064 -44.17205130473 -46.193843711639 -21.8324286458498 -11.2034854832509 -35.5863589952631
-17.3041024085011 25.3644635413831 6.74962437874668 -5.96016722730088 -0.16433693920728 8.67489696209071 -9.6123698023845 -18.8253973945731 15.5780598833311 -2.07393112917149 11.3271156181697 -17.3862504769534 -16.1277472557624 7.08481940536762 -19.6219068600544 -11.0611915528607 -16.3181607676567 -12.6358272361796 -9.2555740129064 27.257613802555 8.92021950622031 14.5786636154538 -0.887714169151943 6.59822744422615 10.72768416434 16.1924496727071 -18.0757524727445 8.37236081592693 -1.22653259346487 -11.5505130468244 -3.10950495187946 31.5656681622101 7.20957482373378 1.77440212579881 10.0176810393625 -10.7871304826956 0.0848373229265049 1.09016434531395 22.109929648096 3.36938468521962 24.6200652974728 1.54327179885385 4.01966247336441 2.17132269620304 25.1683864012315 8.61781859045144 -4.72081148855546 6.81198499623627 15.6546924038186 1.20174204586076
-3580.82263928113 -4293.77748776771 -3778.26104597356 -3876.10312309911 -3909.59928376644 -3982.19366597567 -3030.70811875612 -3532.39055898039 -4158.34883895192 -3225.56263846346 -4647.95438626306 -3930.20170622383 -3268.29725241189 -3091.60393291682 -3189.34324025636 -3738.59095605824 -3185.61999557687 -3895.73578031008 -3979.96487890522 -3674.43816638554 -3655.41992433533 -3875.39038874082 -4510.92164646247 -3822.11353896973 -4059.38938013177 -3912.70175809653 -3374.50999898584 -3741.16989522645 -3867.9906574112 -4040.11558809586 -4096.44891499025 -3535.36206480858 -3373.79396836232 -4620.09163009757 -3778.20751269351 -3686.50059228853 -3852.54013864274 -3768.65798212507 -4241.07546415968 -3611.65082868901 -4142.20520802421 -3289.3724570343 -3817.24805895034 -3328.87078094461 -3794.90759015241 -3320.76317986631 -3656.19855606779 -4004.2712708821 -3876.31022436508 -3727.46955105402
1647.7695176177 1700.8665763791 1513.54148847226 1649.41746811382 1653.007465679 1505.24273905255 1461.95981273695 1346.06305402109 1621.90301518818 1800.68505745967 1586.68097189831 1876.45743347725 2005.26317224605 1851.14146016822 1603.24329828248 1737.85539911338 1779.24614089738 1294.97827990292 1673.9938237021 1501.16476996007 1414.89753097158 1381.72152894715 1615.04930524248 1847.0366168728 1563.13154460778 1532.99778614143 1729.59958469782 1479.16923137509 1695.49473432586 1557.69044186563 1509.69273446757 1636.47175360801 1549.2010793588 1499.74516101405 2131.34364592643 1365.27856739509 1716.77005709498 1579.48524479225 1277.69325553164 1805.70788457713 1558.6377005547 1581.68665601579 1727.22984351633 2071.99996170194 1618.04938959131 2016.71319951078 1345.05397593283 1618.1622371543 1329.25993604869 1884.84199280268
84.7439603550632 102.587422809169 108.889200292612 88.460658473574 74.6198869342431 66.3352022044352 82.8663735922441 70.7705193840675 17.107217360781 148.534001679046 68.2874922170501 93.9080780016577 159.625483061022 116.586841570264 82.4621262842504 95.9801342246825 94.4884615231185 66.146625361526 91.7352662627956 92.743267726879 103.066409650022 73.1032438933265 66.9350501338439 128.495467484986 89.9865724631428 97.3207230587687 93.5309449753059 98.8208485389885 91.7668904439876 97.1584419315523 79.5206917824972 136.257882173987 143.814336354202 100.468460529241 132.575303858804 61.4418391846168 87.876915796278 94.2814185001112 68.1386016036944 80.6776095454713 106.765738770079 89.0800528915064 94.1355098824328 132.394897244776 80.1863683088256 167.741339978573 56.1853651523698 63.7852992561475 73.1714453050905 111.270041324013
29.7760732056984 28.2064406384513 35.1822057051919 33.3168649043476 14.8916067388998 6.09674555410646 25.5267042486709 28.3768871896842 -1.58894067718624 59.8925129774443 -4.39217079444921 45.430735358761 73.3543034383105 48.9501894042917 20.2678318698861 42.3896108934545 17.0689281752733 1.97845228337067 13.707418134551 41.630866731636 48.0353426098169 30.1370022513783 2.43005588234514 53.4657372560595 20.033383399577 23.1510091432939 35.4887539899514 13.0222229985692 7.7631792512611 38.6180402936385 10.9757229937696 77.2063857737447 65.3701893291354 29.8334349577146 68.0181683239298 7.01757030660339 22.0650810432015 47.5938703038158 6.17548230672006 27.7474642098742 22.32106906851 22.2883481603934 32.9285500053157 58.8579381531314 47.7593272610374 70.985000418372 31.596348280566 24.4987238803576 28.8382945732718 31.9214493405879
12.7658456814239 11.4540679648366 10.3618210260453 10.6687358776963 10.6935914368524 12.2649733339441 10.6337528468876 12.0682496068663 12.7955674262614 11.5116679522986 12.1460089794234 13.408884990577 13.2355158587615 12.2693053236868 12.3666121780444 12.54041115748 11.3044246790164 11.2429184069554 12.3353910708332 11.7692082189859 11.5793039793102 11.8967875478291 13.5515135424747 12.2349136140675 11.3157618205235 11.486603510935 12.3323619647111 11.8986338985303 13.2405303508603 12.7091110122886 10.2301450265907 11.5544872161771 11.4979713521429 12.0893081945202 13.3352961137645 10.9084889510355 10.2963376474253 12.4882019757728 11.7173396050229 11.6119897881982 12.4651239729209 11.4337143983989 11.1923005306801 12.5835445028517 14.5652356865705 13.3465280222962 10.2699033398075 11.420734899729 9.68548356088829 11.7288319113361
90.9994643259125 98.1603238949618 83.2753126807937 98.9168874774216 75.6254762957507 60.2688847826253 93.8156977137608 78.8296630272357 43.3477253375098 120.767949415664 75.3979146054105 96.3739008782398 138.881555112548 105.216244814027 101.423810924042 133.109831309081 105.944960403722 50.3045297500729 92.2612069001207 99.8900727113685 98.3479595040766 72.7364967873338 60.3999000430357 119.164319237083 55.9381591861516 104.517175019372 75.5965549973998 94.6670732197502 128.368124450656 78.3502119260023 73.3854227701358 124.691334872385 110.888543703895 80.0794422865553 126.922840375349 63.6002048949791 76.8699629855867 97.2549099858979 52.3359719777462 74.782188651841 89.845742261858 113.507640297036 97.7995611727883 125.578695227934 95.3606065317015 150.038096777063 63.3527770005992 81.3422244563495 70.7694338569749 100.81751833003
47.8297764094753 68.0273984755404 49.3277622189791 68.4147144846008 40.5068787172091 37.7046617950712 45.0652921474166 48.1670720688707 28.6422160791943 82.0861020306976 40.180304025284 57.5708504611059 99.3376199528279 71.3723651289311 58.7723192623412 67.68433931729 54.9217984651577 40.4233563753711 58.0431606759846 53.0799903998359 48.0970623237742 64.3865229861168 28.860365480167 83.7272569050331 40.2285614970765 55.7891795058817 52.8445546817616 34.6550994526664 59.2732896433127 65.0661676632419 45.9272030689177 80.7907330577317 72.6698467341366 57.9668363109493 92.3873078564642 44.5922240683356 42.3582930629277 55.1085707475942 20.3986353867418 53.2828639765082 61.0047469216681 50.5301123685637 65.1317208857772 65.1488704140702 60.0244170119826 86.701844554659 32.1413644914055 36.7859351204177 33.687004282387 59.1965608591388
12.5454346255401 12.9565405589111 11.821969146152 12.9239899502362 12.5605818672127 11.995368934692 11.9412125347953 10.3793522970738 13.7244465075191 12.7040463858188 13.0949036169468 14.1925252358638 11.8277227317552 11.6887239864346 11.5356644617885 12.8510718436606 11.6039679664657 9.81459231994292 13.4458072985663 12.9813703291385 11.7338595876926 11.3394794780824 14.724462442509 13.0141084855168 12.8765079946798 13.4690907590386 13.3320265122223 12.6280778262875 12.7965109948484 11.9114311860813 11.8475506193139 12.388441171798 13.2278780445535 10.7099268376063 14.0184539864314 10.9990209655104 11.6605784911693 11.8602448590241 13.6521971682363 10.6094664477796 12.0696366535413 13.0265497485498 12.3602640880543 14.1385503382183 14.0108555143393 12.5373601913494 11.5617946390355 11.8478528096274 10.5626698029511 12.0803600898956
119.655059011321 77.1191082607066 94.6935341838878 91.2256207853552 94.988381372398 69.8509129041564 86.1644955506563 83.6945167830704 56.8530179068045 103.257483904061 105.982841773876 141.356145791498 148.528543878058 122.569740808339 106.872527738103 126.657626161151 87.5632139705831 113.375993287414 109.698483868722 80.8796308252942 124.841803252236 85.3448003079694 80.0725558039207 126.835284997244 84.459896217744 127.815066417046 92.0949050184307 107.719258843862 108.935177773738 123.614153054074 64.5346182209335 106.992818617962 100.205728858045 112.038292513668 140.741583975402 52.772692311466 87.9294995572066 103.577627673146 70.7707808223369 76.1693628502885 79.3357496656946 115.266609347099 122.810105841799 112.108715475043 131.242196833463 138.236931679797 56.2918757805889 91.5629975908404 70.2101854946496 103.478272507734
27.6949662251435 19.2639179928278 9.40163631123506 22.3941229110146 8.68980413521636 17.03054061178 15.83748479668 16.7176083952615 -0.23591098517339 29.3431105608181 32.8386732587964 39.5033298843168 82.0502744499941 39.0472248058385 38.8186235801346 27.2468183090483 20.3256023949821 42.5193175193377 26.3011560417283 11.4254151958695 35.621855593206 24.2389165458526 8.90744926397421 52.8881040406076 15.1926818593526 36.3664079775428 33.9003839928727 13.1384097665482 16.949984625809 59.0682076930691 -0.24195112770356 19.6304676563367 34.9315703589334 40.497270551607 65.3244748073344 7.07717753395851 13.6808564206658 31.3116435764745 -1.02175305977777 27.4393242034131 30.828093449082 34.5137216943541 42.3066959726396 43.2509239831902 43.7577078401876 51.5819204713888 6.90052112101175 8.60012620539754 -1.76190158809121 20.6735093055373
1.48384638055179 1.81587475496611 1.14553579541296 1.07295122972872 1.25626993344176 2.22553743882273 1.19775124728568 1.50528074832532 2.84476953531135 1.8140354936208 2.62062501090991 1.71597419819637 2.96193336146874 2.0778454221325 2.29343831817993 2.92144051335508 2.24944923554823 1.96754712068217 2.4414512119813 2.39225559230246 1.35655441054078 1.87823153293188 2.70168828222845 2.07882512877953 1.8103763699875 1.6256627373723 1.91835300587119 1.86564160958554 2.01276270141206 1.99732477304019 1.2353292760984 0.994529622625284 1.46794683029398 1.95970821866692 2.83801156078006 1.77420100181919 1.3544644491804 2.5871721773628 1.35504921102428 1.21441302608582 2.13580772561083 1.96448985605733 1.32448799266805 2.57590720904696 3.45401200707726 2.44662760074542 1.58779832584806 1.90231546969436 1.45218901882476 2.13079955796931
94.6464159736516 82.4037344842353 82.4118025623472 100.471802946173 60.3961663799059 55.8994966515324 95.2640731365461 95.4871137854798 78.843010415887 72.2119394660218 89.2348374962798 118.436188237419 131.387834774192 89.7348758940268 115.425342737154 92.5623395480018 83.7500519824463 78.4798540734577 110.607681590261 72.8540340723758 106.828413525437 76.6154246351376 67.1440584054586 77.7687001818321 90.3354828831181 126.106348956287 67.3966770122225 88.1962396707612 93.279908762821 93.9586956643642 68.6239360905341 63.8352255960902 79.2092532263574 109.221205852928 90.9938196570771 71.7893645722876 69.0314377353356 115.936167242813 92.4491050749936 53.0251297542361 71.8826080390848 94.8037884437718 101.221709294518 94.7630611113028 89.3387833673802 79.645493648162 67.702002918352 65.8532627103117 90.2193795851994 90.8488787928382
21.2048972605972 29.1879364309507 14.7116851724271 35.83019403511 2.6816621039932 14.162987624407 28.1761358847582 37.9266244237278 17.1570074711831 15.8033308925266 38.2240614661213 36.524769103135 76.3648793812649 29.1558915699272 48.5391111111577 16.1394159815041 27.8488091334794 24.5072145345591 25.9708685312623 12.5609551550946 34.2478584504907 17.7341115646947 15.712423174809 26.2971740346264 32.2138093233398 35.8637422728327 26.1368532366694 15.8886450896171 25.5821587153386 39.3174420039683 8.53287026893945 8.51992297909822 26.6371465311557 49.8627026855626 40.6664154022117 26.514072182488 12.7433389202863 47.6658364365458 21.7360407069801 9.63018546392915 27.101619515232 37.0049738908783 36.8616921825851 31.0892360791622 32.1430697413221 25.0677447980154 14.7797200692099 5.89398132856389 27.8565071414284 17.4190851937979
7.38246548077996 7.18580110239161 6.8989514588019 6.3769424751539 7.12966975360559 7.19722458912735 6.45982857879801 6.99536781687529 8.30459758439167 6.98741072675196 7.93317449380516 7.74858440198881 7.62314194356629 7.38623695035866 7.5751414978761 8.38314187534336 7.23858560142684 7.37903275037965 7.45075787690936 7.81327704470546 7.2337673980594 7.41554556811934 8.32376544916286 7.62796672568162 7.43354478666895 7.42703122372329 7.01564900134843 7.33749115628794 7.65867067881038 7.5571118555389 6.71554956436182 7.34762210566931 7.13985027267525 7.54583185335717 8.28075362935887 7.20776498473953 6.95645513250216 8.03862742550717 6.77991658666412 6.62247599511686 6.8792882095791 7.17669729336421 7.56732646937197 8.5728572689337 9.1709362020049 7.89866436124779 6.89554166941396 7.29062913041002 6.90301357560251 7.24847508691776
879.039366549697 913.763179039792 977.521790599397 971.783744929665 989.462053769979 959.544714744455 897.843345727993 946.886117696677 1104.13327942729 927.619499737395 1025.27061279513 981.914182609623 797.030894195948 871.467576798594 866.315717445783 1012.61195666512 863.040724217296 896.415702609034 1106.23862256188 927.281082148296 954.141859778359 947.057314716004 998.76554840508 882.689778367559 988.39502919602 1003.36617510325 929.210044589105 904.359721068175 867.165798475707 958.16507022358 1112.89796494064 905.579483474466 853.083564818975 1061.69668666752 938.878763039762 893.947084058652 1000.85655914055 926.953874903331 982.582751655223 894.461372587383 869.312957263859 983.640369125681 866.868309641046 1042.47113930233 895.639685639957 827.504828794904 935.189016276236 952.437283566825 945.750498003541 958.341803676072
524.98742822248 605.808761009996 521.861293276487 554.324395373332 546.554680088845 533.209682430526 489.111892102729 541.68808420824 590.878914922672 518.090837771043 576.746677794572 551.404330129219 512.048630472112 472.158719626974 442.320312853623 539.596047687325 470.323679591673 566.708764483412 576.811333318058 521.339281907379 515.224751238437 539.046292096746 564.933753985322 531.845927672393 569.949465405924 538.981773176879 534.087506424131 509.616768667783 514.516722032338 538.305494997722 573.21065874543 513.613363611301 472.956732747175 609.969142077959 532.393738533979 517.961455609708 526.60535580634 533.268259473867 570.635573367495 525.253685471123 584.437135320322 530.778660327053 554.175113340907 526.975412202505 519.74539891052 455.236277633055 533.252607454202 577.571833284993 552.326762897033 485.448616022468
