  economy_id district_id expected_hires capacity belief_expected_hires
           1           1   3.3777798173399276        17.000000000000000        4.5600018416052617     
           1           2   3.2731346352230841        17.000000000000000        4.5600964480040727     
           1           3   3.4095839429753450        17.000000000000000        4.5598549480610489     
           1           4   3.3322869004485760        17.000000000000000        4.5602207549891576     
           1           5   3.3428670331270105        17.000000000000000        4.5600011036274397     
           1           6   3.2608825593031145        17.000000000000000        4.5599985157674228     
           1           7   3.3108553418381730        17.000000000000000        4.5602200917503204     
           1           8   22.363851261760395        17.000000000000000        8.3269847657288505     
           1           9   3.2532797813470853        17.000000000000000        4.5598516221259837     
           1          10   3.2710574199672613        17.000000000000000        4.5602188668351324     
           1          11   3.2631770205825186        17.000000000000000        4.5602188668351324     
           1          12   8.2312968597870366        17.000000000000000        4.7828541354007612     
           1          13   3.2766648212720484        17.000000000000000        4.5602194629648647     
           1          14   3.3399579696230988        17.000000000000000        4.5602207549891576     
           1          15   3.2552242347764606        17.000000000000000        4.5609534623164860     
           1          16   3.2919477910815620        17.000000000000000        4.5599991119233181     
           1          17   3.3005446640158231        17.000000000000000        4.5608322446807170     
           1          18   3.3522092777132451        17.000000000000000        4.5599031739551377     
           1          19   3.2981023626602872        17.000000000000000        4.5608322446807170     
           1          20   3.3156222309792178        17.000000000000000        4.5608329078388028     
           1          21   3.2701740630307157        17.000000000000000        4.5599991119233181     
           1          22   3.3508360609707752        17.000000000000000        4.5603438772777309     
           1          23   3.3696771657319187        17.000000000000000        4.5599031739551377     
           1          24   3.3998656592512684        17.000000000000000        4.5602221925270721     
           1          25   3.2543277226477798        16.000000000000000        4.5598516221259837     
           1          26   3.3116379761172179        16.000000000000000        4.5603431777023129     
           1          27   3.4800991402438854        16.000000000000000        4.5611621499568162     
           1          28   3.3040240797469900        16.000000000000000        4.5600970441483408     
           1          29   3.3591305370749165        16.000000000000000        4.5600990358136251     
           1          30   13.294719939650994        16.000000000000000        5.5215293881288696     
           1          31   57.979278099693687        16.000000000000000        53.712347632101981     
           1          32   3.3305173795875689        16.000000000000000        4.5600983362041099     
           1          33   3.3007894291521649        16.000000000000000        4.5598522182992882     
           1          34   3.2932317352640603        16.000000000000000        4.5608322446807170     
           1          35   3.4052672558839046        16.000000000000000        4.5608343452016431     
           1          36   3.3006758676724406        16.000000000000000        4.5602200917503204     
           1          37   3.2775416249347362        16.000000000000000        4.5599011822121724     
           1          38   3.3419157515788016        16.000000000000000        4.5609553501944928     
           1          39   3.3437592161955920        16.000000000000000        4.5608336073460123     
           1          40   3.3312683727464232        16.000000000000000        4.5599024743183136     
           1          41   3.2663189013582605        16.000000000000000        4.5599005860446917     
           1          42   3.2943602821881184        16.000000000000000        4.5608322446807170     
           1          43   3.2840747069605785        16.000000000000000        4.5600970441483408     
           1          44   3.3145836677894946        16.000000000000000        4.5600983362041099     
           1          45   3.3682932318112679        16.000000000000000        4.5599998327381686     
           1          46   3.3733427238470797        16.000000000000000        4.5599031739551377     
           1          47   83.920464789075055        16.000000000000000        76.199979762456650     
           1          48   3.3037570701793251        16.000000000000000        4.5599991119233181     
           1          49   57.930367384920693        16.000000000000000        56.525164982752337     
           1          50   13.217883734117583        16.000000000000000        5.2988196806774761     
           1          51   3.2557473844946574        16.000000000000000        4.5600964480040727     
           1          52   3.4030193928077415        16.000000000000000        4.5600005009829898     
           1          53   3.2555153503579244        16.000000000000000        4.5602188668351324     
           1          54   3.3442749324783665        16.000000000000000        4.5602214545816224     
           1          55   3.4205360940177609        16.000000000000000        4.5599039119473357     
           1          56   3.4485673745671162        16.000000000000000        4.5615603714474426     
           1          57   3.2939075577665955        16.000000000000000        4.5609546870525639     
           1          58   3.4439991290927625        16.000000000000000        4.5598549480610489     
           1          59   3.3540137698284629        16.000000000000000        4.5608336073460123     
           1          60   3.3258507836752988        16.000000000000000        4.5603431777023129     
           1          61   85.260350893349425        16.000000000000000        81.813555438413076     
           1          62   3.3171173842917741        16.000000000000000        4.5602188668351324     
           1          63   3.3154056443732394        16.000000000000000        4.5603431777023129     
           1          64   3.3704140622552674        16.000000000000000        4.5599039119473357     
           1          65   3.3087833589512265        16.000000000000000        4.5609540583590569     
           1          66   10.157430744875700        16.000000000000000        5.2383166079721581     
           1          67   3.2543223830164467        16.000000000000000        4.5600964480040727     
           1          68   3.2731481015095487        16.000000000000000        4.5608316159718800     
           1          69   3.3192134492223109        16.000000000000000        4.5602195502549714     
           1          70   3.3931721460312709        16.000000000000000        4.5609567875223211     
           1          71   3.2760527466722644        16.000000000000000        4.5602194629648647     
           1          72   3.2992961745012646        16.000000000000000        4.5603425144796308     
           1          73   3.3030067702122721        16.000000000000000        4.5603425144796308     
           1          74   3.3712879067602191        16.000000000000000        4.5600997737770728     
           1          75   3.3050629507358251        16.000000000000000        4.5600964480040727     
           1          76   3.2593772615569270        16.000000000000000        4.5609534623164860     
           1          77   3.3449203413262238        16.000000000000000        4.5600011036274397     
           1          78   3.3521841788355959        16.000000000000000        4.5609560496846431     
           1          79   3.3867526104558641        16.000000000000000        4.5600018416052617     
           1          80   11.327282589973295        16.000000000000000        5.2979155175264543     
           1          81   3.3405898888507521        16.000000000000000        4.5608336073460123     
           1          82   3.3372471114844724        16.000000000000000        4.5609553501944928     
           1          83   3.3077869038232479        16.000000000000000        4.5609534623164860     
           1          84   3.4201925871356584        16.000000000000000        4.5603446152052127     
           1          85   11.647029509920007        16.000000000000000        5.2972255132132400     
           1          86   3.4426157266559607        16.000000000000000        4.5602223003176148     
           1          87   3.3414015104917727        16.000000000000000        4.5609553501944928     
           1          88   10.156682431845347        16.000000000000000        5.2373336900608010     
           1          89   3.3520812330597192        16.000000000000000        4.5609560496846431     
           1          90   3.3941545892704621        16.000000000000000        4.5598549480610489     
           1          91   3.4460696990292803        16.000000000000000        4.5608337095817282     
           1          92   3.3117539158367535        16.000000000000000        4.5598535104180300     
           1          93   3.3419515399499051        16.000000000000000        4.5600011036274397     
           1          94   3.2936354256279183        16.000000000000000        4.5599997407363517     
           1          95   3.3893227696915678        16.000000000000000        4.5602201837519925     
           1          96   7.9710792493945588        16.000000000000000        4.7826466427643188     
           1          97   3.2820475179268418        16.000000000000000        4.5609540583590569     
           1          98   3.3224981749066642        16.000000000000000        4.5608317032615817     
           1          99   3.2984833216710339        16.000000000000000        4.5602200917503204     
           1         100   3.2778197502032600        16.000000000000000        4.5609540583590569     
           1         101   3.3953579103903611        16.000000000000000        4.5608336073460123     
           1         102   3.3960235971713866        16.000000000000000        4.5608330048169510     
           1         103   3.3439871706484388        16.000000000000000        4.5608336073460123     
           1         104   3.3701581185746563        16.000000000000000        4.5602221925270721     
           1         105   3.2562479413790446        16.000000000000000        4.5603412895942910     
           1         106   3.2860940961868574        16.000000000000000        4.5598522182992882     
           1         107   3.9321948168232459        16.000000000000000        4.5614025544266585     
           1         108   3.2928379615570504        16.000000000000000        4.5603413724236770     
           1         109   3.3449277377158144        16.000000000000000        4.5603438772777309     
           1         110   3.3973356766775020        16.000000000000000        4.5598542100616557     
           1         111   3.2680607031970297        16.000000000000000        4.5603412895942910     
           1         112   3.3715349859371928        16.000000000000000        4.5599039119473357     
           1         113   3.3443770788769087        16.000000000000000        4.5600011036274397     
           1         114   8.0884911815002525        16.000000000000000        4.7825953223986790     
           1         115   3.3274719472796468        16.000000000000000        4.5600971314385372     
           1         116   3.5786330718005157        16.000000000000000        4.5623062553322811     
           1         117   11.349265614081157        16.000000000000000        4.8701767904845878     
           1         118   11.972004377321312        16.000000000000000        5.2386656718114191     
           1         119   13.725942166374757        16.000000000000000        5.2988480593841727     
           1         120   3.3394688486319839        16.000000000000000        4.5608336073460123     
           1         121   3.6499007744831951        16.000000000000000        4.5613515495036143     
           1         122   3.3663739888914685        16.000000000000000        4.5599031739551377     
           1         123   3.3462337073524049        16.000000000000000        4.5598542100616557     
           1         124   3.3032620455117661        16.000000000000000        4.5599997407363517     
           1         125   3.3820774273943286        16.000000000000000        4.5602208519677303     
           1         126   3.4424842367726840        16.000000000000000        4.5598550558518554     
           1         127   16.696762188874011        16.000000000000000        7.8120398466700802     
           1         128   3.3252721038836612        16.000000000000000        4.5608329078388028     
           1         129   3.2855464993934329        16.000000000000000        4.5603418857095184     
           1         130   3.3175070873589627        16.000000000000000        4.5598535104180300     
           1         131   3.3444058907327614        16.000000000000000        4.5603438772777309     
           1         132   21.901051017063477        16.000000000000000        7.6793424512850077     
           1         133   198.53230272641702        16.000000000000000        192.16053527739527     
           1         134   3.3694817482024257        16.000000000000000        4.5600018416052617     
           1         135   3.3468370253197630        16.000000000000000        4.5603438772777309     
           1         136   83.615357767470414        16.000000000000000        79.302751298395151     
           1         137   3.2799122635776450        16.000000000000000        4.5598522182992882     
           1         138   3.2541346595186558        16.000000000000000        4.5608310199148177     
           1         139   3.3972049166844167        16.000000000000000        4.5608343452016431     
           1         140   7.9247491122105096        16.000000000000000        4.7836205694582272     
           1         141   139.26508838894813        16.000000000000000        128.66587298825792     
           1         142   284.10463233092662        16.000000000000000        276.45442618993224     
           1         143   3.4131343696844336        16.000000000000000        4.5599039119473357     
           1         144   3.2779031332446804        16.000000000000000        4.5599991119233181     
           1         145   3.2863182732355831        16.000000000000000        4.5608316159718800     
           1         146   3.9989494088684947        16.000000000000000        4.5621369509554777     
           1         147   3.2713193546556680        16.000000000000000        4.5600970441483408     
           1         148   3.7368676502100442        16.000000000000000        4.5615249440238825     
           1         149   3.8410893296187245        16.000000000000000        4.5623555822871804     
           1         150   197.05843954481941        16.000000000000000        184.66693885960771     
           1         151   256.93089051306828        16.000000000000000        248.51894661672804     
           1         152   3.3126868587735059        16.000000000000000        4.5598535104180300     
           1         153   3.2844304547668512        16.000000000000000        4.5598522182992882     
           1         154   3.5909569512754875        16.000000000000000        4.5613155822735525     
           1         155   3.3898339814898408        16.000000000000000        4.5599039119473357     
           1         156   3.3232115906550557        16.000000000000000        4.5599997407363517     
           1         157   3.3296833936595482        16.000000000000000        4.5598535104180300     
           1         158   10.298507466895986        16.000000000000000        5.2376164773691354     
           1         159   3.4919820161259114        16.000000000000000        4.5613155822735525     
           1         160   3.3996681777483810        16.000000000000000        4.5602221925270721     
           1         161   10.517370198588047        16.000000000000000        5.2376181309707519     
           1         162   10.610173481994865        16.000000000000000        5.2372252747481758     
           1         163   3.2903723542161774        16.000000000000000        4.5600976729491105     
           1         164   3.2712059659027486        16.000000000000000        4.5599991119233181     
           1         165   3.5627859147671281        16.000000000000000        4.5621724131515373     
           1         166   3.3194798939328654        16.000000000000000        4.5603431777023129     
           1         167   3.2885954735343179        16.000000000000000        4.5602194629648647     
           1         168   3.3335537142264866        16.000000000000000        4.5609553501944928     
           1         169   3.3922474282632527        16.000000000000000        4.5603446152052127     
           1         170   7.9812235128503639        16.000000000000000        4.7831073571949396     
           1         171   3.6832193452503623        16.000000000000000        4.5622331724581242     
           1         172   3.5568213082242854        16.000000000000000        4.5620499969508783     
           1         173   3.3455834692731017        16.000000000000000        4.5600004040042625     
           1         174   3.4972671857232331        16.000000000000000        4.5611197622509110     
           1         175   10.554774828896104        16.000000000000000        5.2381794151492107     
           1         176   57.981946117624844        16.000000000000000        56.880840720702345     
           1         177   3.7116119869364517        16.000000000000000        4.5622850633265735     
           1         178   3.3125012037417161        16.000000000000000        4.5599997407363517     
           1         179   3.3853686929966775        16.000000000000000        4.5600011036274397     
           1         180   10.549056734815315        16.000000000000000        5.2370569185600093     
           1         181   10.641266391558101        16.000000000000000        5.2376181309707519     
           1         182   7.8929578995311704        16.000000000000000        4.7827479999950420     
           1         183   3.2738891560241075        16.000000000000000        4.5603418857095184     
           1         184   3.3564438608362126        16.000000000000000        4.5609560496846431     
           1         185   3.3826393790677680        16.000000000000000        4.5599025712971049     
           1         186   3.3597742896886054        16.000000000000000        4.5600977649508607     
           1         187   3.3424795461905461        16.000000000000000        4.5600011036274397     
           1         188   3.6189363119053697        16.000000000000000        4.5613029861905936     
           1         189   3.2839135636437953        16.000000000000000        4.5600970441483408     
           1         190   3.3191135832723928        16.000000000000000        4.5598535104180300     
           1         191   3.2835122147245368        16.000000000000000        4.5598522182992882     
           1         192   3.3773189740619172        16.000000000000000        4.5599025712971049     
           1         193   3.3492957902057072        16.000000000000000        4.5600977649508607     
           1         194   4.3377847688344433        16.000000000000000        4.5615249440238825     
           1         195   10.170304034491163        16.000000000000000        5.2381755899743627     
           1         196   3.2854160592165664        16.000000000000000        4.5599005860446917     
           1         197   3.5359645226752572        16.000000000000000        4.5616473375506086     
           1         198   3.3219022030786252        16.000000000000000        4.5600004040042625     
           1         199   3.2891922901705573        16.000000000000000        4.5598528471307098     
           1         200   3.2895220082095227        16.000000000000000        4.5599991119233181     
           1         201   8.1909719181790237        16.000000000000000        4.7831099857721062     
           1         202   3.3366192403751116        16.000000000000000        4.5609553501944928     
           1         203   3.3750748636515300        16.000000000000000        4.5598542100616557     
           1         204   3.2880434157019591        16.000000000000000        4.5598528471307098     
           1         205   3.2811188409239298        16.000000000000000        4.5603418857095184     
           1         206   3.3820582817331171        16.000000000000000        4.5600997737770728     
           1         207   3.3599205004277946        16.000000000000000        4.5609560496846431     
           1         208   3.3099861082279038        16.000000000000000        4.5599991119233181     
           1         209   3.3479186638205713        16.000000000000000        4.5599997407363517     
           1         210   3.3240156797621778        16.000000000000000        4.5599024743183136     
           1         211   3.3923723764575904        16.000000000000000        4.5599039119473357     
           1         212   3.6203323972264183        16.000000000000000        4.5617435724436977     
           1         213   10.615419775219829        16.000000000000000        5.2381794151492107     
           1         214   3.3200959955766955        16.000000000000000        4.5602207549891576     
           1         215   3.2705947832494120        16.000000000000000        4.5599011822121724     
           1         216   3.3482029854354627        16.000000000000000        4.5598542100616557     
           1         217   10.553239933903251        16.000000000000000        5.2374778211401640     
           1         218   3.3841389848704138        16.000000000000000        4.5602221925270721     
           1         219   141.94487497067419        16.000000000000000        133.29984587127063     
           1         220   3.3715623101459977        16.000000000000000        4.5602221925270721     
           1         221   333.50039484792461        16.000000000000000        321.51540779211643     
           1         222   3.3401777824395689        16.000000000000000        4.5599031739551377     
           1         223   3.2781045988146320        16.000000000000000        4.5599991119233181     
           1         224   361.60456976714511        16.000000000000000        355.18875882145301     
           1         225   4.6102096503801588        16.000000000000000        4.5624074713502090     
           1         226   558.53668331791300        16.000000000000000        540.44267924656458     
           1         227   4.1852477497765799        16.000000000000000        4.5615603714474426     
           1         228   10.385220177537139        16.000000000000000        5.2376164773691354     
           1         229   10.655093326457573        16.000000000000000        5.2373376397897147     
           1         230   387.95016123950757        16.000000000000000        365.41720733953588     
           1         231   3.3928858242548037        16.000000000000000        4.5599039119473357     
           1         232   3.3432039632281731        16.000000000000000        4.5600990358136251     
           1         233   3.3422260929246299        16.000000000000000        4.5600990358136251     
           1         234   3.3117679439211272        16.000000000000000        4.5600983362041099     
           1         235   3.2958141366151943        16.000000000000000        4.5598522182992882     
           1         236   3.2570011236984433        16.000000000000000        4.5598516221259837     
           1         237   10.283026947352901        16.000000000000000        5.2371098964774419     
           1         238   3.3717609307111691        16.000000000000000        4.5609560496846431     
           1         239   3.3751554711048102        16.000000000000000        4.5600011036274397     
           1         240   3.3731135909122423        16.000000000000000        4.5599031739551377     
           1         241   10.309254557141974        16.000000000000000        5.2370552647971547     
           1         242   3.2811190956142604        16.000000000000000        4.5600964480040727     
           1         243   3.6492390783601927        16.000000000000000        4.5612176710048589     
           1         244   3.2864257660377922        16.000000000000000        4.5598522182992882     
           1         245   725.85653844298054        16.000000000000000        695.54807818427844     
           1         246   14.421284759343669        16.000000000000000        5.2390065542019171     
           1         247   3.3566318089634426        16.000000000000000        4.5599031739551377     
           1         248   8.2427018862847756        16.000000000000000        4.7836240589921788     
           1         249   3.3220328299471391        16.000000000000000        4.5598535104180300     
           1         250   3.3310245991846075        16.000000000000000        4.5602207549891576     
           1         251   3.3152565064261634        16.000000000000000        4.5599024743183136     
           1         252   780.43640385121228        16.000000000000000        750.30726033981716     
           1         253   3.4049987899745764        16.000000000000000        4.5603446152052127     
           1         254   3.3370467635083059        16.000000000000000        4.5608322446807170     
           1         255   3.3083116619001505        16.000000000000000        4.5603425144796308     
           1         256   3.2956215639547781        16.000000000000000        4.5609540583590569     
           1         257   3.2900651216807124        16.000000000000000        4.5598528471307098     
           1         258   3.3461828513303686        16.000000000000000        4.5603438772777309     
           1         259   3.6715707848014278        16.000000000000000        4.5614803587687813     
           1         260   10.422640032257510        16.000000000000000        5.2371113828250753     
           1         261   3.3272826987833644        16.000000000000000        4.5598535104180300     
           1         262   3.4230763044751376        16.000000000000000        4.5602201837519925     
           1         263   14.435246157559179        16.000000000000000        7.2499896557083998     
           1         264   3.3726641830664574        16.000000000000000        4.5600004040042625     
           1         265   27.465724005948381        16.000000000000000        27.059074912684633     
           1         266   3.2666976184357530        16.000000000000000        4.5598516221259837     
           1         267   3.3051778894277231        16.000000000000000        4.5598528471307098     
           1         268   3.3507084608683373        16.000000000000000        4.5608329078388028     
           1         269   10.117979130715826        16.000000000000000        5.2383159223268656     
           1         270   3.4424365552346234        16.000000000000000        4.5600997737770728     
           1         271   3.3828400049888718        16.000000000000000        4.5598542100616557     
           1         272   3.2905518740000317        16.000000000000000        4.5602189496646055     
           1         273   3.2919133052709952        16.000000000000000        4.5609546870525639     
           1         274   8.0026493852691445        16.000000000000000        4.7829795813338842     
           1         275   3.3202265731441436        16.000000000000000        4.5602207549891576     
           1         276   3.2779584341382306        16.000000000000000        4.5603418857095184     
           1         277   3.7252350622531623        16.000000000000000        4.5614008898457419     
           1         278   3.2885516783205171        16.000000000000000        4.5598516221259837     
           1         279   3.4601189984916227        16.000000000000000        4.5602223003176148     
           1         280   3.3205433211272517        16.000000000000000        4.5602207549891576     
           1         281   3.2949457724512619        16.000000000000000        4.5609546870525639     
           1         282   3.3840458720162978        16.000000000000000        4.5603446152052127     
           1         283   14.347912141067651        16.000000000000000        5.2395542558486472     
           1         284   3.2572888241892035        16.000000000000000        4.5602188668351324     
           1         285   3.3426587279868887        16.000000000000000        4.5600990358136251     
           1         286   3.3530560562326381        16.000000000000000        4.5602214545816224     
           1         287   3.3618337509694745        16.000000000000000        4.5600011036274397     
           1         288   3.3315870127581992        16.000000000000000        4.5609553501944928     
           1         289   3.3706053227834145        16.000000000000000        4.5600018416052617     
           1         290   3.4032827096061915        16.000000000000000        4.5602214545816224     
           1         291   3.2830452297112038        16.000000000000000        4.5599005860446917     
           1         292   3.2673920592009811        16.000000000000000        4.5600964480040727     
           1         293   3.5505444587906476        16.000000000000000        4.5610708088169067     
           1         294   3.2885937150758089        16.000000000000000        4.5600976729491105     
           1         295   3.3537959037130087        16.000000000000000        4.5600011036274397     
           1         296   3.3825503211633152        16.000000000000000        4.5603438772777309     
           1         297   3.3818689341950581        16.000000000000000        4.5603446152052127     
           1         298   3.3158696001994001        16.000000000000000        4.5608329078388028     
           1         299   3.2771191502849537        16.000000000000000        4.5608316159718800     
           1         300   3.3408617487416077        16.000000000000000        4.5608336073460123     
           1         301   3.3506100931182483        16.000000000000000        4.5608329078388028     
           1         302   3.3901533990021164        16.000000000000000        4.5599039119473357     
           1         303   8.4167356184830062        16.000000000000000        4.7831108732630323     
           1         304   3.4122358846410772        16.000000000000000        4.5608337095817282     
           1         305   3.4202593767012930        16.000000000000000        4.5611197622509110     
           1         306   3.3421447548098273        16.000000000000000        4.5603418857095184     
           1         307   3.3569018406579381        16.000000000000000        4.5599006688743735     
           1         308   3.3777990961143880        16.000000000000000        4.5599012695024976     
           1         309   3.2920783233033468        16.000000000000000        4.5599011822121724     
           1         310   3.3727987802945458        16.000000000000000        4.5600011036274397     
           1         311   3.2977897079182878        16.000000000000000        4.5608322446807170     
           1         312   3.2757528459013661        16.000000000000000        4.5598522182992882     
           1         313   3.3138493618434826        16.000000000000000        4.5600983362041099     
           1         314   3.3303734314975877        16.000000000000000        4.5599024743183136     
           1         315   3.3880576805942741        16.000000000000000        4.5598542100616557     
           1         316   3.3307042881643185        16.000000000000000        4.5599018110374674     
           1         317   3.3409245065147379        16.000000000000000        4.5608336073460123     
           1         318   3.2840816299974285        16.000000000000000        4.5609540583590569     
           1         319   3.3908922313353842        16.000000000000000        4.5600990358136251     
           1         320   3.2859253455713544        16.000000000000000        4.5602194629648647     
           1         321   10.307010207463867        16.000000000000000        5.2370552647971547     
           1         322   3.3392498130095136        16.000000000000000        4.5608336073460123     
           1         323   12.007070827569930        16.000000000000000        5.2389174840812016     
           1         324   3.4555888571172173        16.000000000000000        4.5600019493959580     
           1         325   3.3594874954794265        16.000000000000000        4.5609547790537430     
           1         326   3.4039880215045621        16.000000000000000        4.5609567875223211     
           1         327   3.3513947073733834        16.000000000000000        4.5600011036274397     
           1         328   3.2656163395436950        16.000000000000000        4.5602188668351324     
           1         329   3.3632855525199656        16.000000000000000        4.5600990358136251     
           1         330   3.3971125153481094        16.000000000000000        4.5600991380498517     
           1         331   3.2682351199187232        16.000000000000000        4.5599005860446917     
           1         332   8.2933364328750763        16.000000000000000        4.7837523939847761     
           1         333   10.370160445750702        16.000000000000000        5.2374754045551724     
           1         334   3.2905794582788017        16.000000000000000        4.5602200917503204     
           1         335   3.3640754303694145        16.000000000000000        4.5602214545816224     
           1         336   11.758788406826145        16.000000000000000        5.2388361410331798     
           1         337   3.2886827209115386        16.000000000000000        4.5600970441483408     
           1         338   10.490944528542363        16.000000000000000        5.2376165889263335     
           1         339   3.3382514321954835        16.000000000000000        4.5603438772777309     
           1         340   3.6145779756599188        16.000000000000000        4.5612176710048589     
           1         341   3.3680993402250450        16.000000000000000        4.5608343452016431     
           1         342   3.3386865941782884        16.000000000000000        4.5602214545816224     
           1         343   11.978059604980155        16.000000000000000        5.2399885096073051     
           1         344   3.2686755217724572        16.000000000000000        4.5603412895942910     
           1         345   3.3020417460136109        16.000000000000000        4.5602200917503204     
           1         346   3.3005479118124428        16.000000000000000        4.5603425144796308     
           1         347   3.2554950731362897        16.000000000000000        4.5609534623164860     
           1         348   3.2741081399640124        16.000000000000000        4.5598516221259837     
           1         349   3.3144618519291713        16.000000000000000        4.5600983362041099     
           1         350   3.2590400782804654        16.000000000000000        4.5602188668351324     
           1         351   3.3867440130993751        16.000000000000000        4.5600997737770728     
           1         352   3.3511357221074070        16.000000000000000        4.5603431777023129     
           1         353   10.220900282160100        16.000000000000000        5.2371092106884394     
           1         354   3.3003613403907353        16.000000000000000        4.5599997407363517     
           1         355   3.3297967204882317        16.000000000000000        4.5608329078388028     
           1         356   10.431334461849978        16.000000000000000        5.2371113828250753     
           1         357   10.438755279948806        16.000000000000000        5.2381794151492107     
           1         358   3.3248686415988056        16.000000000000000        4.5599024743183136     
           1         359   3.3775728626355392        16.000000000000000        4.5608343452016431     
           1         360   3.3443843833022608        16.000000000000000        4.5600011036274397     
           1         361   3.3064049962567572        16.000000000000000        4.5602200917503204     
           1         362   3.3852247483437083        16.000000000000000        4.5603446152052127     
           1         363   3.2959636112330526        16.000000000000000        4.5599018110374674     
           1         364   3.3180584990640245        16.000000000000000        4.5608329078388028     
           1         365   8.1164504071185934        16.000000000000000        4.7831086522066704     
           1         366   3.3385055436728397        16.000000000000000        4.5598542100616557     
           1         367   10.401964774224291        16.000000000000000        5.2381771046903234     
           1         368   3.3421255916035695        16.000000000000000        4.5598535104180300     
           1         369   3.3902219552439088        16.000000000000000        4.5603426064812176     
           1         370   3.4396969794083057        16.000000000000000        4.5609561519202755     
           1         371   3.3062221197029955        16.000000000000000        4.5609540583590569     
           1         372   10.473695209864308        16.000000000000000        5.2374769722599348     
           1         373   3.3861133338972564        16.000000000000000        4.5603446152052127     
           1         374   3.3533634377564772        16.000000000000000        4.5608336073460123     
           1         375   3.2611810026822381        16.000000000000000        4.5599005860446917     
           1         376   3.4358929280795083        16.000000000000000        4.5603447229956711     
           1         377   3.4005712050042325        16.000000000000000        4.5598543122980466     
           1         378   3.3687207429637143        16.000000000000000        4.5609567875223211     
           1         379   3.2798764035017975        16.000000000000000        4.5609540583590569     
           1         380   3.3575191017347890        16.000000000000000        4.5608311027438857     
           1         381   3.5193441386042101        16.000000000000000        4.5602223003176148     
           1         382   3.4289082773891630        16.000000000000000        4.5609554471725584     
           1         383   3.6474466485308978        16.000000000000000        4.5622850633265735     
           1         384   3.7588441637239365        16.000000000000000        4.5613548907822716     
           1         385   7.2317195429144308        16.000000000000000        2.8756499441453602     
           1         386   10.394939186099451        16.000000000000000        5.2371113828250753     
           1         387   3.3358447734416266        16.000000000000000        4.5600004040042625     
           1         388   3.5215055686945185        16.000000000000000        4.5621838437871984     
           1         389   7.9858989673209271        16.000000000000000        4.7827492854692073     
           1         390   3.3503025409623901        16.000000000000000        4.5609560496846431     
           1         391   3.2796389674167816        16.000000000000000        4.5608310199148177     
           1         392   11.959517372280850        16.000000000000000        5.2385152826483141     
           1         393   3.3846769401443395        16.000000000000000        4.5608343452016431     
           1         394   3.3661190421461420        16.000000000000000        4.5598549480610489     
           1         395   9.5121186848829176        16.000000000000000        4.7840334666785820     
           1         396   3.6666771617338374        16.000000000000000        4.5622593641318270     
           1         397   3.2815987780988363        16.000000000000000        4.5600970441483408     
           1         398   10.352693849749473        16.000000000000000        5.2381777617087470     
           1         399   3.3999742811283014        16.000000000000000        4.5598549480610489     
           1         400   3.3358184517732257        16.000000000000000        4.5608329078388028     
           1         401   3.3003205599568251        16.000000000000000        4.5602200917503204     
           1         402   3.3687754005699140        16.000000000000000        4.5608336073460123     
           1         403   3.4199631396657280        16.000000000000000        4.5608337095817282     
           1         404   11.709705086189560        16.000000000000000        5.2386726359874469     
           1         405   3.2601231589543698        16.000000000000000        4.5602188668351324     
           1         406   3.3004574567172713        16.000000000000000        4.5599997407363517     
           1         407   3.3940912272540875        16.000000000000000        4.5609554471725584     
           1         408   11.893179976163577        16.000000000000000        5.2386238776215688     
           1         409   3.3392682293680642        16.000000000000000        4.5600983362041099     
           1         410   3.4449655814832596        16.000000000000000        4.5603447229956711     
           1         411   3.3554291318873948        16.000000000000000        4.5600977649508607     
           2           1   3.2965357488431581        17.000000000000000        5.0637522800055637     
           2           2   3.4100709852710893        17.000000000000000        5.0624207114284916     
           2           3   3.3415852279937153        17.000000000000000        5.0626933574016251     
           2           4   3.3754173470234115        17.000000000000000        5.0625585468093153     
           2           5   3.3908492671988162        17.000000000000000        5.0628808392349338     
           2           6   3.3950873885711603        17.000000000000000        5.0625622838754838     
           2           7   3.3261778048712944        17.000000000000000        5.0623394227337180     
           2           8   16.058866219871579        17.000000000000000        9.2296525431397587     
           2           9   3.3563202227535389        17.000000000000000        5.0628771023557624     
           2          10   3.3042324680184119        17.000000000000000        5.0624071472483898     
           2          11   3.3982019195917803        17.000000000000000        5.0630578248177445     
           2          12   7.9728710248640997        17.000000000000000        5.3281861744626475     
           2          13   3.2927710641235253        17.000000000000000        5.0626902974919545     
           2          14   3.2921519923358122        17.000000000000000        5.0623334996917571     
           2          15   3.2873510396676329        17.000000000000000        5.0630442619949747     
           2          16   3.4139881235544802        17.000000000000000        5.0639428639903823     
           2          17   3.3156452005145565        17.000000000000000        5.0628703358597580     
           2          18   3.2994644485902755        17.000000000000000        5.0630442619949747     
           2          19   3.2949184698508480        17.000000000000000        5.0639293030526042     
           2          20   3.3101165120845333        17.000000000000000        5.0639323623667813     
           2          21   3.2691738864418438        17.000000000000000        5.0623334996917571     
           2          22   3.3424821016990709        17.000000000000000        5.0639356323914999     
           2          23   3.3152212557003891        17.000000000000000        5.0637522800055637     
           2          24   3.4163278455138952        17.000000000000000        5.0627038610687860     
           2          25   3.3077449326592423        16.000000000000000        5.0623394227337180     
           2          26   3.3298200439361128        16.000000000000000        5.0637586095204234     
           2          27   3.4674749781894194        16.000000000000000        5.0638731156848902     
           2          28   3.3009168564433558        16.000000000000000        5.0625458571304227     
           2          29   3.3778346896672389        16.000000000000000        5.0639391277343284     
           2          30   13.360952885239310        16.000000000000000        6.8941071359352764     
           2          31   57.982300100427729        16.000000000000000        55.599815232732858     
           2          32   3.3487535797476640        16.000000000000000        5.0637586095204234     
           2          33   3.3173304248885871        16.000000000000000        5.0628672760351456     
           2          34   3.2714442058063042        16.000000000000000        5.0628644133118446     
           2          35   3.3885336482400490        16.000000000000000        5.0628771023557624     
           2          36   3.3396767020767677        16.000000000000000        5.0624134781007468     
           2          37   3.3952543094741880        16.000000000000000        5.0630578248177445     
           2          38   3.3838553374774052        16.000000000000000        5.0627001240857137     
           2          39   3.3346769273220711        16.000000000000000        5.0637586095204234     
           2          40   3.3758936830893282        16.000000000000000        5.0630540880424224     
           2          41   3.3717782378183010        16.000000000000000        5.0628771023557624     
           2          42   3.3317620252326963        16.000000000000000        5.0624134781007468     
           2          43   3.2826964792083100        16.000000000000000        5.0628644133118446     
           2          44   3.2711334177156899        16.000000000000000        5.0624042843180987     
           2          45   3.4770511934996420        16.000000000000000        5.0624208600834661     
           2          46   3.3390664047300955        16.000000000000000        5.0637553394048025     
           2          47   83.949593390342926        16.000000000000000        79.837973816464142     
           2          48   3.3195342127048253        16.000000000000000        5.0625487199970003     
           2          49   57.959269991428357        16.000000000000000        56.755281690539007     
           2          50   13.554132446108516        16.000000000000000        6.4399318285740819     
           2          51   3.3904509340216826        16.000000000000000        5.0639428639903823     
           2          52   3.4501055268152863        16.000000000000000        5.0628772418137284     
           2          53   3.2710758163343230        16.000000000000000        5.0624042843180987     
           2          54   3.3352997561304272        16.000000000000000        5.0630505922137674     
           2          55   3.3774042900152774        16.000000000000000        5.0639356323914999     
           2          56   3.4622293304955334        16.000000000000000        5.0640501355462764     
           2          57   3.3571220168711196        16.000000000000000        5.0623461897940079     
           2          58   3.3693217447355326        16.000000000000000        5.0630473217345031     
           2          59   3.4017571021357305        16.000000000000000        5.0637658413203148     
           2          60   3.3995982766310013        16.000000000000000        5.0627038610687860     
           2          61   85.983918259496818        16.000000000000000        82.443847455338329     
           2          62   3.3771730509080400        16.000000000000000        5.0639323623667813     
           2          63   3.3877584101048974        16.000000000000000        5.0624207114284916     
           2          64   3.3580461552195358        16.000000000000000        5.0625585468093153     
           2          65   3.3031439637797830        16.000000000000000        5.0625458571304227     
           2          66   10.147660560990408        16.000000000000000        6.3535715658920751     
           2          67   3.3883524429231286        16.000000000000000        5.0637658413203148     
           2          68   3.3862339296181165        16.000000000000000        5.0623499269848189     
           2          69   3.3338688956379214        16.000000000000000        5.0624072625208356     
           2          70   3.3497558897895399        16.000000000000000        5.0628736064299398     
           2          71   3.3368844389974592        16.000000000000000        5.0637586095204234     
           2          72   3.3650437305428342        16.000000000000000        5.0627001240857137     
           2          73   3.4002435246210974        16.000000000000000        5.0628808392349338     
           2          74   3.2899210471336451        16.000000000000000        5.0628672760351456     
           2          75   3.3868769582812241        16.000000000000000        5.0623426935766522     
           2          76   3.2915952367228223        16.000000000000000        5.0630442619949747     
           2          77   3.3124829490126118        16.000000000000000        5.0625517799747337     
           2          78   3.3669295623480364        16.000000000000000        5.0625585468093153     
           2          79   3.4038790553974771        16.000000000000000        5.0625622838754838     
           2          80   11.362187570324030        16.000000000000000        6.4406507101116128     
           2          81   3.2895395276684805        16.000000000000000        5.0639293030526042     
           2          82   3.3066516553448584        16.000000000000000        5.0624071472483898     
           2          83   3.3623059832155726        16.000000000000000        5.0624102072941826     
           2          84   3.3490149470730928        16.000000000000000        5.0624102072941826     
           2          85   11.956771800818959        16.000000000000000        6.4406624487742663     
           2          86   3.3469454303870054        16.000000000000000        5.0637523952763033     
           2          87   3.3106972968360200        16.000000000000000        5.0628672760351456     
           2          88   10.588003731498288        16.000000000000000        6.3542116776282356     
           2          89   3.3166738876106430        16.000000000000000        5.0624102072941826     
           2          90   3.4113696786615337        16.000000000000000        5.0625622838754838     
           2          91   3.4591240160063181        16.000000000000000        5.0625586862677174     
           2          92   3.2868736292710188        16.000000000000000        5.0626902974919545     
           2          93   3.3107462689268812        16.000000000000000        5.0630473217345031     
           2          94   3.3603249829287951        16.000000000000000        5.0630540880424224     
           2          95   3.3599760968620078        16.000000000000000        5.0639265490278351     
           2          96   8.1312405090857176        16.000000000000000        5.3278645616441533     
           2          97   3.2807081187992924        16.000000000000000        5.0639264408068199     
           2          98   3.4123494803485985        16.000000000000000        5.0624171137378298     
           2          99   3.3384347326737638        16.000000000000000        5.0630505922137674     
           2         100   3.3619955898197751        16.000000000000000        5.0628771023557624     
           2         101   3.3127521298839069        16.000000000000000        5.0626874346890389     
           2         102   3.3594522437771737        16.000000000000000        5.0628673913070115     
           2         103   3.3105858443398022        16.000000000000000        5.0628703358597580     
           2         104   3.2718515350699948        16.000000000000000        5.0630413993512819     
           2         105   3.3601955385600797        16.000000000000000        5.0639391277343284     
           2         106   3.3735823811927523        16.000000000000000        5.0624169742792349     
           2         107   3.8515155384375626        16.000000000000000        5.0640501355462764     
           2         108   3.3733229800008266        16.000000000000000        5.0626967589173653     
           2         109   3.3370500160749130        16.000000000000000        5.0639356323914999     
           2         110   3.3846179807124366        16.000000000000000        5.0628736064299398     
           2         111   3.3221276210751460        16.000000000000000        5.0628703358597580     
           2         112   3.2904181806045165        16.000000000000000        5.0628672760351456     
           2         113   3.2941695320330937        16.000000000000000        5.0639293030526042     
           2         114   8.2579818444442683        16.000000000000000        5.3277156919405284     
           2         115   3.3425057163182981        16.000000000000000        5.0625488352692729     
           2         116   3.5887903739129285        16.000000000000000        5.0638996951964543     
           2         117   10.790914162028214        16.000000000000000        5.8194320576863801     
           2         118   11.957913285180906        16.000000000000000        6.3539377386881437     
           2         119   12.643670816258201        16.000000000000000        6.4390157230864924     
           2         120   3.3554235658444336        16.000000000000000        5.0628771023557624     
           2         121   3.5767425510383775        16.000000000000000        5.0640584291975292     
           2         122   3.4165903366648758        16.000000000000000        5.0637658413203148     
           2         123   3.3368631673857911        16.000000000000000        5.0624134781007468     
           2         124   3.3697511779804588        16.000000000000000        5.0624169742792349     
           2         125   3.3965417685306667        16.000000000000000        5.0623428244317639     
           2         126   3.4247453437424356        16.000000000000000        5.0630542275001362     
           2         127   14.772401637160858        16.000000000000000        9.2858292554859716     
           2         128   3.3667906067629443        16.000000000000000        5.0625585468093153     
           2         129   3.3011014723963106        16.000000000000000        5.0626902974919545     
           2         130   3.2747692452281099        16.000000000000000        5.0628644133118446     
           2         131   3.2910777683248855        16.000000000000000        5.0623363626538769     
           2         132   21.950233916493328        16.000000000000000        10.570786024846663     
           2         133   198.07422478058780        16.000000000000000        191.35511239526525     
           2         134   3.2886916304821106        16.000000000000000        5.0628672760351456     
           2         135   3.3134573892201824        16.000000000000000        5.0625517799747337     
           2         136   83.353702322800203        16.000000000000000        78.937983490578986     
           2         137   3.2967498963481945        16.000000000000000        5.0626902974919545     
           2         138   3.2693766158440680        16.000000000000000        5.0630413993512819     
           2         139   3.3551143307618108        16.000000000000000        5.0637586095204234     
           2         140   8.0035134445473357        16.000000000000000        5.3281891890621278     
           2         141   139.23015407423404        16.000000000000000        129.00681518470651     
           2         142   283.99656609852445        16.000000000000000        275.02369690566280     
           2         143   3.3694156856598796        16.000000000000000        5.0630505922137674     
           2         144   3.2961633730928428        16.000000000000000        5.0637522800055637     
           2         145   3.3445368635260539        16.000000000000000        5.0625550507085775     
           2         146   3.9995571076680010        16.000000000000000        5.0640672763508290     
           2         147   3.2876101346351918        16.000000000000000        5.0625487199970003     
           2         148   3.7029104476168389        16.000000000000000        5.0629964231393982     
           2         149   3.7074996754745895        16.000000000000000        5.0629964231393982     
           2         150   197.72867799445217        16.000000000000000        187.90753277212238     
           2         151   257.43796851061336        16.000000000000000        249.08617651616899     
           2         152   3.2724445656026213        16.000000000000000        5.0639264408068199     
           2         153   3.3721729954418489        16.000000000000000        5.0627001240857137     
           2         154   3.7533476170809119        16.000000000000000        5.0630247822135681     
           2         155   3.2868327592639122        16.000000000000000        5.0628644133118446     
           2         156   3.3935215604162363        16.000000000000000        5.0637621049604071     
           2         157   3.3227280817480125        16.000000000000000        5.0624102072941826     
           2         158   10.212721312699085        16.000000000000000        6.3533097193906771     
           2         159   3.5968793305651690        16.000000000000000        5.0624838112096100     
           2         160   3.3558980572268577        16.000000000000000        5.0623426935766522     
           2         161   10.317932256287802        16.000000000000000        6.3553047701721033     
           2         162   10.387765094007870        16.000000000000000        6.3537559955463001     
           2         163   3.2704161910163458        16.000000000000000        5.0628644133118446     
           2         164   3.3862188592396505        16.000000000000000        5.0623499269848189     
           2         165   3.7189513781603654        16.000000000000000        5.0639097634695940     
           2         166   3.2769266252482505        16.000000000000000        5.0637494176801852     
           2         167   3.2861275043724865        16.000000000000000        5.0625458571304227     
           2         168   3.3497878623270112        16.000000000000000        5.0637586095204234     
           2         169   3.3792908461953899        16.000000000000000        5.0639391277343284     
           2         170   8.1162686645906970        16.000000000000000        5.3278575651286353     
           2         171   3.7385003719842689        16.000000000000000        5.0628585512595619     
           2         172   3.5647163056487656        16.000000000000000        5.0626695773455381     
           2         173   3.3617491016441412        16.000000000000000        5.0625550507085775     
           2         174   3.6912134389385094        16.000000000000000        5.0630355248611982     
           2         175   10.605651116957343        16.000000000000000        6.3550967086407795     
           2         176   57.989070449908951        16.000000000000000        57.096047750091202     
           2         177   3.5490382338077300        16.000000000000000        5.0629964231393982     
           2         178   3.3285444106326576        16.000000000000000        5.0625517799747337     
           2         179   3.4347080613733829        16.000000000000000        5.0630578248177445     
           2         180   10.339664454645373        16.000000000000000        6.3535790214534664     
           2         181   10.495252759258262        16.000000000000000        6.3550876053925016     
           2         182   7.9311962179427047        16.000000000000000        5.3276278956067564     
           2         183   3.3594039612978031        16.000000000000000        5.0630540880424224     
           2         184   3.3713405278734285        16.000000000000000        5.0627001240857137     
           2         185   3.4649095128698764        16.000000000000000        5.0637659899733736     
           2         186   3.4316509019083523        16.000000000000000        5.0625586862677174     
           2         187   3.2902247436204934        16.000000000000000        5.0624071472483898     
           2         188   3.5246738159693516        16.000000000000000        5.0638814096431242     
           2         189   3.3707022537164062        16.000000000000000        5.0625585468093153     
           2         190   3.3128127755593173        16.000000000000000        5.0623394227337180     
           2         191   3.3714615693002483        16.000000000000000        5.0628771023557624     
           2         192   3.3238341606193580        16.000000000000000        5.0623336079147228     
           2         193   3.3652055994434869        16.000000000000000        5.0630474445388201     
           2         194   4.3985778703773075        16.000000000000000        5.0628377377047205     
           2         195   10.598381284274653        16.000000000000000        6.3542116776282356     
           2         196   3.3663013382017879        16.000000000000000        5.0628736064299398     
           2         197   3.5138109811560136        16.000000000000000        5.0629964231393982     
           2         198   3.2773155124653246        16.000000000000000        5.0623334996917571     
           2         199   3.3550823710450421        16.000000000000000        5.0625585468093153     
           2         200   3.3796623572751248        16.000000000000000        5.0639391277343284     
           2         201   8.3068512297297659        16.000000000000000        5.3278684969729557     
           2         202   3.2902784409956332        16.000000000000000        5.0639264408068199     
           2         203   3.3654023588137090        16.000000000000000        5.0639356323914999     
           2         204   3.2691292569205164        16.000000000000000        5.0630413993512819     
           2         205   3.2985171783199876        16.000000000000000        5.0637522800055637     
           2         206   3.2998300005425860        16.000000000000000        5.0639293030526042     
           2         207   3.3049182476860084        16.000000000000000        5.0637522800055637     
           2         208   3.3085062554942790        16.000000000000000        5.0637494176801852     
           2         209   3.3637288810605019        16.000000000000000        5.0628703358597580     
           2         210   3.3178152561430494        16.000000000000000        5.0626933574016251     
           2         211   3.3274863243932904        16.000000000000000        5.0628703358597580     
           2         212   3.5200563289650439        16.000000000000000        5.0625363034379607     
           2         213   10.397480609172089        16.000000000000000        6.3553047701721033     
           2         214   3.3634149244952716        16.000000000000000        5.0628771023557624     
           2         215   3.3863015431177566        16.000000000000000        5.0627038610687860     
           2         216   3.3408026707111977        16.000000000000000        5.0637586095204234     
           2         217   10.418960062226981        16.000000000000000        6.3542025733678180     
           2         218   3.3698379423873441        16.000000000000000        5.0625585468093153     
           2         219   141.91089965860664        16.000000000000000        134.45803743113152     
           2         220   3.3100998940843320        16.000000000000000        5.0630473217345031     
           2         221   334.07826701529314        16.000000000000000        322.95911399961147     
           2         222   3.2719309213080670        16.000000000000000        5.0628644133118446     
           2         223   3.2766391011918063        16.000000000000000        5.0624042843180987     
           2         224   362.21857685994206        16.000000000000000        356.51313517731558     
           2         225   4.5914783441235096        16.000000000000000        5.0627169777180638     
           2         226   558.07865349119641        16.000000000000000        541.17407553148746     
           2         227   4.4807179144489409        16.000000000000000        5.0630355248611982     
           2         228   10.618891597047451        16.000000000000000        6.3534152756504065     
           2         229   10.702220662720656        16.000000000000000        6.3534154627744703     
           2         230   389.51892056572473        16.000000000000000        373.63284088078046     
           2         231   3.2886166831979087        16.000000000000000        5.0625458571304227     
           2         232   3.3923453657679952        16.000000000000000        5.0637658413203148     
           2         233   3.3594198968956372        16.000000000000000        5.0627001240857137     
           2         234   3.3565481287842496        16.000000000000000        5.0637621049604071     
           2         235   3.3594797997875023        16.000000000000000        5.0639356323914999     
           2         236   3.3604986344592489        16.000000000000000        5.0627001240857137     
           2         237   10.668879573885675        16.000000000000000        6.3533267939055431     
           2         238   3.3857078970276215        16.000000000000000        5.0623461897940079     
           2         239   3.3393852607915844        16.000000000000000        5.0628703358597580     
           2         240   3.3159731807509414        16.000000000000000        5.0624071472483898     
           2         241   10.451844770057834        16.000000000000000        6.3553132862846224     
           2         242   3.4203227220274686        16.000000000000000        5.0625622838754838     
           2         243   3.6603109395963189        16.000000000000000        5.0628111522905748     
           2         244   3.3048304503729793        16.000000000000000        5.0637522800055637     
           2         245   725.88334967407343        16.000000000000000        700.85136410277096     
           2         246   13.359979208830945        16.000000000000000        6.3552317435511094     
           2         247   3.3229195836000791        16.000000000000000        5.0625517799747337     
           2         248   8.1318367727911571        16.000000000000000        5.3277120102791118     
           2         249   3.2785672615806352        16.000000000000000        5.0628644133118446     
           2         250   3.3024643417312372        16.000000000000000        5.0623363626538769     
           2         251   3.3331911218931971        16.000000000000000        5.0630505922137674     
           2         252   779.25720972195597        16.000000000000000        750.19762239550323     
           2         253   3.3631448044072854        16.000000000000000        5.0639356323914999     
           2         254   3.3500820609444872        16.000000000000000        5.0623394227337180     
           2         255   3.3243093945441577        16.000000000000000        5.0628703358597580     
           2         256   3.4131458510411079        16.000000000000000        5.0623499269848189     
           2         257   3.3306741985986901        16.000000000000000        5.0630505922137674     
           2         258   3.3624760344589033        16.000000000000000        5.0625585468093153     
           2         259   3.6827705058171425        16.000000000000000        5.0625363034379607     
           2         260   10.662852558587511        16.000000000000000        6.3534152756504065     
           2         261   3.3716636917680414        16.000000000000000        5.0628771023557624     
           2         262   3.4374627445132493        16.000000000000000        5.0624103300993326     
           2         263   14.663797024279797        16.000000000000000        9.3899522333114103     
           2         264   3.4528636084919073        16.000000000000000        5.0637658413203148     
           2         265   27.482056095469563        16.000000000000000        26.595562052715430     
           2         266   3.3016758116610334        16.000000000000000        5.0630442619949747     
           2         267   3.3722191661307854        16.000000000000000        5.0624169742792349     
           2         268   3.3008584724700207        16.000000000000000        5.0630413993512819     
           2         269   10.432103660255407        16.000000000000000        6.3534105714000830     
           2         270   3.4568360360391130        16.000000000000000        5.0625622838754838     
           2         271   3.3727651961022498        16.000000000000000        5.0637586095204234     
           2         272   3.3060467801871196        16.000000000000000        5.0628645215341628     
           2         273   3.3064871955347734        16.000000000000000        5.0625517799747337     
           2         274   8.2243856763014218        16.000000000000000        5.3291301553551680     
           2         275   3.3365264623759812        16.000000000000000        5.0625550507085775     
           2         276   3.2940295018275374        16.000000000000000        5.0628672760351456     
           2         277   3.7334554037979233        16.000000000000000        5.0628478082141530     
           2         278   3.4308041830035907        16.000000000000000        5.0628808392349338     
           2         279   3.3573026592307049        16.000000000000000        5.0628673913070115     
           2         280   3.3655491473460373        16.000000000000000        5.0639391277343284     
           2         281   3.3887906443895646        16.000000000000000        5.0625622838754838     
           2         282   3.3425604733346037        16.000000000000000        5.0625550507085775     
           2         283   14.262639336253471        16.000000000000000        6.3536041994834056     
           2         284   3.3337961754902743        16.000000000000000        5.0628736064299398     
           2         285   3.3354659983062542        16.000000000000000        5.0639356323914999     
           2         286   3.3425586082567711        16.000000000000000        5.0625550507085775     
           2         287   3.3086734904603787        16.000000000000000        5.0639293030526042     
           2         288   3.3457408106198807        16.000000000000000        5.0624134781007468     
           2         289   3.3087141517128131        16.000000000000000        5.0624102072941826     
           2         290   3.3879374365555179        16.000000000000000        5.0625550507085775     
           2         291   3.2986769628826464        16.000000000000000        5.0624042843180987     
           2         292   3.4027274451247922        16.000000000000000        5.0623499269848189     
           2         293   3.5920293910253442        16.000000000000000        5.0629964231393982     
           2         294   3.3280269524147794        16.000000000000000        5.0626966280627315     
           2         295   3.4021217703066307        16.000000000000000        5.0628808392349338     
           2         296   3.3230020824563438        16.000000000000000        5.0624071472483898     
           2         297   3.2798267949584150        16.000000000000000        5.0626874346890389     
           2         298   3.3078051485461892        16.000000000000000        5.0623394227337180     
           2         299   3.3612512466154878        16.000000000000000        5.0627001240857137     
           2         300   3.3863423357993385        16.000000000000000        5.0625622838754838     
           2         301   3.4271766951349862        16.000000000000000        5.0639428639903823     
           2         302   3.3061491926531557        16.000000000000000        5.0637522800055637     
           2         303   8.2154304824031765        16.000000000000000        5.3276342622046071     
           2         304   3.3469773989655844        16.000000000000000        5.0630443772666087     
           2         305   3.5540858550918815        16.000000000000000        5.0624938824646630     
           2         306   3.3573468486273805        16.000000000000000        5.0637522800055637     
           2         307   3.4860909536828166        16.000000000000000        5.0639392671908254     
           2         308   3.4482093343257874        16.000000000000000        5.0624136089557767     
           2         309   3.2897943472599565        16.000000000000000        5.0623334996917571     
           2         310   3.3170876186031788        16.000000000000000        5.0637522800055637     
           2         311   3.3929058431401344        16.000000000000000        5.0628808392349338     
           2         312   3.3922480006413882        16.000000000000000        5.0624207114284916     
           2         313   3.2707406351513622        16.000000000000000        5.0625458571304227     
           2         314   3.3242893909430808        16.000000000000000        5.0630473217345031     
           2         315   3.3505688461081720        16.000000000000000        5.0625517799747337     
           2         316   3.3055394396935025        16.000000000000000        5.0623334996917571     
           2         317   3.2725934711243125        16.000000000000000        5.0639264408068199     
           2         318   3.3423234478552026        16.000000000000000        5.0628736064299398     
           2         319   3.3518540611099752        16.000000000000000        5.0623394227337180     
           2         320   3.3731887391947741        16.000000000000000        5.0628771023557624     
           2         321   10.225669058262573        16.000000000000000        6.3539733697990819     
           2         322   3.3554913523814003        16.000000000000000        5.0630540880424224     
           2         323   11.792205814251268        16.000000000000000        6.3535130707489138     
           2         324   3.4350051147066578        16.000000000000000        5.0625586862677174     
           2         325   3.4005093964744897        16.000000000000000        5.0637587403736255     
           2         326   3.4181207794313124        16.000000000000000        5.0623499269848189     
           2         327   3.2975413732533725        16.000000000000000        5.0623363626538769     
           2         328   3.2986880986254050        16.000000000000000        5.0624071472483898     
           2         329   3.3793104778885334        16.000000000000000        5.0624169742792349     
           2         330   3.3838503958035475        16.000000000000000        5.0628737372843355     
           2         331   3.4067263141496031        16.000000000000000        5.0637658413203148     
           2         332   8.0131076708552254        16.000000000000000        5.3281861744626475     
           2         333   10.414694730363403        16.000000000000000        6.3535790214534664     
           2         334   3.2720481067692440        16.000000000000000        5.0639264408068199     
           2         335   3.4120969251608035        16.000000000000000        5.0628808392349338     
           2         336   12.107251234789654        16.000000000000000        6.3537734456461692     
           2         337   3.2885093633738998        16.000000000000000        5.0637494176801852     
           2         338   10.631581865599404        16.000000000000000        6.3542071493952959     
           2         339   3.3309312588270479        16.000000000000000        5.0639356323914999     
           2         340   3.6545283311551664        16.000000000000000        5.0628194480903446     
           2         341   3.3559178451314917        16.000000000000000        5.0637621049604071     
           2         342   3.3551783585572439        16.000000000000000        5.0623461897940079     
           2         343   11.992414613881717        16.000000000000000        6.3555126702259894     
           2         344   3.3738495272664908        16.000000000000000        5.0630540880424224     
           2         345   3.2796356405618496        16.000000000000000        5.0623334996917571     
           2         346   3.3399833864243731        16.000000000000000        5.0628736064299398     
           2         347   3.3071101219756676        16.000000000000000        5.0628703358597580     
           2         348   3.4124293082221588        16.000000000000000        5.0627038610687860     
           2         349   3.2712619859125911        16.000000000000000        5.0625458571304227     
           2         350   3.3614841235418766        16.000000000000000        5.0624169742792349     
           2         351   3.2857456147784196        16.000000000000000        5.0639264408068199     
           2         352   3.4290569476322714        16.000000000000000        5.0639428639903823     
           2         353   10.481505608229680        16.000000000000000        6.3553088864153686     
           2         354   3.3673300017972054        16.000000000000000        5.0628771023557624     
           2         355   3.3441722604732695        16.000000000000000        5.0624134781007468     
           2         356   10.409097731189672        16.000000000000000        6.3553047701721033     
           2         357   10.314779171031409        16.000000000000000        6.3535831385893431     
           2         358   3.2981933581410776        16.000000000000000        5.0626902974919545     
           2         359   3.2751721915058738        16.000000000000000        5.0623334996917571     
           2         360   3.3636754250541494        16.000000000000000        5.0639391277343284     
           2         361   3.4041574494629061        16.000000000000000        5.0627038610687860     
           2         362   3.3202742265945804        16.000000000000000        5.0625517799747337     
           2         363   3.3355915452802809        16.000000000000000        5.0624134781007468     
           2         364   3.2725076261018353        16.000000000000000        5.0623334996917571     
           2         365   8.2145507019562611        16.000000000000000        5.3278610178616832     
           2         366   3.3296590410590836        16.000000000000000        5.0623426935766522     
           2         367   10.524463760048118        16.000000000000000        6.3535833033069267     
           2         368   3.3885477632732250        16.000000000000000        5.0639391277343284     
           2         369   3.4064745101774498        16.000000000000000        5.0639324851699392     
           2         370   3.3478774595002481        16.000000000000000        5.0630415075733870     
           2         371   3.3662635129684451        16.000000000000000        5.0628736064299398     
           2         372   10.291987783327659        16.000000000000000        6.3533982013254056     
           2         373   3.4029778030173086        16.000000000000000        5.0628808392349338     
           2         374   3.3686265846862353        16.000000000000000        5.0627001240857137     
           2         375   3.3652115030685112        16.000000000000000        5.0625585468093153     
           2         376   3.3392961323118806        16.000000000000000        5.0625488352692729     
           2         377   3.4508459445468476        16.000000000000000        5.0628809878892485     
           2         378   3.3861690816711829        16.000000000000000        5.0637658413203148     
           2         379   3.3942650014852842        16.000000000000000        5.0624207114284916     
           2         380   3.4820843026451240        16.000000000000000        5.0625586862677174     
           2         381   3.5349388826433978        16.000000000000000        5.0630579734718175     
           2         382   3.3879168821754773        16.000000000000000        5.0628673913070115     
           2         383   3.4796197710090282        16.000000000000000        5.0625280071469696     
           2         384   3.6351846611932066        16.000000000000000        5.0640672763508290     
           2         385   6.9155604263966426        16.000000000000000        2.8832096507638596     
           2         386   10.632434651137928        16.000000000000000        6.3533267939055431     
           2         387   3.3287467862457341        16.000000000000000        5.0628703358597580     
           2         388   3.5700552406234909        16.000000000000000        5.0640867819747193     
           2         389   7.9758510810055254        16.000000000000000        5.3276309104576702     
           2         390   3.3954176623513410        16.000000000000000        5.0623499269848189     
           2         391   3.2956593454921070        16.000000000000000        5.0639264408068199     
           2         392   12.418185702016574        16.000000000000000        6.3541314918447274     
           2         393   3.4005242921135728        16.000000000000000        5.0628808392349338     
           2         394   3.3289741416435148        16.000000000000000        5.0630505922137674     
           2         395   10.231317142688322        16.000000000000000        5.3283331084790859     
           2         396   3.6298045135540464        16.000000000000000        5.0640584291975292     
           2         397   3.4007198985677549        16.000000000000000        5.0637658413203148     
           2         398   10.396970837848608        16.000000000000000        6.3535831385893431     
           2         399   3.3122287429496815        16.000000000000000        5.0625487199970003     
           2         400   3.2877946606459094        16.000000000000000        5.0625458571304227     
           2         401   3.3185097544054147        16.000000000000000        5.0639323623667813     
           2         402   3.4146501054904426        16.000000000000000        5.0623499269848189     
           2         403   3.3547922354687816        16.000000000000000        5.0639294183231209     
           2         404   11.715398555335609        16.000000000000000        6.3541359376876594     
           2         405   3.3936961215837806        16.000000000000000        5.0627038610687860     
           2         406   3.3667221385167205        16.000000000000000        5.0624169742792349     
           2         407   3.4721868341485163        16.000000000000000        5.0625624325302603     
           2         408   12.254810691254361        16.000000000000000        6.3539258555877858     
           2         409   3.3833514081271039        16.000000000000000        5.0628771023557624     
           2         410   3.4273078213043382        16.000000000000000        5.0637622444171386     
           2         411   3.3474449532693886        16.000000000000000        5.0626904127640371     
