  economy_id district_id expected_wage_bill budget belief_expected_Wage_bill
           1           1   104.35873957504323        746.02634913427732        131.22565464418616     
           1           2   96.260122002060015        730.00205520171698        131.22814834233773     
           1           3   105.61453116776259        812.13131781794505        131.22142745203615     
           1           4   100.46186109482237        879.73257045303069        131.23185048580248     
           1           5   101.84185872186907        892.08531921217389        131.22557919093254     
           1           6   95.865768219497610        719.57133198657971        131.22533011464182     
           1           7   98.841498993725395        770.51415193997877        131.23178594383393     
           1           8   988.72959395282885        847.81994000000009        378.10308222509076     
           1           9   95.621354567591936        839.62383399145313        131.22110290874167     
           1          10   96.193156854189667        892.78563188813780        131.23167122869341     
           1          11   95.938821317892064        734.54369391175521        131.23167122869341     
           1          12   254.83222963861843        750.95830325015083        137.63879657179399     
           1          13   96.965857054543463        843.51970419447957        131.23172630349299     
           1          14   100.72823251402714        824.34636712880501        131.23185048580248     
           1          15   95.673236621801649        905.20474613427723        131.25281092083944     
           1          16   97.486634012350976        722.31364423035450        131.22538519300704     
           1          17   98.471945458387324        763.09433259513492        131.24940205079091     
           1          18   102.19972717269775        784.43033082992019        131.22276104264748     
           1          19   98.386035378452817        857.64608070867075        131.24940205079091     
           1          20   99.834352024961930        858.14572420330421        131.24946658135570     
           1          21   96.751158563568296        745.22438740673249        131.22538519300704     
           1          22   102.13496653632482        736.66703763427734        131.23544327964473     
           1          23   102.85467018918079        814.09646003950354        131.22276104264748     
           1          24   105.22010423596024        829.90240306341491        131.23199573761244     
           1          25   95.655322434157284        832.19614438817291        131.22110290874167     
           1          26   99.700212047491789        686.61110849241607        131.23537347881341     
           1          27   103.74424072043664        742.39850241470356        131.26488463378189     
           1          28   97.880367059631581        707.56589125372864        131.22820341911836     
           1          29   102.45442066163172        794.29629813427755        131.22839741156014     
           1          30   474.61726504746309        818.09641973827740        179.84363942240273     
           1          31   3599.7944799638808        831.96290993549997        3335.7154663959900     
           1          32   100.38997425259177        708.97303045125409        131.22832760583330     
           1          33   97.779738460572830        727.99354100676146        131.22115798948263     
           1          34   98.216260003503081        708.61200586777238        131.24940205079091     
           1          35   105.41317943089956        783.35426596376840        131.24961180781099     
           1          36   98.485882053854723        662.21232041784663        131.23178594383393     
           1          37   96.999541576446560        703.24412809368050        131.22256703923844     
           1          38   100.78326230660772        761.50972104613186        131.25299013963303     
           1          39   101.85511478685139        753.81829965364170        131.24953637240259     
           1          40   100.42757147236792        778.37803636699721        131.22269123300399     
           1          41   96.041919825072881        667.42455816565223        131.22251195928962     
           1          42   98.256352260248448        703.15502213196885        131.24940205079091     
           1          43   97.218006829333916        742.60527513427746        131.22820341911836     
           1          44   99.812056939038044        768.84241279437288        131.22832760583330     
           1          45   100.90780536143980        746.75895744697868        131.22544962957764     
           1          46   103.01442264671891        645.66787458766566        131.22276104264748     
           1          47   4092.6708521471146        780.95737460713883        3716.5895948477910     
           1          48   97.875145832876129        724.40778827638599        131.22538519300704     
           1          49   3521.5530554315587        897.42869186070800        3436.1614824863041     
           1          50   453.77700131240022        939.51210713427736        152.52588443547904     
           1          51   95.698856742653589        653.98189103348830        131.22814834233773     
           1          52   103.08423579650265        703.96686683670464        131.22551469540650     
           1          53   95.690265179636484        690.41634456144322        131.23167122869341     
           1          54   101.89022516013448        779.79519280667307        131.23192028908119     
           1          55   106.03772673359802        850.21512775618999        131.22283649799991     
           1          56   101.89200580221788        678.80737888842157        131.27448212713506     
           1          57   98.237681986883473        685.90784485070799        131.25292561134921     
           1          58   107.00915248936889        733.41183112553949        131.22142745203615     
           1          59   102.24275377223745        747.03310732668274        131.24953637240259     
           1          60   100.21560988619450        812.36731536013212        131.23537347881341     
           1          61   4341.3881788641211        779.64743786250006        4161.7186788330109     
           1          62   97.712275947277405        726.93088522777862        131.23167122869341     
           1          63   99.837589492640362        730.22546947510250        131.23537347881341     
           1          64   104.06865867525819        793.11584613427749        131.22283649799991     
           1          65   98.041010749180160        788.31316996072519        131.25286598375700     
           1          66   300.55558455618126        686.34832117505994        150.74566870622434     
           1          67   95.652608733022333        753.24348489750423        131.22814834233773     
           1          68   96.839797578338619        748.06798881068403        131.24934242107616     
           1          69   98.397557065785676        761.88395660213541        131.23173061652886     
           1          70   104.94508515725362        825.35939906754948        131.25313536101714     
           1          71   96.945311568703559        665.91443313427726        131.23172630349299     
           1          72   98.436436590943146        718.08906407965742        131.23530893912496     
           1          73   98.569108275754601        744.35692682139415        131.23530893912496     
           1          74   104.09729972988249        764.99475699637821        131.22847286271576     
           1          75   97.280779387345447        789.21875956510655        131.22814834233773     
           1          76   95.807490957427163        714.59768782959259        131.25281092083944     
           1          77   101.92264908094023        703.13223809192584        131.22557919093254     
           1          78   102.17657953675368        771.06643513427753        131.25305992823311     
           1          79   104.71200452754827        764.19878759381390        131.22565464418616     
           1          80   338.43474366145711        815.64476544048546        152.46077031677552     
           1          81   101.73471605973759        696.05650501216780        131.24953637240259     
           1          82   100.61535707011704        734.41128037112878        131.25299013963303     
           1          83   97.359865804729722        728.82572765161990        131.25281092083944     
           1          84   106.00720270471984        783.95991864255143        131.23551872555166     
           1          85   346.81087148744945        753.00845955212401        152.44090660265380     
           1          86   106.93243680141673        678.15190902461188        131.23200222304180     
           1          87   100.77957369903449        707.02572507277375        131.25299013963303     
           1          88   298.74418438271823        754.17214925185033        150.71733935008911     
           1          89   102.16651925298130        775.81572507601049        131.25305992823311     
           1          90   105.00674106625431        809.76308433265456        131.22142745203615     
           1          91   105.84841520895152        634.22207183756154        131.24954224774913     
           1          92   99.714626443359961        716.37480891784662        131.22128218501064     
           1          93   101.80720874030771        719.80155864692961        131.22557919093254     
           1          94   98.245490757398144        765.15175447177603        131.22544483717212     
           1          95   101.58867054075978        823.26747396179405        131.23179073622543     
           1          96   237.77599957337839        662.56630913008405        137.63266877289504     
           1          97   97.137313209368926        674.66849719635388        131.25286598375700     
           1          98   98.488763231391260        705.17085622101092        131.24934673407387     
           1          99   98.411376368920827        754.71075341784672        131.23178594383393     
           1         100   96.994855898236864        781.99127403642387        131.25286598375700     
           1         101   103.83871982942649        685.86941870384078        131.24953637240259     
           1         102   102.76590780131691        680.79624594590882        131.24947189346088     
           1         103   101.86359133192943        708.43069755601766        131.24953637240259     
           1         104   104.04846568458132        727.15202768721861        131.23199573761244     
           1         105   95.712347882575344        790.15410177513832        131.23519422808914     
           1         106   97.286165867835564        698.21857413427722        131.22115798948263     
           1         107   119.81732320996421        739.74089801343735        131.27383961603729     
           1         108   96.894678720724073        717.04908735891092        131.23519809928061     
           1         109   101.91174284001069        765.94808997378300        131.23544327964473     
           1         110   103.88554494053621        745.06469713643185        131.22135199563357     
           1         111   96.093716215463374        672.66705654672489        131.23519422808914     
           1         112   104.11451147950383        730.56216471392872        131.22283649799991     
           1         113   101.90247000929821        752.57325513427747        131.22557919093254     
           1         114   241.88641197996128        748.14114783220805        137.63119191148093     
           1         115   98.681834957999939        795.23876653916818        131.22820773216159     
           1         116   109.27972971213639        656.75228555633362        131.30206847105839     
           1         117   372.98655682220567        756.34916685448525        140.15175446520504     
           1         118   374.41124791041437        808.05841714251619        150.76756618571457     
           1         119   503.34777846348010        858.02244273141605        152.53739489574426     
           1         120   101.69205672670770        791.78420813427749        131.24953637240259     
           1         121   112.33847661589553        696.25576214205114        131.27460690874162     
           1         122   102.74503669473171        696.50793644934720        131.22276104264748     
           1         123   101.97311251004892        749.81535045767828        131.22135199563357     
           1         124   98.578982479408069        820.41058303739237        131.22544483717212     
           1         125   102.28451492438685        823.53825419950169        131.23185579794750     
           1         126   106.98132437347235        668.70988234657671        131.22143393749019     
           1         127   645.10466501719634        805.58441641784657        336.88621948736329     
           1         128   100.19093350726094        727.11268698078709        131.24946658135570     
           1         129   97.265289640158841        781.55605462731432        131.23524930091045     
           1         130   99.923979422164351        830.64044766562245        131.22128218501064     
           1         131   101.89165744630846        678.45860221286136        131.23544327964473     
           1         132   961.13215370869671        798.75571332984657        336.14840395858181     
           1         133   12006.157701313738        896.22677312799988        11631.358600301663     
           1         134   104.02839656218683        765.07901913427736        131.22565464418616     
           1         135   101.98757265438343        836.65971203352353        131.23544327964473     
           1         136   5198.9380899132302        802.98995001196931        4956.8363475056640     
           1         137   97.080001684301763        709.42348125254341        131.22115798948263     
           1         138   95.638985887905335        740.19905006127112        131.24928735617689     
           1         139   105.10015052744014        819.74743413840599        131.24961180781099     
           1         140   233.06701513627388        797.29683029911291        137.66061237741349     
           1         141   6311.9421873676592        767.54043899999988        5862.0806049471221     
           1         142   19496.520016966784        810.85646454863854        19047.572879723033     
           1         143   105.75695591595554        751.78048538641667        131.22283649799991     
           1         144   97.010697248695308        770.58198407694113        131.22538519300704     
           1         145   97.283710345372285        824.48145708165941        131.24934242107616     
           1         146   122.66359164531136        686.60584100215613        131.29496493659158     
           1         147   96.788230387892767        742.37711021466123        131.22820341911836     
           1         148   113.41436673524224        707.60722141784686        131.27736021983478     
           1         149   120.31967685691858        794.29375543646393        131.30593044000142     
           1         150   10623.342227361560        972.57894055500014        9954.2286637849847     
           1         151   15277.250869998985        740.21102402827728        14787.106481061961     
           1         152   99.748553049754008        728.34961026271537        131.22128218501064     
           1         153   97.230860416566102        743.43560291536005        131.22115798948263     
           1         154   106.42442702703099        738.75472829203409        131.26744013741651     
           1         155   104.83535598709929        793.40482713427741        131.22283649799991     
           1         156   99.284144563145205        689.51266465377967        131.22544483717212     
           1         157   100.36414436428160        721.46954705388043        131.22128218501064     
           1         158   310.24521775293852        773.79841998704580        150.72562090649865     
           1         159   103.28828618639018        776.98553579631323        131.26744013741651     
           1         160   105.22645426295459        798.24291748991095        131.23199573761244     
           1         161   325.34090323650639        671.09948209169431        150.72578798808044     
           1         162   329.13702013710298        726.95555813427734        150.71448266689092     
           1         163   98.128632230439337        770.31871795293659        131.22826306158370     
           1         164   96.786280976503434        805.48630377175721        131.22538519300704     
           1         165   105.50385424040375        780.11629869771286        131.29208908191333     
           1         166   99.984753091571164        672.96415914353588        131.23537347881341     
           1         167   97.367524665519937        676.31048921081333        131.23172630349299     
           1         168   100.48143793948086        757.91438213693027        131.25299013963303     
           1         169   104.91718357634001        825.94205785070824        131.23551872555166     
           1         170   234.89968908504619        848.36732256432902        137.64584506299653     
           1         171   114.48190782560130        658.69031066092862        131.30240953980044     
           1         172   105.30135651480698        709.46869487790616        131.28856746460417     
           1         173   100.93735606783913        716.93002326736189        131.22550938324721     
           1         174   103.44166013422553        788.02516737629890        131.26180687154073     
           1         175   326.78483037130508        889.94930532541673        150.74194020245966     
           1         176   4451.2297833564489        903.36799156713857        4366.9878475747546     
           1         177   117.69380511623640        704.22059430157833        131.30657082449659     
           1         178   98.911120835846887        760.82360215759832        131.22544483717212     
           1         179   103.47847055424732        757.70394665939386        131.22557919093254     
           1         180   326.64567036721962        813.28110911937881        150.70963783901493     
           1         181   330.38887155716554        719.64430067176420        150.72578798808044     
           1         182   232.04926173089757        726.90650826472609        137.63550216344728     
           1         183   96.871502184921624        730.26835513427750        131.23524930091045     
           1         184   102.33133886729223        793.11373798656155        131.25305992823311     
           1         185   102.31989412052263        788.30868267380629        131.22269654517004     
           1         186   100.57408613326766        686.34365745600530        131.22826785398269     
           1         187   101.82780333225892        733.05997993129517        131.22557919093254     
           1         188   112.14939540922097        741.04903790572257        131.27565439795495     
           1         189   97.210060435012608        758.55048754291909        131.22820341911836     
           1         190   99.984341702950772        847.84532313427724        131.22128218501064     
           1         191   97.204041525104742        672.22405063065275        131.22115798948263     
           1         192   102.12259497762879        738.26145233201555        131.22269654517004     
           1         193   100.20154360069267        733.27972979816627        131.22826785398269     
           1         194   133.20196795123573        771.97837431167648        131.27736021983478     
           1         195   299.15858522019357        802.70386703693578        150.74156697622408     
           1         196   96.655475730068261        719.05643914253437        131.22251195928962     
           1         197   106.67657991531416        704.31075963427725        131.28088093680773     
           1         198   100.08052520270202        780.03750514923934        131.22550938324721     
           1         199   98.091711922453285        736.66003434273523        131.22121763619916     
           1         200   97.405922322109802        815.44356788784296        131.22538519300704     
           1         201   250.24423892912696        676.93521954827293        137.64610235365726     
           1         202   100.59775737026571        727.74855973078650        131.25299013963303     
           1         203   103.08850011476235        746.88861658646567        131.22135199563357     
           1         204   98.051780430759365        805.42378991784699        131.22121763619916     
           1         205   97.114504473702496        763.97716982479585        131.23524930091045     
           1         206   104.53195403409623        697.26203104083697        131.22847286271576     
           1         207   102.46865787302545        696.50211544004014        131.25305992823311     
           1         208   98.081401742461779        751.85367810060291        131.22538519300704     
           1         209   100.11414482887446        789.86806154433839        131.22544483717212     
           1         210   100.15942847633102        774.19725817859910        131.22269123300399     
           1         211   104.93586742024834        628.71030641784660        131.22283649799991     
           1         212   112.28618273786559        696.19515004031518        131.28832707112980     
           1         213   329.07956025856964        719.79666948672661        150.74194020245966     
           1         214   100.01064871046940        757.78660325622138        131.23185048580248     
           1         215   96.766970942631701        799.89822791802101        131.22256703923844     
           1         216   102.04773944247553        656.24876464893157        131.22135199563357     
           1         217   326.77243683992674        691.82897036909696        150.72175025720028     
           1         218   104.60831992251892        725.62392141784687        131.23199573761244     
           1         219   7534.4252682208098        936.18785653819998        7070.0712541267021     
           1         220   104.10438193598019        805.35344800590997        131.23199573761244     
           1         221   18745.635200999783        787.26202270199985        18077.233657049008     
           1         222   101.74358609852644        660.61311681715199        131.22276104264748     
           1         223   97.018169672925708        701.41241731334787        131.22538519300704     
           1         224   19013.249261605237        887.23725109599991        18673.511969629046     
           1         225   149.72787847896319        782.48503241784670        131.31009151319748     
           1         226   38711.986945946534        808.64531408500011        37487.211354451974     
           1         227   124.62166671710233        719.55817378524239        131.27448212713506     
           1         228   313.36861676896274        710.03066326271085        150.72562090649865     
           1         229   330.76308489605378        765.94259747877732        150.71772011578915     
           1         230   20174.588174864995        958.77848216499990        19016.672900434991     
           1         231   104.95592175605623        688.92128292867221        131.22283649799991     
           1         232   101.85390806225426        749.99650663427735        131.22839741156014     
           1         233   101.81675184234680        741.49800557901574        131.22839741156014     
           1         234   99.709827602543712        768.00460415999123        131.22832760583330     
           1         235   97.621709066312206        817.67813810403106        131.22115798948263     
           1         236   95.741718088622861        646.78222873122695        131.22110290874167     
           1         237   304.77367212161431        718.06852036803821        150.71094279466953     
           1         238   102.91019645917140        786.79462531902936        131.25305992823311     
           1         239   103.06047981221585        791.36037213427755        131.22557919093254     
           1         240   102.98568621392982        791.78206166499456        131.22276104264748     
           1         241   310.67284852275264        696.25144803564774        150.70947073409576     
           1         242   96.516206283103756        696.50324215992975        131.22814834233773     
           1         243   108.44406481584774        749.80916107635437        131.26462346826872     
           1         244   97.297026820176185        820.40402883149000        131.22115798948263     
           1         245   46147.681977484142        977.39782128000024        44269.748575347003     
           1         246   467.84802565896467        685.78196913427723        150.78325397936823     
           1         247   102.36563236033396        747.92457719521190        131.22276104264748     
           1         248   255.22728378082402        734.12141852319996        137.66095285482206     
           1         249   100.08803579895969        803.85233329683547        131.22128218501064     
           1         250   100.40661138533999        795.09173351671438        131.23185048580248     
           1         251   99.840819759266367        672.89402355294737        131.22269123300399     
           1         252   50667.825989925099        833.37757769999985        48741.325917763585     
           1         253   105.41883267507248        759.99390513427750        131.23551872555166     
           1         254   99.755467132402273        765.07673669609449        131.24940205079091     
           1         255   98.749051941138902        836.65484941973011        131.23530893912496     
           1         256   97.594245361886593        671.46140667133966        131.25286598375700     
           1         257   98.122117146749503        726.59844719808711        131.22121763619916     
           1         258   101.96312969652422        760.59512693088641        131.23544327964473     
           1         259   110.43044565686114        799.59934814985911        131.27403841782910     
           1         260   314.79785654316373        807.23648441784667        150.71108565840416     
           1         261   100.27747772427421        710.91639336753246        131.22128218501064     
           1         262   102.91168251405834        679.41502489322897        131.23179073622543     
           1         263   439.18772009859958        743.47876325427728        208.66517109749077     
           1         264   101.92150509249407        757.69624831856015        131.22550938324721     
           1         265   1390.0693039853156        750.43928018784663        1369.4883638317999     
           1         266   96.058196780427863        679.19909155147695        131.22110290874167     
           1         267   98.653832162408690        698.80628791784670        131.22121763619916     
           1         268   101.11110508659482        681.74115131283929        131.24946658135570     
           1         269   297.45102853787017        754.32805384973506        150.74560536573159     
           1         270   106.98762836871643        777.38347041983025        131.22847286271576     
           1         271   103.34867338119462        672.28533332980055        131.22135199563357     
           1         272   96.825644864374965        730.61027034546350        131.23167509989247     
           1         273   98.167878759548586        723.36705121173463        131.25292561134921     
           1         274   237.11908434021797        749.55228191784681        137.64220624738709     
           1         275   100.01466046873477        783.79501549262716        131.23185048580248     
           1         276   97.008086971892951        673.75541602496503        131.23524930091045     
           1         277   116.14077653344134        711.22816563225149        131.27847042077022     
           1         278   96.757117130341655        739.06589174179339        131.22110290874167     
           1         279   107.74856059425822        718.03053050994845        131.23200222304180     
           1         280   100.02947670589620        757.14742909712288        131.23185048580248     
           1         281   98.273627058452007        624.73428641784665        131.25292561134921     
           1         282   104.60396468828702        695.40123060370070        131.23551872555166     
           1         283   502.16335619629245        731.19112009204002        150.83151913814464     
           1         284   95.748117090157251        805.48079638352533        131.23167122869341     
           1         285   101.83269370287326        780.10985172155983        131.22839741156014     
           1         286   102.22303376446526        672.95881347570162        131.23192028908119     
           1         287   102.56123782463305        663.05589349223271        131.22557919093254     
           1         288   100.41063153596404        749.52954141784687        131.25299013963303     
           1         289   104.07284829617677        816.82401919646873        131.22565464418616     
           1         290   104.16357240985900        804.13167669739903        131.23192028908119     
           1         291   96.579977525413952        654.34117908095732        131.22251195928962     
           1         292   96.075262209289988        702.48563506874461        131.22814834233773     
           1         293   105.43447162848675        716.92439077562813        131.26039860033458     
           1         294   98.066896621797483        780.63652653769577        131.22826306158370     
           1         295   102.25550548740537        854.01620213427736        131.22557919093254     
           1         296   103.32452649570533        694.75068384362737        131.23544327964473     
           1         297   104.50833410448114        699.50399578540100        131.23551872555166     
           1         298   99.843480609555584        760.81919774314747        131.24946658135570     
           1         299   96.973658979846348        757.69804733263516        131.24934242107616     
           1         300   101.74472482376082        813.27487627021890        131.24953637240259     
           1         301   101.10202159631397        719.61856118718526        131.24946658135570     
           1         302   104.86017839253120        716.43665463427737        131.22283649799991     
           1         303   262.45859776614344        731.10228893106319        137.64618833184883     
           1         304   104.50939096814972        793.10947892426827        131.24954224774913     
           1         305   100.99830410477010        788.30426734682464        131.26180687154073     
           1         306   99.196368185393581        686.33761747462859        131.23524930091045     
           1         307   99.033395481544190        712.87605725800017        131.22251583050806     
           1         308   100.44834563460681        734.01182458268090        131.22257135229404     
           1         309   97.484948296145433        758.59293813427746        131.22256703923844     
           1         310   102.99335714505786        847.84302320380880        131.22557919093254     
           1         311   98.376382286143865        672.21953417792463        131.24940205079091     
           1         312   96.940899806395308        738.25663949737020        131.22115798948263     
           1         313   99.785528413910825        733.27345608080100        131.22832760583330     
           1         314   100.38789862511780        790.96172553600002        131.22269123300399     
           1         315   103.54149389221330        825.12159464583920        131.22135199563357     
           1         316   99.536973636898509        701.81734113427729        131.22262668510461     
           1         317   101.74714672560702        699.59631004122400        131.24953637240259     
           1         318   97.204315752492676        753.51280842655251        131.25286598375700     
           1         319   103.65923165822714        728.41902543595324        131.22839741156014     
           1         320   97.277728846225017        803.25630031178594        131.23172630349299     
           1         321   310.59284535085635        675.85348492926505        150.70947073409576     
           1         322   101.68364492137536        722.21346410456931        131.24953637240259     
           1         323   378.21583801383105        675.61249770141603        150.79110766749793     
           1         324   107.56529357926794        779.51736950932752        131.22566112963040     
           1         325   100.58917365645151        743.23653853080395        131.25293040369388     
           1         326   105.35954397421169        686.23166196084424        131.25313536101714     
           1         327   102.16437280197194        690.98991013596822        131.22557919093254     
           1         328   96.019830660376897        734.19265625927346        131.23167122869341     
           1         329   102.62173347095900        792.34711609363592        131.22839741156014     
           1         330   103.91117537189530        784.24555613427754        131.22840328695548     
           1         331   96.106487858220589        646.74958959569744        131.22251195928962     
           1         332   257.31528484289970        677.14660163832127        137.66464598288655     
           1         333   310.20961978065378        725.61235358810211        150.72150892526329     
           1         334   98.133983831092849        751.67497190037705        131.23178594383393     
           1         335   102.64709132811508        806.29358170449404        131.23192028908119     
           1         336   361.01557596897533        650.98636038080349        150.76989930780297     
           1         337   97.369864087944194        680.21742891784675        131.22820341911836     
           1         338   317.43833941887891        699.39838329478380        150.72562701720599     
           1         339   101.65823805175074        760.81486892144051        131.23544327964473     
           1         340   107.26875520277665        827.78429565583542        131.26462346826872     
           1         341   103.94881569722079        706.84747922797692        131.24961180781099     
           1         342   101.67767827158350        685.49449104471796        131.23192028908119     
           1         343   384.33850883524991        734.92243649230011        150.81149683288675     
           1         344   96.117932455149955        717.75450191784682        131.23519422808914     
           1         345   98.533172651217555        790.19739463073472        131.23178594383393     
           1         346   98.479982873834487        698.21087314622503        131.23530893912496     
           1         347   95.681850672925208        720.68573891092569        131.25281092083944     
           1         348   96.293155394032098        716.61224871195748        131.22110290874167     
           1         349   99.807525828088060        764.31161481724644        131.22832760583330     
           1         350   95.804095871481323        777.08329182250270        131.23167122869341     
           1         351   104.71169728688089        691.91508213427733        131.22847286271576     
           1         352   101.14480305552927        773.43102883510130        131.23537347881341     
           1         353   300.78944745340925        766.16393765691373        150.71087943458960     
           1         354   98.479504106367742        761.01586385913652        131.22544483717212     
           1         355   100.35700171013478        825.38623969257981        131.24946658135570     
           1         356   315.03719867738710        665.89192418451046        150.71108565840416     
           1         357   322.14513226937339        718.04352092788099        150.74194020245966     
           1         358   100.19388304521640        786.84289513427757        131.22269123300399     
           1         359   104.32506046968146        791.35791964079965        131.24961180781099     
           1         360   101.90190869253132        791.77781516612231        131.22557919093254     
           1         361   98.688058123787016        696.24730239569851        131.23178594383393     
           1         362   104.64160495160355        696.49775298309942        131.23551872555166     
           1         363   98.328279729112168        749.80348177773351        131.22262668510461     
           1         364   99.923537107092585        798.07751575965813        131.24946658135570     
           1         365   242.94453373811319        803.66852013427729        137.64596640669617     
           1         366   101.68027327124086        666.66465660470931        131.22135199563357     
           1         367   311.31054575668833        747.92004641728488        150.74170442558989     
           1         368   100.83334567282934        734.11697261615404        131.22128218501064     
           1         369   101.68997433772829        803.84638487862287        131.23531373150865     
           1         370   105.59906092917331        795.08552846205555        131.25306580357133     
           1         371   97.957785170050713        678.10948560734130        131.25286598375700     
           1         372   319.86053127087195        708.96130413427738        150.72166346654691     
           1         373   104.67578935789703        786.21450318469010        131.23551872555166     
           1         374   102.21803929994465        766.32506225900261        131.24953637240259     
           1         375   95.877901162914142        846.52142020908673        131.22251195928962     
           1         376   106.67492870341751        647.85564190542209        131.23552521097250     
           1         377   104.05340958068305        719.93019814140860        131.22135787104523     
           1         378   103.97013387349442        739.33164490493198        131.25313536101714     
           1         379   97.066938252893223        792.23810913427747        131.25286598375700     
           1         380   99.041302678319781        807.23431467627756        131.24929122733860     
           1         381   110.12685014392376        710.91209401236893        131.23200222304180     
           1         382   104.03910371793934        679.41099645259226        131.25299545173019     
           1         383   114.85642866447806        761.93501490067638        131.30657082449659     
           1         384   119.07711595965186        757.69005374580297        131.27981729039863     
           1         385   243.23153039622147        678.26021043569335        82.778915240769194     
           1         386   313.74227513319539        697.60463141784669        150.71108565840416     
           1         387   100.58835301613360        712.04082091238558        131.22550938324721     
           1         388   107.27955636217524        709.09363268294078        131.29854737306056     
           1         389   238.29185648193436        762.55951905870188        137.63562255251674     
           1         390   102.10462916630372        817.14173503054451        131.25305992823311     
           1         391   96.463235290497138        688.03583619461619        131.24928735617689     
           1         392   367.22441674526266        651.47492767433619        150.75199077710164     
           1         393   104.60470076200200        744.11598885070828        131.24961180781099     
           1         394   103.89941460057865        767.20977716984078        131.22142745203615     
           1         395   296.85378337819162        745.30731853648967        137.67325257051712     
           1         396   111.40790877358239        694.74082534033755        131.29848621952138     
           1         397   97.132565058769870        736.11500611742213        131.22820341911836     
           1         398   312.20841535416298        772.59150392587685        150.74177314421112     
           1         399   105.23828130868014        748.54071173872762        131.22142745203615     
           1         400   100.56543901203089        796.95185413427737        131.24946658135570     
           1         401   98.473185202138438        646.79653764193108        131.23178594383393     
           1         402   102.80657748709361        725.81443668467523        131.24953637240259     
           1         403   104.81071425079426        790.70734813098784        131.24954224774913     
           1         404   354.99899859661656        813.70977770286549        150.76284989111394     
           1         405   95.838920062107078        792.25881687977187        131.23167122869341     
           1         406   98.484640556884855        676.63775295949995        131.22544483717212     
           1         407   102.66707417764825        686.85644763427729        131.25299545173019     
           1         408   355.69244486521598        756.00214270847960        150.75930960487182     
           1         409   100.70957814716850        853.46765327191440        131.22832760583330     
           1         410   107.03825468950073        843.89035184696502        131.23552521097250     
           1         411   100.44124680253380        671.68558473223436        131.22826785398269     
           2           1   97.581323384970901        746.02634913427732        145.72283124249932     
           2           2   105.53583264289892        730.00205520171698        145.68539977222150     
           2           3   99.849117278776603        812.13131781794505        145.69254610843689     
           2           4   102.99953545762020        879.73257045303069        145.68910805595806     
           2           5   104.77200262242937        892.08531921217389        145.69864078907105     
           2           6   104.94553371460886        719.57133198657971        145.68947377758917     
           2           7   99.323151475280412        770.51415193997877        145.68236093211468     
           2           8   607.97503562683687        847.81994000000009        358.89896619978470     
           2           9   102.26467624260162        839.62383399145313        145.69827509272193     
           2          10   97.850643328458474        892.78563188813780        145.68412229926736     
           2          11   105.06103030944008        734.54369391175521        145.70373387203404     
           2          12   234.55442448376621        750.95830325015083        153.33243843374333     
           2          13   97.464803203661461        843.51970419447957        145.69227052597796     
           2          14   96.844477234159797        824.34636712880501        145.68183491594283     
           2          15   97.280986804138735        905.20474613427723        145.70245657769738     
           2          16   105.67157972539989        722.31364423035450        145.72920248866819     
           2          17   98.952322282997415        763.09433259513492        145.69763901672897     
           2          18   97.685391929344576        784.43033082992019        145.70245657769738     
           2          19   97.525420009905844        857.64608070867075        145.72792544236856     
           2          20   98.747599957858085        858.14572420330421        145.72820094888428     
           2          21   96.105393140795314        745.22438740673249        145.68183491594283     
           2          22   100.73659194012383        736.66703763427734        145.72850393033085     
           2          23   98.201167880943174        814.09646003950354        145.72283124249932     
           2          24   105.77306317394492        829.90240306341491        145.69354791954390     
           2          25   98.683762792616108        832.19614438817291        145.68236093211468     
           2          26   100.28269107040005        686.61110849241607        145.72340975313384     
           2          27   102.44609194224719        742.39850241470356        145.72659712953282     
           2          28   97.123388442899270        707.56589125372864        145.68794594425631     
           2          29   103.05558293899379        794.29629813427755        145.72883687657375     
           2          30   477.09916215534685        818.09641973827740        226.23139791395931     
           2          31   3771.3180332875968        831.96290993549997        3616.9116674917141     
           2          32   100.96547578400870        708.97303045125409        145.72340975313384     
           2          33   98.282269207314101        727.99354100676146        145.69736344512168     
           2          34   96.175002883686901        708.61200586777238        145.69711306295429     
           2          35   103.47115735266161        783.35426596376840        145.69827509272193     
           2          36   100.65722796974899        662.21232041784663        145.68470098225256     
           2          37   104.94178593480451        703.24412809368050        145.70373387203404     
           2          38   103.30130806826307        761.50972104613186        145.69318220914923     
           2          39   100.45796671667681        753.81829965364170        145.72340975313384     
           2          40   103.00449070567177        778.37803636699721        145.70336818972913     
           2          41   102.84582114033100        667.42455816565223        145.69827509272193     
           2          42   100.37263346604874        703.15502213196885        145.68470098225256     
           2          43   96.538470458738757        742.60527513427746        145.69711306295429     
           2          44   96.168066992685326        768.84241279437288        145.68387189123567     
           2          45   108.28207477156759        746.75895744697868        145.68540862125704     
           2          46   99.761329238175648        645.66787458766566        145.72310675986250     
           2          47   4776.4514424246199        780.95737460713883        4542.9599861062898     
           2          48   98.357893590120611        724.40778827638599        145.68819634432938     
           2          49   4079.6051411727290        897.42869186070800        3994.8914594336470     
           2          50   480.26733055543730        939.51210713427736        185.33356693025829     
           2          51   104.73526196767693        653.98189103348830        145.72920248866819     
           2          52   105.87197371077445        703.96686683670464        145.69828301743681     
           2          53   96.166479990664257        690.41634456144322        145.68387189123567     
           2          54   100.49056510602767        779.79519280667307        145.70303517903562     
           2          55   101.98522917434977        850.21512775618999        145.72850393033085     
           2          56   102.27758476848356        678.80737888842157        145.73169112405751     
           2          57   102.30424199677921        685.90784485070799        145.68299708227033     
           2          58   100.81928384262599        733.41183112553949        145.70273213845570     
           2          59   105.18243445542913        747.03310732668274        145.72410833840166     
           2          60   105.11966987504188        812.36731536013212        145.69354791954390     
           2          61   5298.6944738836719        779.64743786250006        5080.1175913579109     
           2          62   101.11860423894855        726.93088522777862        145.72820094888428     
           2          63   104.66078924159216        730.22546947510250        145.68539977222150     
           2          64   102.33545391531283        793.11584613427749        145.68910805595806     
           2          65   97.202714502698043        788.31316996072519        145.68794594425631     
           2          66   298.34766048471340        686.34832117505994        182.84057692284017     
           2          67   104.65580203020345        753.24348489750423        145.72410833840166     
           2          68   104.60117411122556        748.06798881068403        145.68336282075575     
           2          69   98.843782922235931        761.88395660213541        145.68412792085888     
           2          70   101.01817509108032        825.35939906754948        145.69794206913880     
           2          71   100.53735323862884        665.91443313427726        145.72340975313384     
           2          72   102.59721661830984        718.08906407965742        145.69318220914923     
           2          73   105.14814607619932        744.35692682139415        145.69864078907105     
           2          74   97.368201903382342        764.99475699637821        145.69736344512168     
           2          75   102.33762146206321        789.21875956510655        145.68266402001194     
           2          76   97.422613829685901        714.59768782959259        145.70245657769738     
           2          77   98.847177612986059        703.13223809192584        145.68847193546912     
           2          78   102.67459762544813        771.06643513427753        145.68910805595806     
           2          79   105.29085259908305        764.19878759381390        145.68947377758917     
           2          80   339.62265110319885        815.64476544048546        185.34695205492525     
           2          81   97.345823478062016        696.05650501216780        145.72792544236856     
           2          82   97.929793121191594        734.41128037112878        145.68412229926736     
           2          83   100.55505750785848        728.82572765161990        145.68439789908757     
           2          84   100.10240811007580        783.95991864255143        145.68439789908757     
           2          85   370.35664425737036        753.00845955212401        185.34818108199747     
           2          86   99.268440481912322        678.15190902461188        145.72283686394991     
           2          87   98.067615925434623        707.02572507277375        145.69736344512168     
           2          88   327.82390298631293        754.17214925185033        182.86032547217920     
           2          89   98.992052955079842        775.81572507601049        145.68439789908757     
           2          90   105.58264291771360        809.76308433265456        145.68947377758917     
           2          91   106.26204800849312        634.22207183756154        145.68911598071168     
           2          92   97.268190224359017        716.37480891784662        145.69227052597796     
           2          93   98.779617909933279        719.80155864692961        145.70273213845570     
           2          94   102.41427416788677        765.15175447177603        145.70336818972913     
           2          95   99.030393216088029        823.26747396179405        145.72768010875464     
           2          96   247.83697341487101        662.56630913008405        153.32402257392295     
           2          97   96.466347275493931        674.66849719635388        145.72767511988624     
           2          98   104.37211323845818        705.17085622101092        145.68504196412499     
           2          99   100.60548480801980        754.71075341784672        145.70303517903562     
           2         100   102.47859679731631        781.99127403642387        145.69827509272193     
           2         101   97.514914747520521        685.86941870384078        145.69202013386419     
           2         102   99.697846907412639        680.79624594590882        145.69736906666481     
           2         103   98.776169044496626        708.43069755601766        145.69763901672897     
           2         104   96.186747119711313        727.15202768721861        145.70220620547798     
           2         105   102.39250767666303        790.15410177513832        145.72883687657375     
           2         106   102.92125670575859        698.21857413427722        145.68503403935426     
           2         107   114.46068816532116        739.74089801343735        145.73169112405751     
           2         108   101.86551325925011        717.04908735891092        145.69285625596640     
           2         109   100.54110675082445        765.94808997378300        145.72850393033085     
           2         110   102.25245141725883        745.06469713643185        145.69794206913880     
           2         111   99.175484992883625        672.66705654672489        145.69763901672897     
           2         112   97.385385770381518        730.56216471392872        145.69736344512168     
           2         113   97.501782558255996        752.57325513427747        145.72792544236856     
           2         114   252.63106048792341        748.14114783220805        153.31973856750824     
           2         115   99.136880677698372        795.23876653916818        145.68820196590590     
           2         116   109.53810175032500        656.75228555633362        145.72859636282203     
           2         117   323.13199370719263        756.34916685448525        167.46968019980247     
           2         118   373.00324181447320        808.05841714251619        182.85324426421965     
           2         119   415.64143571703448        858.02244273141605        185.30486284226208     
           2         120   102.23089639520062        791.78420813427749        145.69827509272193     
           2         121   107.11103842478147        696.25576214205114        145.73229625006320     
           2         122   105.77634450816944        696.50793644934720        145.72410833840166     
           2         123   100.55558291355599        749.81535045767828        145.68470098225256     
           2         124   102.77749639016176        820.41058303739237        145.68503403935426     
           2         125   102.73553261959478        823.53825419950169        145.68267110334418     
           2         126   104.88274706986168        668.70988234657671        145.70337611442253     
           2         127   521.06343059220126        805.58441641784657        362.47040846021338     
           2         128   102.67112460845871        727.11268698078709        145.68910805595806     
           2         129   97.745598725914718        781.55605462731432        145.69227052597796     
           2         130   96.282224458291623        830.64044766562245        145.69711306295429     
           2         131   97.411536934906806        678.45860221286136        145.68208532795393     
           2         132   963.44678229260421        798.75571332984657        464.95127761640776     
           2         133   11382.590310021935        896.22677312799988        11004.703666533194     
           2         134   97.327092902807564        765.07901913427736        145.69736344512168     
           2         135   98.881489747275296        836.65971203352353        145.68847193546912     
           2         136   4938.6240073795352        802.98995001196931        4701.5962157992808     
           2         137   97.597822494984143        709.42348125254341        145.69227052597796     
           2         138   96.107019509504497        740.19905006127112        145.70220620547798     
           2         139   101.19440251850060        819.74743413840599        145.72340975313384     
           2         140   237.04398809029161        797.29683029911291        153.33270209944919     
           2         141   6310.7279127812935        767.54043899999988        5860.3299580573375     
           2         142   17034.152763412560        810.85646454863854        16561.447132304194     
           2         143   101.71765118334635        751.78048538641667        145.70303517903562     
           2         144   97.568674962260744        770.58198407694113        145.72283124249932     
           2         145   100.83390425091147        824.48145708165941        145.68877500917080     
           2         146   122.52566407385612        686.60584100215613        145.73296087014714     
           2         147   97.293829435072183        742.37711021466123        145.68819634432938     
           2         148   110.93644112142269        707.60722141784686        145.70173567348041     
           2         149   111.10380257231132        794.29375543646393        145.70173567348041     
           2         150   11164.495058438122        972.57894055500014        10614.334235279659     
           2         151   16068.296493479227        740.21102402827728        15557.062338502390     
           2         152   96.199934483065888        728.34961026271537        145.72767511988624     
           2         153   102.86460834571146        743.43560291536005        145.69318220914923     
           2         154   116.93931162151858        738.75472829203409        145.70393021289487     
           2         155   96.669698299293103        793.40482713427741        145.69711306295429     
           2         156   103.66169422012298        689.51266465377967        145.72374271226639     
           2         157   99.201227119906321        721.46954705388043        145.68439789908757     
           2         158   302.32075107252928        773.79841998704580        182.83325324993518     
           2         159   109.84498200948447        776.98553579631323        145.68785291363810     
           2         160   101.24838671847814        798.24291748991095        145.68266402001194     
           2         161   308.09375691699313        671.09948209169431        182.89090088808592     
           2         162   310.60009706455742        726.95555813427734        182.84633181247759     
           2         163   96.141719875045283        770.31871795293659        145.69711306295429     
           2         164   104.60153357123767        805.48630377175721        145.68336282075575     
           2         165   115.63135336657209        780.11629869771286        145.72939626741103     
           2         166   96.345351359545006        672.96415914353588        145.72258091006964     
           2         167   96.650820046566224        676.31048921081333        145.68794594425631     
           2         168   101.00185727326539        757.91438213693027        145.72340975313384     
           2         169   103.10896731372019        825.94205785070824        145.72883687657375     
           2         170   242.68436580204363        848.36732256432902        153.32335935819228     
           2         171   118.19156522858759        658.69031066092862        145.69971447970946     
           2         172   105.50693908620622        709.46869487790616        145.69196362817928     
           2         173   101.45036182681986        716.93002326736189        145.68877500917080     
           2         174   116.39766019340576        788.02516737629890        145.70480700622176     
           2         175   328.46930797679221        889.94930532541673        182.88579385003760     
           2         176   4962.8874749221968        903.36799156713857        4886.5009517396165     
           2         177   106.05692773115435        704.22059430157833        145.70173567348041     
           2         178   99.410468671540727        760.82360215759832        145.68847193546912     
           2         179   106.51983747105380        757.70394665939386        145.70373387203404     
           2         180   308.89717333062913        813.28110911937881        182.84123903038474     
           2         181   317.21475748425718        719.64430067176420        182.88491448450452     
           2         182   233.21448034828691        726.90650826472609        153.31637279527709     
           2         183   102.37836709698638        730.26835513427750        145.70336818972913     
           2         184   102.83231491487355        793.11373798656155        145.69318220914923     
           2         185   107.71649804556827        788.30868267380629        145.72411718726559     
           2         186   105.14781363258365        686.34365745600530        145.68911598071168     
           2         187   97.382667618424861        733.05997993129517        145.68412229926736     
           2         188   105.11400494852639        741.04903790572257        145.72720228692168     
           2         189   102.81119601997874        758.55048754291909        145.68910805595806     
           2         190   98.861276481832093        847.84532313427724        145.68236093211468     
           2         191   102.84113950595383        672.22405063065275        145.69827509272193     
           2         192   97.879891578138114        738.26145233201555        145.68183990496951     
           2         193   100.68632991169412        733.27972979816627        145.70273845611797     
           2         194   137.19738074824426        771.97837431167648        145.69803749517629     
           2         195   328.22452684407801        802.70386703693578        182.86032547217920     
           2         196   101.60318384717733        719.05643914253437        145.69794206913880     
           2         197   104.82670959633101        704.31075963427725        145.70173567348041     
           2         198   96.367845172927431        780.03750514923934        145.68183491594283     
           2         199   102.22348511183344        736.66003434273523        145.68910805595806     
           2         200   103.13572635020316        815.44356788784296        145.72883687657375     
           2         201   257.50605864277338        676.93521954827293        153.32440769819965     
           2         202   96.775209654543460        727.74855973078650        145.72767511988624     
           2         203   101.57980624291061        746.88861658646567        145.72850393033085     
           2         204   96.099147039489864        805.42378991784699        145.70220620547798     
           2         205   97.647692082286397        763.97716982479585        145.72283124249932     
           2         206   97.692200497957955        697.26203104083697        145.72792544236856     
           2         207   97.862326746408328        696.50211544004014        145.72283124249932     
           2         208   97.358412902420071        751.85367810060291        145.72258091006964     
           2         209   100.59731603041938        789.86806154433839        145.69763901672897     
           2         210   99.029184382609003        774.19725817859910        145.69254610843689     
           2         211   99.360337055345795        628.71030641784660        145.69763901672897     
           2         212   105.01437500317623        696.19515004031518        145.68849514347093     
           2         213   310.79973875752620        719.79666948672661        182.89090088808592     
           2         214   102.53293826747095        757.78660325622138        145.69827509272193     
           2         215   104.59733900433764        799.89822791802101        145.69354791954390     
           2         216   100.67867462699377        656.24876464893157        145.72340975313384     
           2         217   314.40713844105721        691.82897036909696        182.85944597103594     
           2         218   102.78327695906644        725.62392141784687        145.68910805595806     
           2         219   7532.5151977276064        936.18785653819998        7135.9161552370815     
           2         220   98.757243483675495        805.35344800590997        145.70273213845570     
           2         221   20753.327741575915        787.26202270199985        20076.258003463507     
           2         222   96.190946673815745        660.61311681715199        145.69711306295429     
           2         223   96.345995058616069        701.41241731334787        145.68387189123567     
           2         224   21157.690376355938        887.23725109599991        20826.629332951376     
           2         225   148.69590664791960        782.48503241784670        145.69564061218608     
           2         226   35319.914243805062        808.64531408500011        34271.146819304398     
           2         227   144.31700831164798        719.55817378524239        145.70480700622176     
           2         228   329.00647228990209        710.03066326271085        182.83740755623174     
           2         229   332.29664083007708        765.94259747877732        182.83741869522905     
           2         230   24749.333340896927        958.77848216499990        23758.229804800645     
           2         231   96.729294507039086        688.92128292867221        145.68794594425631     
           2         232   104.81465123751501        749.99650663427735        145.72410833840166     
           2         233   102.38590581507617        741.49800557901574        145.69318220914923     
           2         234   102.25829371742070        768.00460415999123        145.72374271226639     
           2         235   101.36275495110723        817.67813810403106        145.72850393033085     
           2         236   102.42519413126783        646.78222873122695        145.69318220914923     
           2         237   330.93743114779005        718.06852036803821        182.83486133304035     
           2         238   103.37855297902732        786.79462531902936        145.68299708227033     
           2         239   99.770458261484123        791.36037213427755        145.69763901672897     
           2         240   98.239376079350080        791.78206166499456        145.68412229926736     
           2         241   318.74656465041943        696.25144803564774        182.89170138150331     
           2         242   105.93132257276065        696.50324215992975        145.68947377758917     
           2         243   108.75247578241625        749.80916107635437        145.69603764545340     
           2         244   97.856709534621771        820.40402883149000        145.72283124249932     
           2         245   46148.117448634534        977.39782128000024        44590.980375104336     
           2         246   397.77736273167881        685.78196913427723        182.88892669270919     
           2         247   99.206775996627528        747.92457719521190        145.68847193546912     
           2         248   245.40570650204151        734.12141852319996        153.31938784071127     
           2         249   96.404376112380433        803.85233329683547        145.69711306295429     
           2         250   97.791359920473226        795.09173351671438        145.68208532795393     
           2         251   100.41437795962815        672.89402355294737        145.70303517903562     
           2         252   45999.215243415274        833.37757769999985        44313.391049343474     
           2         253   101.47846076564434        759.99390513427750        145.72850393033085     
           2         254   100.16129726260344        765.07673669609449        145.68236093211468     
           2         255   99.250894283493366        836.65484941973011        145.69763901672897     
           2         256   105.66522352749148        671.46140667133966        145.68336282075575     
           2         257   100.32318924551306        726.59844719808711        145.70303517903562     
           2         258   102.50570740447898        760.59512693088641        145.68910805595806     
           2         259   110.75446736167105        799.59934814985911        145.68849514347093     
           2         260   330.78303697218115        807.23648441784667        182.83740755623174     
           2         261   102.84156238766261        710.91639336753246        145.69827509272193     
           2         262   103.35571906186647        679.41502489322897        145.68440421682007     
           2         263   452.71568362784507        743.47876325427728        270.22550668498570     
           2         264   107.18810571740380        757.69624831856015        145.72410833840166     
           2         265   1390.9108852455795        750.43928018784663        1346.0440015783358     
           2         266   97.762304090999010        679.19909155147695        145.70245657769738     
           2         267   102.87768322609148        698.80628791784670        145.68503403935426     
           2         268   97.121312645061806        681.74115131283929        145.70220620547798     
           2         269   318.07830120932732        754.32805384973506        182.83694717882341     
           2         270   107.43640545481509        777.38347041983025        145.68947377758917     
           2         271   101.82322532575810        672.28533332980055        145.72340975313384     
           2         272   97.291776972495285        730.61027034546350        145.69711805192838     
           2         273   98.637538040349398        723.36705121173463        145.68847193546912     
           2         274   251.30329342904096        749.55228191784681        153.36044241946729     
           2         275   100.54173672604701        783.79501549262716        145.68877500917080     
           2         276   97.505594694565957        673.75541602496503        145.69736344512168     
           2         277   116.30261217558397        711.22816563225149        145.69883764240421     
           2         278   106.33090975086623        739.06589174179339        145.69864078907105     
           2         279   99.669995446674974        718.03053050994845        145.69736906666481     
           2         280   102.59796301989161        757.14742909712288        145.72883687657375     
           2         281   104.69742138246961        624.73428641784665        145.68947377758917     
           2         282   100.76458566569157        695.40123060370070        145.68877500917080     
           2         283   496.01854810927489        731.19112009204002        182.84918955392996     
           2         284   100.44009709646240        805.48079638352533        145.69794206913880     
           2         285   100.48452560173125        780.10985172155983        145.72850393033085     
           2         286   100.75942337267087        672.95881347570162        145.68877500917080     
           2         287   97.984061187211068        663.05589349223271        145.72792544236856     
           2         288   100.87549723194290        749.52954141784687        145.68470098225256     
           2         289   98.716424307994401        816.82401919646873        145.68439789908757     
           2         290   102.42256027732682        804.13167669739903        145.68877500917080     
           2         291   97.051909138228879        654.34117908095732        145.68387189123567     
           2         292   105.25055060452841        702.48563506874461        145.68336282075575     
           2         293   107.69200297467208        716.92439077562813        145.70173567348041     
           2         294   100.23284824454265        780.63652653769577        145.69284917267490     
           2         295   105.21523207173237        854.01620213427736        145.69864078907105     
           2         296   98.469519096320226        694.75068384362737        145.68412229926736     
           2         297   96.445876042659407        699.50399578540100        145.69202013386419     
           2         298   98.685821030848956        760.81919774314747        145.68236093211468     
           2         299   102.45467913349300        757.69804733263516        145.69318220914923     
           2         300   104.60092366382230        813.27487627021890        145.68947377758917     
           2         301   106.17473730551218        719.61856118718526        145.72920248866819     
           2         302   97.905105836310767        716.43665463427737        145.72283124249932     
           2         303   246.30121057591589        731.10228893106319        153.31693337113410     
           2         304   99.299866469853242        793.10947892426827        145.70246219922194     
           2         305   109.67118524399591        788.30426734682464        145.68865314176810     
           2         306   99.640340204862426        686.33761747462859        145.72283124249932     
           2         307   107.29909929946646        712.87605725800017        145.72884480115960     
           2         308   104.72350675878754        734.01182458268090        145.68470806557661     
           2         309   96.768057654942808        758.59293813427746        145.68183491594283     
           2         310   98.273875710230385        847.84302320380880        145.72283124249932     
           2         311   104.85529232160876        672.21953417792463        145.69864078907105     
           2         312   104.83776974569540        738.25663949737020        145.68539977222150     
           2         313   96.154496978797894        733.27345608080100        145.68794594425631     
           2         314   99.247874379476187        790.96172553600002        145.70273213845570     
           2         315   100.15439717674452        825.12159464583920        145.68847193546912     
           2         316   97.275194626317941        701.81734113427729        145.68183491594283     
           2         317   96.204543432795134        699.59631004122400        145.72767511988624     
           2         318   100.74585642448507        753.51280842655251        145.69794206913880     
           2         319   100.21089071414681        728.41902543595324        145.68236093211468     
           2         320   102.90210820778341        803.25630031178594        145.69827509272193     
           2         321   302.74154058653403        675.85348492926505        182.85235114430580     
           2         322   102.23033320285124        722.21346410456931        145.70336818972913     
           2         323   363.09784708627893        675.61249770141603        182.84154000358510     
           2         324   105.32588961702172        779.51736950932752        145.68911598071168     
           2         325   102.90476973368776        743.23653853080395        145.72341683630219     
           2         326   105.84873767032171        686.23166196084424        145.68336282075575     
           2         327   97.626871047457087        690.98991013596822        145.68208532795393     
           2         328   97.668850153976749        734.19265625927346        145.68412229926736     
           2         329   103.14534372950872        792.34711609363592        145.68503403935426     
           2         330   102.25737921043567        784.24555613427754        145.69794915240951     
           2         331   105.38439894435217        646.74958959569744        145.72410833840166     
           2         332   235.87440206031752        677.14660163832127        153.33243843374333     
           2         333   311.55970575181362        725.61235358810211        182.84123903038474     
           2         334   96.187063749978989        751.67497190037705        145.72767511988624     
           2         335   105.61476070880826        806.29358170449404        145.69864078907105     
           2         336   384.46514520670206        650.98636038080349        182.84915903210458     
           2         337   96.718140336503410        680.21742891784675        145.72258091006964     
           2         338   325.78422242287490        699.39838329478380        182.85987513386891     
           2         339   100.31999539262318        760.81486892144051        145.72850393033085     
           2         340   109.48557021403613        827.78429565583542        145.69664299118401     
           2         341   102.23449607134100        706.84747922797692        145.72374271226639     
           2         342   102.23064617156813        685.49449104471796        145.68299708227033     
           2         343   384.32570673796062        734.92243649230011        182.89992093205473     
           2         344   102.93065472157537        717.75450191784682        145.70336818972913     
           2         345   96.442154742910887        790.19739463073472        145.68183491594283     
           2         346   100.66244949652979        698.21087314622503        145.69794206913880     
           2         347   98.655663355566290        720.68573891092569        145.69763901672897     
           2         348   105.62063224013832        716.61224871195748        145.69354791954390     
           2         349   96.171195377348596        764.31161481724644        145.68794594425631     
           2         350   102.46758844990306        777.08329182250270        145.68503403935426     
           2         351   96.628519635067562        691.91508213427733        145.72767511988624     
           2         352   106.26597687182455        773.43102883510130        145.72920248866819     
           2         353   316.56420355048607        766.16393765691373        182.89128227524836     
           2         354   102.68042428129669        761.01586385913652        145.69827509272193     
           2         355   100.82650468788584        825.38623969257981        145.68470098225256     
           2         356   311.19032298714495        665.89192418451046        182.89090088808592     
           2         357   310.64978254510856        718.04352092788099        182.84162053367788     
           2         358   97.648053523246986        786.84289513427757        145.69227052597796     
           2         359   96.298801416541224        791.35791964079965        145.68183491594283     
           2         360   102.52572077029674        791.77781516612231        145.72883687657375     
           2         361   105.30307118668861        696.24730239569851        145.69354791954390     
           2         362   99.115220440162233        696.49775298309942        145.68847193546912     
           2         363   100.51116763698582        749.80348177773351        145.68470098225256     
           2         364   96.213035068113300        798.07751575965813        145.68183491594283     
           2         365   248.50860797327289        803.66852013427729        153.32367931708561     
           2         366   100.29665703576939        666.66465660470931        145.68266402001194     
           2         367   318.35706735991357        747.92004641728488        182.84162945001088     
           2         368   103.47704334700371        734.11697261615404        145.72883687657375     
           2         369   102.17703013732579        803.84638487862287        145.72820726644895     
           2         370   98.680536804950535        795.08552846205555        145.70221119443445     
           2         371   101.62525452125598        678.10948560734130        145.69794206913880     
           2         372   304.94972953753233        708.96130413427738        182.83579949811056     
           2         373   105.24792689390841        786.21450318469010        145.69864078907105     
           2         374   102.73051394754617        766.32506225900261        145.69318220914923     
           2         375   102.60863749116086        846.52142020908673        145.68910805595806     
           2         376   99.029331117812944        647.85564190542209        145.68820196590590     
           2         377   107.15766713244309        719.93019814140860        145.69864963804798     
           2         378   104.57019237465052        739.33164490493198        145.72410833840166     
           2         379   104.92246140264943        792.23810913427747        145.68539977222150     
           2         380   107.16934534188429        807.23431467627756        145.68911598071168     
           2         381   110.62989773992781        710.91209401236893        145.70374272098823     
           2         382   100.70516092364645        679.41099645259226        145.69736906666481     
           2         383   102.83058892924699        761.93501490067638        145.68788974750504     
           2         384   109.80673768897285        757.69005374580297        145.73296087014714     
           2         385   219.64325227099434        678.26021043569335        82.973463346028268     
           2         386   329.53241562346614        697.60463141784669        182.83486133304035     
           2         387   99.406817687628291        712.04082091238558        145.69763901672897     
           2         388   110.25413004174855        709.09363268294078        145.73449011879012     
           2         389   236.12302644298188        762.55951905870188        153.31663649241275     
           2         390   104.96777012023806        817.14173503054451        145.68336282075575     
           2         391   96.946784756912479        688.03583619461619        145.72767511988624     
           2         392   401.87723207732171        651.47492767433619        182.85802805688783     
           2         393   105.15198746143247        744.11598885070828        145.69864078907105     
           2         394   100.26185332223847        767.20977716984078        145.70303517903562     
           2         395   353.31131013053908        745.30731853648967        153.33860507563989     
           2         396   108.80240300367140        694.74082534033755        145.73229625006320     
           2         397   105.14171593274337        736.11500611742213        145.72410833840166     
           2         398   313.63948589936024        772.59150392587685        182.84162053367788     
           2         399   98.113773816257634        748.54071173872762        145.68819634432938     
           2         400   96.702545932008817        796.95185413427737        145.68794594425631     
           2         401   99.038317234974528        646.79653764193108        145.72820094888428     
           2         402   105.72248065640503        725.81443668467523        145.68336282075575     
           2         403   99.557467407123667        790.70734813098784        145.72793106380036     
           2         404   354.63802856552331        813.70977770286549        182.85785482119351     
           2         405   104.88777736111035        792.25881687977187        145.69354791954390     
           2         406   102.66782414093119        676.63775295949995        145.68503403935426     
           2         407   107.96249771380425        686.85644763427729        145.68948262660675     
           2         408   377.05540437283400        756.00214270847960        182.85232580159726     
           2         409   103.28322542476047        853.46765327191440        145.69827509272193     
           2         410   104.94675222587314        843.89035184696502        145.72375063687366     
           2         411   99.322538503147229        671.68558473223436        145.69227614753976     
