  economy_id district_id expected_wage_bill budget belief_expected_Wage_bill
           1           1   99.272216726813227        746.02634913427732        125.44287710739285     
           1           2   96.852628148173238        730.00205520171698        125.34790129797219     
           1           3   107.12934165167829        812.13131781794505        125.65916249549934     
           1           4   99.621920664422902        879.73257045303069        125.44287710739285     
           1           5   99.125349309071083        892.08531921217389        125.44097879880069     
           1           6   99.267554323143614        719.57133198657971        125.44097879880069     
           1           7   99.710037959004552        770.51415193997877        125.45521731446176     
           1           8   992.45659312861108        847.81994000000009        701.39248628831660     
           1           9   96.219504833150353        839.62383399145313        125.33839742772344     
           1          10   96.786457324003038        892.78563188813780        125.35265369461752     
           1          11   96.534579590292310        734.54369391175521        125.35265369461752     
           1          12   258.50068021232062        750.95830325015083        134.95139787943452     
           1          13   97.688964681741510        843.51970419447957        125.40036618995741     
           1          14   101.77533458269849        824.34636712880501        125.51821265570700     
           1          15   98.968484830910683        905.20474613427723        125.44097879880069     
           1          16   98.202826865218640        722.31364423035450        125.39181707292622     
           1          17   99.282199234870973        763.09433259513492        125.44097879880069     
           1          18   97.874346701291444        784.43033082992019        125.38611821566634     
           1          19   99.206928707172310        857.64608070867075        125.44667387241842     
           1          20   99.028006192013322        858.14572420330421        125.44287710739285     
           1          21   97.475884137103719        745.22438740673249        125.39181707292622     
           1          22   97.807701907209392        736.66703763427734        125.38611821566634     
           1          23   99.957820162444733        814.09646003950354        125.44097879880069     
           1          24   99.896048187116676        829.90240306341491        125.44097879880069     
           1          25   96.253105614140352        832.19614438817291        125.33839742772344     
           1          26   98.931351098865704        686.61110849241607        125.44097879880069     
           1          27   106.53559016768283        742.39850241470356        125.88113810867661     
           1          28   98.594361672746928        707.56589125372864        125.39561655735881     
           1          29   103.71955857621245        794.29629813427755        125.58575663043989     
           1          30   477.63418586847638        818.09641973827740        298.24753709031552     
           1          31   3428.2958804578120        831.96290993549997        3124.0827692982784     
           1          32   99.566010859516055        708.97303045125409        125.44097879880069     
           1          33   98.493408659472649        727.99354100676146        125.38611821566634     
           1          34   99.093293927950285        708.61200586777238        125.47895433487304     
           1          35   100.01227993617275        783.35426596376840        125.44097879880069     
           1          36   99.358310115705251        662.21232041784663        125.45521731446176     
           1          37   97.721358016403670        703.24412809368050        125.38801778550203     
           1          38   101.76396353532270        761.50972104613186        125.50588179405942     
           1          39   99.097763231356339        753.81829965364170        125.44287710739285     
           1          40   101.47580813927674        778.37803636699721        125.50588179405942     
           1          41   96.636010518703429        667.42455816565223        125.34029810331897     
           1          42   99.132828969813033        703.15502213196885        125.47895433487304     
           1          43   97.937784643721898        742.60527513427746        125.39561655735881     
           1          44   100.86826831648223        768.84241279437288        125.51346977004479     
           1          45   101.74599084738279        746.75895744697868        125.44950008345567     
           1          46   104.27100828698354        645.66787458766566        125.57817520808925     
           1          47   4093.1530308841352        780.95737460713883        3573.1194916659988     
           1          48   100.18941569692272        724.40778827638599        125.44097879880069     
           1          49   3521.8942088281729        897.42869186070800        3416.7632781433522     
           1          50   429.21601834374860        939.51210713427736        186.66767743445101     
           1          51   96.296899845951771        653.98189103348830        125.34790129797219     
           1          52   101.99560866101396        703.96686683670464        125.45519510494117     
           1          53   99.044510522180147        690.41634456144322        125.44097879880069     
           1          54   103.16152889779980        779.79519280667307        125.59049542037302     
           1          55   100.51590447765474        850.21512775618999        125.44097879880069     
           1          56   106.28689026013633        678.80737888842157        125.87924429022333     
           1          57   99.114844538735028        685.90784485070799        125.48370266327554     
           1          58   108.50696856491720        733.41183112553949        125.65916249549934     
           1          59   97.869139556006587        747.03310732668274        125.38801778550203     
           1          60   99.395302106213137        812.36731536013212        125.44097879880069     
           1          61   4346.0071081368042        779.64743786250006        3847.1876919191909     
           1          62   98.287407346713209        726.93088522777862        125.35265369461752     
           1          63   100.89406899697356        730.22546947510250        125.52295584960461     
           1          64   99.071351115585855        793.11584613427749        125.44667387241842     
           1          65   98.681031183280140        788.31316996072519        125.38611821566634     
           1          66   307.29175319771616        686.34832117505994        182.99813016348466     
           1          67   99.009014773587438        753.24348489750423        125.44097879880069     
           1          68   99.011988725384398        748.06798881068403        125.44097879880069     
           1          69   100.76863531554673        761.88395660213541        125.46373846878915     
           1          70   99.652589922162193        825.35939906754948        125.44097879880069     
           1          71   97.668639346073235        665.91443313427726        125.40036618995741     
           1          72   99.309636982405735        718.08906407965742        125.45996410239364     
           1          73   99.408409076629582        744.35692682139415        125.44097879880069     
           1          74   99.074326824012005        764.99475699637821        125.44097879880069     
           1          75   100.91128787402943        789.21875956510655        125.44097879880069     
           1          76   99.142466813000198        714.59768782959259        125.45047083456379     
           1          77   103.19268132909349        703.13223809192584        125.58196582056908     
           1          78   101.18816136805376        771.06643513427753        125.50588179405942     
           1          79   99.530009980152300        764.19878759381390        125.44097879880069     
           1          80   346.98461335203746        815.64476544048546        185.75048680220914     
           1          81   99.006402347217488        696.05650501216780        125.44667387241842     
           1          82   99.721196608124771        734.41128037112878        125.44097879880069     
           1          83   100.93758575251069        728.82572765161990        125.44097879880069     
           1          84   100.48046751289075        783.95991864255143        125.44287710739285     
           1          85   349.20202943240992        753.00845955212401        185.61924170901065     
           1          86   101.14607650392037        678.15190902461188        125.44950008345567     
           1          87   101.82611368871289        707.02572507277375        125.54667644327976     
           1          88   300.57469228300596        754.17214925185033        182.86180419521446     
           1          89   99.345642802886147        775.81572507601049        125.44287710739285     
           1          90   106.52726021660949        809.76308433265456        125.65916249549934     
           1          91   102.30062466046405        634.22207183756154        125.45139837467032     
           1          92   100.77119826497110        716.37480891784662        125.50398492334030     
           1          93   103.07893548799771        719.80155864692961        125.58196582056908     
           1          94   99.119667009485227        765.15175447177603        125.44667387241842     
           1          95   102.43675878515363        823.26747396179405        125.46373846878915     
           1          96   239.89060534246360        662.56630913008405        134.70885582720325     
           1          97   99.325765697080371        674.66849719635388        125.44097879880069     
           1          98   97.743111334292749        705.17085622101092        125.34455404817123     
           1          99   99.284308314597965        754.71075341784672        125.45521731446176     
           1         100   99.171312341037520        781.99127403642387        125.44097879880069     
           1         101   100.68988160917506        685.86941870384078        125.44097879880069     
           1         102   101.68865133061402        680.79624594590882        125.46373846878915     
           1         103   99.111156831803257        708.43069755601766        125.44667387241842     
           1         104   99.033566797954990        727.15202768721861        125.44097879880069     
           1         105   99.060712001834489        790.15410177513832        125.44097879880069     
           1         106   99.562463991847665        698.21857413427722        125.44097879880069     
           1         107   120.57667033889003        739.74089801343735        125.88871388935077     
           1         108   100.45166591371172        717.04908735891092        125.44950008345567     
           1         109   103.18314654404149        765.94808997378300        125.59523451876494     
           1         110   105.13611090611384        745.06469713643185        125.57627997586970     
           1         111   99.508834863426699        672.66705654672489        125.44097879880069     
           1         112   99.094208741431672        730.56216471392872        125.44097879880069     
           1         113   103.17266048074066        752.57325513427747        125.58196582056908     
           1         114   243.95738268677684        748.14114783220805        134.70681875913411     
           1         115   101.06538814589440        795.23876653916818        125.45139837467032     
           1         116   107.56273461932089        656.75228555633362        125.88492589763869     
           1         117   363.73260302614159        756.34916685448525        170.15141155207357     
           1         118   376.39095154094917        808.05841714251619        183.82890964864941     
           1         119   418.68159592291249        858.02244273141605        186.81603461037434     
           1         120   98.965440136457829        791.78420813427749        125.44287710739285     
           1         121   113.25191622534543        696.25576214205114        126.01240860490786     
           1         122   104.00505736702520        696.50793644934720        125.57817520808925     
           1         123   97.709307745096453        749.81535045767828        125.38611821566634     
           1         124   99.449907682521882        820.41058303739237        125.44667387241842     
           1         125   103.31826582275896        823.53825419950169        125.52820488629541     
           1         126   103.21036452969268        668.70988234657671        125.51966800023770     
           1         127   651.48908817271899        805.58441641784657        600.44101962833849     
           1         128   101.24407135159630        727.11268698078709        125.54193170792139     
           1         129   97.985077214277524        781.55605462731432        125.40511613041704     
           1         130   100.97819937226529        830.64044766562245        125.50398492334030     
           1         131   99.148794014852783        678.45860221286136        125.44097879880069     
           1         132   965.66035793991034        798.75571332984657        568.30208358087577     
           1         133   12015.375656879340        896.22677312799988        10859.056958473515     
           1         134   99.028344914281035        765.07901913427736        125.44097879880069     
           1         135   99.240212025170607        836.65971203352353        125.45047083456379     
           1         136   5205.5059114317446        802.98995001196931        4236.5855979572470     
           1         137   97.800779695726462        709.42348125254341        125.38611821566634     
           1         138   98.937101194698968        740.19905006127112        125.44097879880069     
           1         139   99.788522489681668        819.74743413840599        125.44667387241842     
           1         140   234.50240790767327        797.29683029911291        134.63740568710600     
           1         141   6635.5792221844240        767.54043899999988        5011.3106927865419     
           1         142   17035.359734331596        810.85646454863854        16030.739019497942     
           1         143   102.24800033608946        751.78048538641667        125.51346977004479     
           1         144   97.732626216903626        770.58198407694113        125.39181707292622     
           1         145   98.004903068150540        824.48145708165941        125.42411897125619     
           1         146   123.37862327839382        686.60584100215613        125.91713029133739     
           1         147   99.006896444147614        742.37711021466123        125.44097879880069     
           1         148   114.17408234273339        707.60722141784686        125.89344916412816     
           1         149   117.59117236586665        794.29375543646393        126.01619179691291     
           1         150   10638.620216741347        972.57894055500014        8880.2491911609959     
           1         151   15288.185591914333        740.21102402827728        13982.024319136846     
           1         152   100.80474731645380        728.34961026271537        125.50398492334030     
           1         153   97.950194062868462        743.43560291536005        125.38611821566634     
           1         154   111.56955435059727        738.75472829203409        125.87924429022333     
           1         155   99.625710443502726        793.40482713427741        125.44097879880069     
           1         156   100.14647786849075        689.51266465377967        125.44667387241842     
           1         157   99.572541660059841        721.46954705388043        125.45047083456379     
           1         158   307.74491330419943        773.79841998704580        182.99813016348466     
           1         159   107.97374983174136        776.98553579631323        125.89344916412816     
           1         160   99.889204072232786        798.24291748991095        125.44097879880069     
           1         161   309.00479367210232        671.09948209169431        182.99813016348466     
           1         162   311.77382095124347        726.95555813427734        183.00088716817652     
           1         163   99.004585171910179        770.31871795293659        125.45047083456379     
           1         164   97.510537717415374        805.48630377175721        125.39181707292622     
           1         165   106.02408648171962        780.11629869771286        125.71497578961511     
           1         166   99.190544297847609        672.96415914353588        125.44287710739285     
           1         167   98.086198474438532        676.31048921081333        125.40036618995741     
           1         168   99.600571239829478        757.91438213693027        125.44097879880069     
           1         169   106.43969983299834        825.94205785070824        125.67809837727155     
           1         170   236.32212928285568        848.36732256432902        134.62361662726721     
           1         171   109.50429125066842        658.69031066092862        125.87924429022333     
           1         172   110.15450830722625        709.46869487790616        125.87924429022333     
           1         173   100.06518361526498        716.93002326736189        125.44097879880069     
           1         174   103.97097322186106        788.02516737629890        125.67416245841673     
           1         175   309.98964806377904        889.94930532541673        182.99813016348466     
           1         176   4451.5388349090472        903.36799156713857        4374.2190984771642     
           1         177   111.75925170440320        704.22059430157833        126.02565066738994     
           1         178   99.776992930442802        760.82360215759832        125.44667387241842     
           1         179   100.43991790296249        757.70394665939386        125.44097879880069     
           1         180   310.02365721299350        813.28110911937881        182.99813016348466     
           1         181   312.62377774294447        719.64430067176420        183.00640139062901     
           1         182   233.49092830817881        726.90650826472609        134.60272242939490     
           1         183   97.595899329079089        730.26835513427750        125.40511613041704     
           1         184   99.486386211420722        793.11373798656155        125.44667387241842     
           1         185   101.31716157602696        788.30868267380629        125.45519510494117     
           1         186   101.42723847099063        686.34365745600530        125.45899203233239     
           1         187   97.597142952719338        733.05997993129517        125.38801778550203     
           1         188   113.31630507352972        741.04903790572257        126.15519967180153     
           1         189   97.930341651272172        758.55048754291909        125.39561655735881     
           1         190   101.03760059289293        847.84532313427724        125.50398492334030     
           1         191   97.922942931523906        672.22405063065275        125.38611821566634     
           1         192   103.15638278474059        738.26145233201555        125.51587414919206     
           1         193   101.05763479348211        733.27972979816627        125.45899203233239     
           1         194   133.92763117304611        771.97837431167648        125.87924429022333     
           1         195   309.87435280185565        802.70386703693578        182.99813016348466     
           1         196   97.244005963459955        719.05643914253437        125.34029810331897     
           1         197   107.46712195998896        704.31075963427725        125.89818475575586     
           1         198   101.13343433656661        780.03750514923934        125.50967568342777     
           1         199   98.967354606845049        736.66003434273523        125.44097879880069     
           1         200   99.684618963612238        815.44356788784296        125.44097879880069     
           1         201   242.96459822564600        676.93521954827293        134.71293012178623     
           1         202   99.702685611279534        727.74855973078650        125.44097879880069     
           1         203   104.34317650967608        746.88861658646567        125.57627997586970     
           1         204   98.927832123626956        805.42378991784699        125.44097879880069     
           1         205   99.343492185394609        763.97716982479585        125.44097879880069     
           1         206   106.05674536956100        697.26203104083697        125.66862981899654     
           1         207   99.608686402474930        696.50211544004014        125.45521731446176     
           1         208   98.793055763926361        751.85367810060291        125.39181707292622     
           1         209   100.97098552098716        789.86806154433839        125.44667387241842     
           1         210   101.21119343084148        774.19725817859910        125.50588179405942     
           1         211   99.699016328294647        628.71030641784660        125.44097879880069     
           1         212   105.40516849919456        696.19515004031518        125.76845306567633     
           1         213   311.75307563788664        719.79666948672661        182.99813016348466     
           1         214   99.216997924297644        757.78660325622138        125.44097879880069     
           1         215   98.997577074071060        799.89822791802101        125.44097879880069     
           1         216   99.300162387764701        656.24876464893157        125.44097879880069     
           1         217   310.10007711604914        691.82897036909696        183.00640139062901     
           1         218   99.438852870418515        725.62392141784687        125.44097879880069     
           1         219   7540.1674607686764        936.18785653819998        6673.2813343598200     
           1         220   105.63533067175692        805.35344800590997        125.67336394377648     
           1         221   18752.717147322877        787.26202270199985        17604.272341683452     
           1         222   99.065360501819683        660.61311681715199        125.45047083456379     
           1         223   99.266168017219499        701.41241731334787        125.44287710739285     
           1         224   21162.133285198441        887.23725109599991        20586.379314982929     
           1         225   134.93576083901010        782.48503241784670        125.87924429022333     
           1         226   35326.041890516870        808.64531408500011        33709.165842580995     
           1         227   131.54331924998240        719.55817378524239        125.87924429022333     
           1         228   310.56511861938890        710.03066326271085        182.99813016348466     
           1         229   313.07501849875860        765.94259747877732        183.01060198270184     
           1         230   22473.737041402863        958.77848216499990        20330.657757330577     
           1         231   99.717663700681186        688.92128292867221        125.44287710739285     
           1         232   103.12512690604078        749.99650663427735        125.58575663043989     
           1         233   99.114874852170871        741.49800557901574        125.45047083456379     
           1         234   100.76715250803144        768.00460415999123        125.51346977004479     
           1         235   98.335478020233865        817.67813810403106        125.38611821566634     
           1         236   96.338623119315159        646.78222873122695        125.33839742772344     
           1         237   306.97392087699552        718.06852036803821        182.92060018170787     
           1         238   98.359385132069448        786.79462531902936        125.38611821566634     
           1         239   100.11975996213475        791.36037213427755        125.44097879880069     
           1         240   100.06474871811112        791.78206166499456        125.44097879880069     
           1         241   308.21153021069335        696.25144803564774        182.99813016348466     
           1         242   100.02213823258438        696.50324215992975        125.44097879880069     
           1         243   117.45431071805895        749.80916107635437        126.01619179691291     
           1         244   99.574052824604337        820.40402883149000        125.44097879880069     
           1         245   43941.590805377200        977.39782128000024        41429.750138601528     
           1         246   470.75318917090772        685.78196913427723        184.30080797517564     
           1         247   99.556505178766372        747.92457719521190        125.44097879880069     
           1         248   242.16128715202660        734.12141852319996        134.72719181664942     
           1         249   101.14050251617782        803.85233329683547        125.50398492334030     
           1         250   99.573473519224706        795.09173351671438        125.44097879880069     
           1         251   100.89614376326169        672.89402355294737        125.50588179405942     
           1         252   50679.246080446930        833.37757769999985        48101.432563013273     
           1         253   100.03728269725228        759.99390513427750        125.44097879880069     
           1         254   100.56708215016963        765.07673669609449        125.45047083456379     
           1         255   99.587129179055466        836.65484941973011        125.44097879880069     
           1         256   99.821165084620972        671.46140667133966        125.44097879880069     
           1         257   98.997436090285191        726.59844719808711        125.44097879880069     
           1         258   99.213706330256983        760.59512693088641        125.44667387241842     
           1         259   111.09597829559509        799.59934814985911        125.78267361309007     
           1         260   318.01241802248330        807.23648441784667        183.09309422425579     
           1         261   99.478358949859739        710.91639336753246        125.44097879880069     
           1         262   103.74921334983267        679.41502489322897        125.44950008345567     
           1         263   470.11701764932428        743.47876325427728        261.51157818732554     
           1         264   102.95567215451499        757.69624831856015        125.50967568342777     
           1         265   1391.7009983940873        750.43928018784663        1271.7206942508849     
           1         266   96.651260017625859        679.19909155147695        125.33839742772344     
           1         267   99.522706191216713        698.80628791784670        125.44097879880069     
           1         268   100.17154271718250        681.74115131283929        125.44097879880069     
           1         269   303.05893667713212        754.32805384973506        182.91784133128030     
           1         270   101.13599604380593        777.38347041983025        125.44097879880069     
           1         271   100.36665063873554        672.28533332980055        125.44097879880069     
           1         272   102.32668136795364        730.61027034546350        125.51397729763413     
           1         273   99.045840411688076        723.36705121173463        125.48370266327554     
           1         274   238.84272563379790        749.55228191784681        134.66316502591613     
           1         275   99.220961651689905        783.79501549262716        125.44097879880069     
           1         276   97.731026340184698        673.75541602496503        125.40511613041704     
           1         277   110.88857573606441        711.22816563225149        125.88113810867661     
           1         278   100.33903776174274        739.06589174179339        125.45047083456379     
           1         279   98.440191846188384        718.03053050994845        125.35025617976423     
           1         280   101.08310616498592        757.14742909712288        125.51821265570700     
           1         281   99.078596537997015        624.73428641784665        125.44097879880069     
           1         282   97.895852229456821        695.40123060370070        125.39561655735881     
           1         283   447.39980952168128        731.19112009204002        184.25666596915900     
           1         284   99.113295540957139        805.48079638352533        125.44097879880069     
           1         285   99.112197648490650        780.10985172155983        125.44097879880069     
           1         286   103.49064047483439        672.95881347570162        125.59049542037302     
           1         287   98.142637462827622        663.05589349223271        125.38801778550203     
           1         288   101.46285607075450        749.52954141784687        125.54667644327976     
           1         289   96.281821937627299        816.82401919646873        125.34029810331897     
           1         290   99.289006701911049        804.13167669739903        125.38611821566634     
           1         291   100.11214547170071        654.34117908095732        125.44097879880069     
           1         292   96.669489800095704        702.48563506874461        125.34790129797219     
           1         293   110.90655819917990        716.92439077562813        125.87924429022333     
           1         294   98.943467539848172        780.63652653769577        125.45047083456379     
           1         295   99.472085086145668        854.01620213427736        125.44667387241842     
           1         296   100.32224425235100        694.75068384362737        125.44097879880069     
           1         297   99.368735417929003        699.50399578540100        125.44287710739285     
           1         298   100.90134978576765        760.81919774314747        125.54193170792139     
           1         299   99.160307364510984        757.69804733263516        125.44287710739285     
           1         300   99.029117603975209        813.27487627021890        125.45521731446176     
           1         301   100.16573746343732        719.61856118718526        125.44097879880069     
           1         302   99.634054055308141        716.43665463427737        125.44097879880069     
           1         303   247.23692695849914        731.10228893106319        134.71597428164202     
           1         304   101.24020889833480        793.10947892426827        125.45519510494117     
           1         305   105.29517475335948        788.30426734682464        125.87924429022333     
           1         306   99.895168306960286        686.33761747462859        125.40511613041704     
           1         307   103.09172204516399        712.87605725800017        125.46373846878915     
           1         308   101.14993921991358        734.01182458268090        125.39526935138962     
           1         309   98.201988716858111        758.59293813427746        125.38801778550203     
           1         310   101.96335076704626        847.84302320380880        125.50398492334030     
           1         311   99.190806978574358        672.21953417792463        125.44287710739285     
           1         312   97.663072092862208        738.25663949737020        125.38611821566634     
           1         313   100.84200839873469        733.27345608080100        125.51346977004479     
           1         314   99.578533689812730        790.96172553600002        125.44287710739285     
           1         315   102.49079873900004        825.12159464583920        125.51346977004479     
           1         316   100.39449811842672        701.81734113427729        125.44097879880069     
           1         317   99.007127227303272        699.59631004122400        125.44097879880069     
           1         318   101.25503814559185        753.51280842655251        125.51346977004479     
           1         319   102.56401487493832        728.41902543595324        125.50588179405942     
           1         320   97.997365169773801        803.25630031178594        125.40036618995741     
           1         321   308.13887116691217        675.85348492926505        182.99813016348466     
           1         322   98.971433341894951        722.21346410456931        125.45047083456379     
           1         323   377.55935933470209        675.61249770141603        183.88815969755322     
           1         324   101.56295668683597        779.51736950932752        125.45519510494117     
           1         325   101.44144263110000        743.23653853080395        125.49222355698721     
           1         326   99.966937683792381        686.23166196084424        125.44097879880069     
           1         327   99.404262157495779        690.98991013596822        125.45047083456379     
           1         328   99.436424765809079        734.19265625927346        125.44097879880069     
           1         329   99.749236360304792        792.34711609363592        125.44097879880069     
           1         330   100.80177785677503        784.24555613427754        125.44950008345567     
           1         331   99.570934007135591        646.74958959569744        125.44667387241842     
           1         332   243.55288889002944        677.14660163832127        134.71293012178623     
           1         333   312.85413440533233        725.61235358810211        183.01880942992713     
           1         334   99.010192526513876        751.67497190037705        125.45521731446176     
           1         335   99.764755385665538        806.29358170449404        125.44097879880069     
           1         336   361.85998869850323        650.98636038080349        183.65332843437153     
           1         337   99.652047491397525        680.21742891784675        125.45047083456379     
           1         338   314.16352853600483        699.39838329478380        183.01060198270184     
           1         339   98.962188784915810        760.81486892144051        125.44287710739285     
           1         340   112.70465172862811        827.78429565583542        125.88492589763869     
           1         341   98.933696497157555        706.84747922797692        125.44097879880069     
           1         342   98.980978583623425        685.49449104471796        125.44097879880069     
           1         343   351.01784069312964        734.92243649230011        183.64782705674779     
           1         344   96.711662873802950        717.75450191784682        125.35740639897266     
           1         345   99.405139601835558        790.19739463073472        125.45521731446176     
           1         346   99.352729828118456        698.21087314622503        125.45996410239364     
           1         347   98.981622117843671        720.68573891092569        125.44287710739285     
           1         348   99.779689375916377        716.61224871195748        125.44097879880069     
           1         349   100.86380383082198        764.31161481724644        125.51346977004479     
           1         350   99.187954834353135        777.08329182250270        125.44667387241842     
           1         351   99.525809706113222        691.91508213427733        125.44287710739285     
           1         352   100.22585994209729        773.43102883510130        125.44097879880069     
           1         353   311.96670973313604        766.16393765691373        182.99813016348466     
           1         354   99.351250741261580        761.01586385913652        125.44667387241842     
           1         355   99.490950835284451        825.38623969257981        125.44097879880069     
           1         356   318.25481618974254        665.89192418451046        183.09309422425579     
           1         357   306.62633002056521        718.04352092788099        182.99813016348466     
           1         358   101.24478562605049        786.84289513427757        125.50588179405942     
           1         359   99.208485060021346        791.35791964079965        125.44097879880069     
           1         360   99.172450893753279        791.77781516612231        125.44097879880069     
           1         361   99.557983081728864        696.24730239569851        125.45521731446176     
           1         362   99.462654677131923        696.49775298309942        125.44097879880069     
           1         363   99.201300482870806        749.80348177773351        125.44287710739285     
           1         364   97.589031172887360        798.07751575965813        125.38801778550203     
           1         365   244.93016828383659        803.66852013427729        134.71597428164202     
           1         366   102.95302647334253        666.66465660470931        125.57627997586970     
           1         367   313.79110643423110        747.92004641728488        183.01887313354445     
           1         368   101.87565282348807        734.11697261615404        125.50398492334030     
           1         369   102.49627875631401        803.84638487862287        125.44950008345567     
           1         370   98.803676878679610        795.08552846205555        125.35881020788382     
           1         371   98.671284473473548        678.10948560734130        125.42887045131320     
           1         372   310.65259360848847        708.96130413427738        182.99813016348466     
           1         373   99.488600700637804        786.21450318469010        125.44097879880069     
           1         374   99.393719789684695        766.32506225900261        125.44287710739285     
           1         375   96.473235546859868        846.52142020908673        125.34029810331897     
           1         376   108.18297540046666        647.85564190542209        125.69176377683716     
           1         377   105.30418994920555        719.93019814140860        125.58797542884966     
           1         378   98.959628843638797        739.33164490493198        125.45047083456379     
           1         379   99.250428799418586        792.23810913427747        125.44097879880069     
           1         380   103.05540510006210        807.23431467627756        125.46373846878915     
           1         381   103.42618443316623        710.91209401236893        125.44950008345567     
           1         382   102.79292244797620        679.41099645259226        125.44950008345567     
           1         383   107.06436247597522        761.93501490067638        125.89818475575586     
           1         384   110.31730511707404        757.69005374580297        125.87924429022333     
           1         385   243.20094313208796        678.26021043569335        78.250453877078996     
           1         386   310.98111382599450        697.60463141784669        182.99813016348466     
           1         387   101.63557921352718        712.04082091238558        125.50967568342777     
           1         388   105.73068808569867        709.09363268294078        125.87924429022333     
           1         389   240.40110580624167        762.55951905870188        134.71293012178623     
           1         390   99.291527809327334        817.14173503054451        125.44287710739285     
           1         391   104.06435725195648        688.03583619461619        125.58196582056908     
           1         392   377.39439291085080        651.47492767433619        183.57529411553645     
           1         393   97.869950781116387        744.11598885070828        125.38611821566634     
           1         394   98.940355625373201        767.20977716984078        125.44097879880069     
           1         395   296.42974866965443        745.30731853648967        135.14684947024006     
           1         396   112.15753828380986        694.74082534033755        125.92186746764192     
           1         397   99.382593215271569        736.11500611742213        125.44287710739285     
           1         398   315.45539137387675        772.59150392587685        183.14545083865826     
           1         399   99.922623679500759        748.54071173872762        125.44097879880069     
           1         400   98.118967332405376        796.95185413427737        125.38801778550203     
           1         401   99.345797726212894        646.79653764193108        125.45521731446176     
           1         402   104.06902876523426        725.81443668467523        125.61419399731535     
           1         403   101.47291888654397        790.70734813098784        125.44950008345567     
           1         404   366.78204215018718        813.70977770286549        183.64782705674779     
           1         405   99.222295203720762        792.25881687977187        125.44287710739285     
           1         406   99.356056055893006        676.63775295949995        125.44667387241842     
           1         407   101.60825455665291        686.85644763427729        125.46848521328198     
           1         408   376.67563069018280        756.00214270847960        183.65332843437153     
           1         409   101.75589672362422        853.46765327191440        125.51346977004479     
           1         410   103.23555816750975        843.89035184696502        125.51397729763413     
           1         411   101.29350057081675        671.68558473223436        125.45899203233239     
           2           1   99.564305569237277        746.02634913427732        127.03508791682948     
           2           2   106.76582793888433        730.00205520171698        127.25845796985422     
           2           3   100.48055149091577        812.13131781794505        127.02958176929577     
           2           4   103.99616931755311        879.73257045303069        127.17604431761701     
           2           5   99.413482088055062        892.08531921217389        127.02958176929577     
           2           6   99.553575418704767        719.57133198657971        127.02958176929577     
           2           7   99.965282942887626        770.51415193997877        127.02958176929577     
           2           8   718.79154249558928        847.81994000000009        488.45797132813237     
           2           9   99.280594158678312        839.62383399145313        127.02958176929577     
           2          10   99.926917193181538        892.78563188813780        127.03508791682948     
           2          11   99.638594080154434        734.54369391175521        127.03875891057258     
           2          12   235.51137985605777        750.95830325015083        136.33839383798798     
           2          13   97.968371072496325        843.51970419447957        126.98141278974617     
           2          14   97.238771525806399        824.34636712880501        126.92222620445028     
           2          15   101.05810925535589        905.20474613427723        127.09530257699450     
           2          16   98.480914552119572        722.31364423035450        126.97773920259229     
           2          17   99.591608053142281        763.09433259513492        127.04334791008723     
           2          18   99.703868140620372        784.43033082992019        127.02958176929577     
           2          19   99.487502287625631        857.64608070867075        127.03141710606290     
           2          20   99.386271166392618        858.14572420330421        127.07088791247435     
           2          21   96.494733671028413        745.22438740673249        126.92222620445028     
           2          22   99.648256503607087        736.66703763427734        127.03875891057258     
           2          23   100.25945876941967        814.09646003950354        127.04334791008723     
           2          24   100.17883354393389        829.90240306341491        127.03141710606290     
           2          25   99.320111592849855        832.19614438817291        127.02958176929577     
           2          26   99.221822749560644        686.61110849241607        127.02958176929577     
           2          27   104.62685337264882        742.39850241470356        126.99982501033359     
           2          28   100.46738071610513        707.56589125372864        127.03141710606290     
           2          29   99.927054847815285        794.29629813427755        127.04334791008723     
           2          30   479.11820852436159        818.09641973827740        298.50188470632719     
           2          31   3428.2750036873354        831.96290993549997        3110.3628001709840     
           2          32   98.308901823950194        708.97303045125409        126.98141278974617     
           2          33   98.792755946850889        727.99354100676146        126.98600503085386     
           2          34   99.342646871159900        708.61200586777238        127.04334791008723     
           2          35   100.29016897617628        783.35426596376840        127.02958176929577     
           2          36   101.45777988904547        662.21232041784663        127.09713643840982     
           2          37   101.36239405673349        703.24412809368050        127.09530257699450     
           2          38   100.15303099519849        761.50972104613186        127.02958176929577     
           2          39   99.382925988041123        753.81829965364170        127.02958176929577     
           2          40   99.903033425047738        778.37803636699721        127.03875891057258     
           2          41   99.765555825410075        667.42455816565223        127.02958176929577     
           2          42   101.17024282828098        703.15502213196885        127.09713643840982     
           2          43   99.764538901375559        742.60527513427746        127.03508791682948     
           2          44   99.350805132214418        768.84241279437288        127.03875891057258     
           2          45   102.01581142497766        746.75895744697868        127.03906692451734     
           2          46   100.40845093342260        645.66787458766566        127.06629719707196     
           2          47   4776.7228650106781        780.95737460713883        4299.7190529727195     
           2          48   100.46734314810364        724.40778827638599        127.02958176929577     
           2          49   3707.9843373225058        897.42869186070800        3607.3592894443659     
           2          50   427.10617276154682        939.51210713427736        188.42944983196492     
           2          51   99.352416714127926        653.98189103348830        127.02958176929577     
           2          52   106.89428521240674        703.96686683670464        127.18471222336007     
           2          53   99.336560004989295        690.41634456144322        127.03141710606290     
           2          54   101.29004276331368        779.79519280667307        127.11364325115676     
           2          55   100.78787087748552        850.21512775618999        127.03141710606290     
           2          56   106.50119291753667        678.80737888842157        127.04536906838443     
           2          57   99.332061773214562        685.90784485070799        127.02958176929577     
           2          58   101.47598966044630        733.41183112553949        127.04793719554030     
           2          59   99.695020594598205        747.03310732668274        127.02958176929577     
           2          60   96.862825678248271        812.36731536013212        126.93141552596114     
           2          61   5302.0366282316509        779.64743786250006        4870.0871327652676     
           2          62   101.77582611725529        726.93088522777862        127.07088791247435     
           2          63   105.87989342175746        730.22546947510250        127.25845796985422     
           2          64   103.32546451105102        793.11584613427749        127.17604431761701     
           2          65   97.599524699138613        788.31316996072519        126.92773966027987     
           2          66   299.55820771067562        686.34832117505994        185.75021841062838     
           2          67   96.533981418375092        753.24348489750423        126.92773966027987     
           2          68   99.301539338174621        748.06798881068403        127.02958176929577     
           2          69   99.360991719670821        761.88395660213541        126.97432812968725     
           2          70   101.81471887954973        825.35939906754948        127.10447234183354     
           2          71   99.456015910185911        665.91443313427726        127.02958176929577     
           2          72   103.59021671343088        718.08906407965742        127.17970900554381     
           2          73   99.691103795258286        744.35692682139415        127.02958176929577     
           2          74   97.871226177900795        764.99475699637821        126.98600503085386     
           2          75   101.18057100764271        789.21875956510655        127.03141710606290     
           2          76   99.414362909890698        714.59768782959259        127.02958176929577     
           2          77   99.485093692957577        703.13223809192584        127.03508791682948     
           2          78   103.66184658822873        771.06643513427753        127.17237981294332     
           2          79   99.830052944700512        764.19878759381390        127.03875891057258     
           2          80   347.93152968466347        815.64476544048546        188.29605066050095     
           2          81   99.286540805924091        696.05650501216780        127.02958176929577     
           2          82   98.436653639740470        734.41128037112878        126.97406579831154     
           2          83   101.20978929016503        728.82572765161990        127.03141710606290     
           2          84   100.75254893049679        783.95991864255143        127.03141710606290     
           2          85   374.45629680438924        753.00845955212401        188.57733427682288     
           2          86   101.41371590626328        678.15190902461188        127.02988978642796     
           2          87   100.13651910774706        707.02572507277375        127.02958176929577     
           2          88   310.48794294555182        754.17214925185033        185.91986202746435     
           2          89   99.631239747910399        775.81572507601049        127.03141710606290     
           2          90   100.03551365559609        809.76308433265456        127.02958176929577     
           2          91   102.55833124027448        634.22207183756154        127.03172512255770     
           2          92   97.770220872174690        716.37480891784662        126.98141278974617     
           2          93   99.417597455635700        719.80155864692961        127.04793719554030     
           2          94   99.397824068689374        765.15175447177603        127.02958176929577     
           2          95   100.89293414011802        823.26747396179405        126.98167511880671     
           2          96   240.57945225274824        662.56630913008405        136.43896675043359     
           2          97   101.44521878997635        674.66849719635388        127.09530257699450     
           2          98   101.08024402215348        705.17085622101092        127.03906692451734     
           2          99   99.545757239839176        754.71075341784672        127.02958176929577     
           2         100   99.490748344081567        781.99127403642387        127.04793719554030     
           2         101   97.913846078936430        685.86941870384078        126.93141552596114     
           2         102   101.92958261192155        680.79624594590882        127.02988978642796     
           2         103   99.413920871436190        708.43069755601766        127.04334791008723     
           2         104   96.577538401224118        727.15202768721861        126.94060598983458     
           2         105   97.844469759683108        790.15410177513832        126.97773920259229     
           2         106   99.844807360610574        698.21857413427722        127.02958176929577     
           2         107   120.63247859565651        739.74089801343735        127.05913405894013     
           2         108   102.68255605409115        717.04908735891092        127.10483324979990     
           2         109   99.452325533741487        765.94808997378300        127.02958176929577     
           2         110   103.07141821345527        745.06469713643185        127.10905765342793     
           2         111   99.816818377701722        672.66705654672489        127.04334791008723     
           2         112   101.19757522927645        730.56216471392872        127.09713643840982     
           2         113   99.482997450327204        752.57325513427747        127.04334791008723     
           2         114   244.61439167656104        748.14114783220805        136.44881652552303     
           2         115   99.653479023509448        795.23876653916818        126.97800153281021     
           2         116   110.43081339546286        656.75228555633362        127.15003038561130     
           2         117   324.87356319560564        756.34916685448525        171.84855368109817     
           2         118   375.50914475193127        808.05841714251619        186.03615241586542     
           2         119   419.59540822877864        858.02244273141605        188.62482348474302     
           2         120   101.08282877102116        791.78420813427749        127.11364325115676     
           2         121   110.16024061354028        696.25576214205114        127.05087475550656     
           2         122   107.00946493295093        696.50793644934720        127.29324193363121     
           2         123   101.35510494800486        749.81535045767828        127.09713643840982     
           2         124   99.727959604525182        820.41058303739237        127.03141710606290     
           2         125   103.55624494600622        823.53825419950169        127.09566348847083     
           2         126   101.45120231106901        668.70988234657671        127.03906692451734     
           2         127   583.21120307008573        805.58441641784657        502.64463250196945     
           2         128   98.118376485280137        727.11268698078709        126.99059755772741     
           2         129   98.251165181338465        781.55605462731432        126.98141278974617     
           2         130   96.673406373146832        830.64044766562245        126.93601061509487     
           2         131   97.914263819792268        678.45860221286136        126.97222916474242     
           2         132   966.39101359498341        798.75571332984657        551.78460539199477     
           2         133   12014.839714443566        896.22677312799988        10832.655978912175     
           2         134   97.829802371564355        765.07901913427736        126.98600503085386     
           2         135   99.519665559318412        836.65971203352353        127.03508791682948     
           2         136   4943.0940718651682        802.98995001196931        3967.0106686599033     
           2         137   98.102435363982337        709.42348125254341        126.98141278974617     
           2         138   99.227657507532797        740.19905006127112        127.02958176929577     
           2         139   102.00169228557060        819.74743413840599        127.13198850379366     
           2         140   242.02257295109723        797.29683029911291        136.43896675043359     
           2         141   6633.5622713975517        767.54043899999988        4977.4922695918031     
           2         142   17035.513331727539        810.85646454863854        16026.209103942465     
           2         143   102.53012967361369        751.78048538641667        127.11364325115676     
           2         144   96.731014207178873        770.58198407694113        126.92406397737082     
           2         145   101.63616333488314        824.48145708165941        127.10080429856727     
           2         146   123.43150721603779        686.60584100215613        127.08667176878090     
           2         147   99.296568074489230        742.37711021466123        127.02958176929577     
           2         148   114.22392061066961        707.60722141784686        127.04720425163367     
           2         149   111.74405845440958        794.29375543646393        126.99982501033359     
           2         150   10635.401542489792        972.57894055500014        8819.2821286072194     
           2         151   16070.530854164313        740.21102402827728        14751.122981787426     
           2         152   101.09457257861582        728.34961026271537        127.09530257699450     
           2         153   99.787015649245760        743.43560291536005        127.02958176929577     
           2         154   111.67687775902603        738.75472829203409        127.04536906838443     
           2         155   99.908183844400938        793.40482713427741        127.02958176929577     
           2         156   102.35410065948118        689.51266465377967        127.11364325115676     
           2         157   99.842373282965681        721.46954705388043        127.03141710606290     
           2         158   303.88189833348309        773.79841998704580        185.81560167482914     
           2         159   110.74667217131694        776.98553579631323        127.11334814882002     
           2         160   102.05462065538670        798.24291748991095        127.09530257699450     
           2         161   310.09020215558650        671.09948209169431        185.95998251173157     
           2         162   312.61251604792147        726.95555813427734        185.91317672687299     
           2         163   99.278565676848174        770.31871795293659        127.02958176929577     
           2         164   99.304246321863246        805.48630377175721        127.03141710606290     
           2         165   110.54840194427891        780.11629869771286        127.04536906838443     
           2         166   99.474599771678328        672.96415914353588        127.02958176929577     
           2         167   99.905912431254634        676.31048921081333        127.02958176929577     
           2         168   99.907567171175472        757.91438213693027        127.04334791008723     
           2         169   104.03925775798413        825.94205785070824        127.17054762932304     
           2         170   244.27320487387874        848.36732256432902        136.44520747503859     
           2         171   109.69527833485400        658.69031066092862        127.04536906838443     
           2         172   110.33667737471198        709.46869487790616        127.04720425163367     
           2         173   102.25928865893425        716.93002326736189        127.10080429856727     
           2         174   108.28869891695396        788.02516737629890        127.04536906838443     
           2         175   316.75920340681301        889.94930532541673        186.00431346408314     
           2         176   4451.4865181226069        903.36799156713857        4372.4907665373048     
           2         177   106.62889321410223        704.22059430157833        126.99982501033359     
           2         178   100.05293593316382        760.82360215759832        127.03508791682948     
           2         179   100.70110995785869        757.70394665939386        127.02958176929577     
           2         180   310.87657154104238        813.28110911937881        185.90248110558440     
           2         181   313.41918030595264        719.64430067176420        185.91317672687299     
           2         182   234.16099480413871        726.90650826472609        136.32359908242751     
           2         183   103.36926706192601        730.26835513427750        127.18887152714719     
           2         184   99.760517803606987        793.11373798656155        127.02958176929577     
           2         185   101.58838418181217        788.30868267380629        127.03906692451734     
           2         186   101.67561002011308        686.34365745600530        127.02988978642796     
           2         187   99.401474106392556        733.05997993129517        127.02958176929577     
           2         188   107.82458063085679        741.04903790572257        127.05454544254710     
           2         189   99.757341987618133        758.55048754291909        127.03508791682948     
           2         190   99.499067173907903        847.84532313427724        127.02958176929577     
           2         191   99.756833432011589        672.22405063065275        127.02958176929577     
           2         192   101.39977190016612        738.26145233201555        127.03172512255770     
           2         193   101.34099151345677        733.27972979816627        127.04824520629798     
           2         194   138.51254640486607        771.97837431167648        127.12251698920771     
           2         195   310.72009472148972        802.70386703693578        185.89980736556913     
           2         196   100.47442397117571        719.05643914253437        127.02958176929577     
           2         197   105.39169857459692        704.31075963427725        126.99982501033359     
           2         198   96.758923101072639        780.03750514923934        126.92222620445028     
           2         199   99.257494166479859        736.66003434273523        127.02958176929577     
           2         200   99.962180741779605        815.44356788784296        127.02958176929577     
           2         201   243.61218863603634        676.93521954827293        136.44093660737917     
           2         202   99.980973308317402        727.74855973078650        127.02958176929577     
           2         203   100.40995971006963        746.88861658646567        127.03508791682948     
           2         204   99.218413760489227        805.42378991784699        127.02958176929577     
           2         205   99.627918422614073        763.97716982479585        127.02958176929577     
           2         206   98.198772410876671        697.26203104083697        127.01356447913683     
           2         207   98.308385170667862        696.50211544004014        126.97406579831154     
           2         208   97.758719805899418        751.85367810060291        126.95899034521285     
           2         209   101.22889550678110        789.86806154433839        127.02958176929577     
           2         210   99.669001383647284        774.19725817859910        127.03875891057258     
           2         211   100.00349923903067        628.71030641784660        127.04334791008723     
           2         212   105.58229809063501        696.19515004031518        126.98788659728982     
           2         213   312.59895076417752        719.79666948672661        185.89980736556913     
           2         214   97.978370950600507        757.78660325622138        126.97406579831154     
           2         215   99.287106100386822        799.89822791802101        127.02958176929577     
           2         216   99.585940608902462        656.24876464893157        127.02958176929577     
           2         217   316.91387680758010        691.82897036909696        186.02301726162582     
           2         218   99.721260704768170        725.62392141784687        127.02958176929577     
           2         219   7538.6786050052897        936.18785653819998        6633.4127723795218     
           2         220   99.395023355858015        805.35344800590997        127.04793719554030     
           2         221   20760.162094404328        787.26202270199985        19674.443366513362     
           2         222   99.354129993760068        660.61311681715199        127.03875891057258     
           2         223   96.736978422429814        701.41241731334787        126.92406397737082     
           2         224   21161.693592707659        887.23725109599991        20562.955091017684     
           2         225   150.81332125121907        782.48503241784670        127.28572628390523     
           2         226   35324.500054979035        808.64531408500011        33649.773615508224     
           2         227   146.28715371061492        719.55817378524239        127.29396232527498     
           2         228   302.27000936887924        710.03066326271085        185.74218626262945     
           2         229   308.71744954445796        765.94259747877732        185.81598686251658     
           2         230   22472.100286623714        958.77848216499990        20240.558658173235     
           2         231   99.996236863285773        688.92128292867221        127.02958176929577     
           2         232   99.440610988168487        749.99650663427735        127.04334791008723     
           2         233   103.37651540096971        741.49800557901574        127.17970900554381     
           2         234   99.259993092436105        768.00460415999123        127.03875891057258     
           2         235   102.17103767297040        817.67813810403106        127.13657553246958     
           2         236   99.423701124643586        646.78222873122695        127.03141710606290     
           2         237   312.95975336189395        718.06852036803821        185.91317672687299     
           2         238   104.38019660841046        786.79462531902936        127.17054762932304     
           2         239   100.41764343367957        791.36037213427755        127.04334791008723     
           2         240   98.748850182507425        791.78206166499456        126.97406579831154     
           2         241   309.08961666159058        696.25144803564774        185.89980736556913     
           2         242   100.30042715471019        696.50324215992975        127.02958176929577     
           2         243   109.20903021297049        749.80916107635437        126.94352522350324     
           2         244   99.856984916114897        820.40402883149000        127.02958176929577     
           2         245   46154.639500493678        977.39782128000024        43680.479704626021     
           2         246   421.23870706705253        685.78196913427723        185.93100893628494     
           2         247   99.848119572856703        747.92457719521190        127.03508791682948     
           2         248   247.36097822211389        734.12141852319996        136.51156053803891     
           2         249   101.42854458461720        803.85233329683547        127.09713643840982     
           2         250   98.297130783882238        795.09173351671438        126.97222916474242     
           2         251   101.21309603829316        672.89402355294737        127.11364325115676     
           2         252   46013.686555430228        833.37757769999985        43063.416331966917     
           2         253   100.31584208326444        759.99390513427750        127.02958176929577     
           2         254   100.81062015449309        765.07673669609449        127.02958176929577     
           2         255   99.893007625965254        836.65484941973011        127.04334791008723     
           2         256   106.89628545779379        671.46140667133966        127.25662769350242     
           2         257   99.319215507681847        726.59844719808711        127.04793719554030     
           2         258   99.499813141270593        760.59512693088641        127.03508791682948     
           2         259   111.31263029858566        799.59934814985911        126.98788659728982     
           2         260   312.71772568647157        807.23648441784667        185.89980736556913     
           2         261   99.761882140507950        710.91639336753246        127.02958176929577     
           2         262   103.99902628456474        679.41502489322897        127.03172512255770     
           2         263   470.93766491382758        743.47876325427728        264.16604250661027     
           2         264   101.20496198696090        757.69624831856015        127.02958176929577     
           2         265   1391.5446366390299        750.43928018784663        1266.3387682065147     
           2         266   98.268341796061321        679.19909155147695        126.99059755772741     
           2         267   103.87316128386948        698.80628791784670        127.17237981294332     
           2         268   102.36209515253503        681.74115131283929        127.09713643840982     
           2         269   321.15632631445436        754.32805384973506        186.10944130030472     
           2         270   103.40315624589336        777.38347041983025        127.09530257699450     
           2         271   102.63754771971267        672.28533332980055        127.13198850379366     
           2         272   100.65866261341486        730.61027034546350        127.02988978642796     
           2         273   99.273720892644334        723.36705121173463        127.03508791682948     
           2         274   243.35821539084884        749.55228191784681        136.43896675043359     
           2         275   99.507610063384107        783.79501549262716        127.02958176929577     
           2         276   98.009677939191974        673.75541602496503        126.98600503085386     
           2         277   111.08556396212990        711.22816563225149        127.04536906838443     
           2         278   100.59482025161169        739.06589174179339        127.02958176929577     
           2         279   101.91571388354583        718.03053050994845        127.02988978642796     
           2         280   99.518310638925399        757.14742909712288        127.02958176929577     
           2         281   99.367354198244797        624.73428641784665        127.02958176929577     
           2         282   101.56594628012714        695.40123060370070        127.10080429856727     
           2         283   502.48123353872933        731.19112009204002        186.12652012679484     
           2         284   101.23879244054751        805.48079638352533        127.10905765342793     
           2         285   97.890302305343710        780.10985172155983        126.97773920259229     
           2         286   101.56114696576275        672.95881347570162        127.10080429856727     
           2         287   99.989251047819593        663.05589349223271        127.02958176929577     
           2         288   99.820486817663280        749.52954141784687        127.02958176929577     
           2         289   99.349944894313666        816.82401919646873        127.02958176929577     
           2         290   103.23990088112717        804.13167669739903        127.10080429856727     
           2         291   97.448122575921829        654.34117908095732        126.92406397737082     
           2         292   106.47683699626727        702.48563506874461        127.25662769350242     
           2         293   108.26007574272987        716.92439077562813        126.99982501033359     
           2         294   99.218083068075629        780.63652653769577        127.02958176929577     
           2         295   99.747163320830310        854.01620213427736        127.02958176929577     
           2         296   98.981357826179789        694.75068384362737        126.97406579831154     
           2         297   99.651074999150964        699.50399578540100        127.02958176929577     
           2         298   99.322189599994417        760.81919774314747        127.02958176929577     
           2         299   99.453908800614855        757.69804733263516        127.03508791682948     
           2         300   99.326927635483472        813.27487627021890        127.04793719554030     
           2         301   102.36850860949383        719.61856118718526        127.10447234183354     
           2         302   98.413162511437989        716.43665463427737        127.00897052318840     
           2         303   247.87071057279221        731.10228893106319        136.43929775914978     
           2         304   101.49057801453790        793.10947892426827        127.02988978642796     
           2         305   105.49973164654824        788.30426734682464        127.04536906838443     
           2         306   100.16107228687655        686.33761747462859        127.00897052318840     
           2         307   101.46791195235322        712.87605725800017        126.98626735846779     
           2         308   105.54135854115056        734.01182458268090        127.09749734918408     
           2         309   97.161995322350407        758.59293813427746        126.92222620445028     
           2         310   98.784605984938594        847.84302320380880        127.00897052318840     
           2         311   99.490204467632225        672.21953417792463        127.03875891057258     
           2         312   97.953356033609708        738.25663949737020        126.97406579831154     
           2         313   99.311117424697315        733.27345608080100        127.02958176929577     
           2         314   99.858032902306419        790.96172553600002        127.02958176929577     
           2         315   100.80531418474776        825.12159464583920        127.03508791682948     
           2         316   100.66480602779653        701.81734113427729        127.03141710606290     
           2         317   103.25068010421339        699.59631004122400        127.17054762932304     
           2         318   101.54771898160578        753.51280842655251        127.10905765342793     
           2         319   100.86164630594189        728.41902543595324        127.02958176929577     
           2         320   99.810243608836629        803.25630031178594        127.02958176929577     
           2         321   304.30778002830658        675.85348492926505        185.83567061475105     
           2         322   103.21964286926179        722.21346410456931        127.18887152714719     
           2         323   394.21841032247380        675.61249770141603        185.85911612626637     
           2         324   101.80032139577857        779.51736950932752        127.03172512255770     
           2         325   101.61290582880598        743.23653853080395        127.03172512255770     
           2         326   100.24488115646794        686.23166196084424        127.02958176929577     
           2         327   98.131280351325060        690.98991013596822        126.97222916474242     
           2         328   98.173304533947132        734.19265625927346        126.97406579831154     
           2         329   100.02923097005564        792.34711609363592        127.03141710606290     
           2         330   103.07686253697676        784.24555613427754        127.10941855963874     
           2         331   99.841662243294991        646.74958959569744        127.02958176929577     
           2         332   236.83820839128984        677.14660163832127        136.33839383798798     
           2         333   313.57927564870016        725.61235358810211        185.90782878397494     
           2         334   99.276102205059075        751.67497190037705        127.02958176929577     
           2         335   98.466193964223180        806.29358170449404        126.97222916474242     
           2         336   362.08262593696492        650.98636038080349        185.92298819390828     
           2         337   99.918999329116701        680.21742891784675        127.02958176929577     
           2         338   328.89103196447394        699.39838329478380        186.12073818778777     
           2         339   97.742826041989844        760.81486892144051        126.97222916474242     
           2         340   110.09843652783847        827.78429565583542        126.99523308420596     
           2         341   97.729627683807138        706.84747922797692        126.97773920259229     
           2         342   99.270995872880491        685.49449104471796        127.02958176929577     
           2         343   361.92111060696863        734.92243649230011        186.02546654377150     
           2         344   103.92705019934515        717.75450191784682        127.18887152714719     
           2         345   99.665863953163012        790.19739463073472        127.02958176929577     
           2         346   101.44297899970469        698.21087314622503        127.09713643840982     
           2         347   99.292346477739514        720.68573891092569        127.04334791008723     
           2         348   100.06979249552850        716.61224871195748        127.03508791682948     
           2         349   96.561241554116648        764.31161481724644        126.92773966027987     
           2         350   101.28562340866318        777.08329182250270        127.09530257699450     
           2         351   98.274830763410435        691.91508213427733        126.98600503085386     
           2         352   100.49317431085697        773.43102883510130        127.02958176929577     
           2         353   312.81245349799656        766.16393765691373        185.89980736556913     
           2         354   99.626248097304199        761.01586385913652        127.02958176929577     
           2         355   101.62819338077077        825.38623969257981        127.09713643840982     
           2         356   312.99411530543085        665.89192418451046        185.89980736556913     
           2         357   307.52805499740651        718.04352092788099        185.89980736556913     
           2         358   98.152882919533113        786.84289513427757        126.98141278974617     
           2         359   96.689413223433817        791.35791964079965        126.92222620445028     
           2         360   103.51890331593275        791.77781516612231        127.21178284311542     
           2         361   106.53001344119318        696.24730239569851        127.26577953378725     
           2         362   99.755711634459459        696.49775298309942        127.03508791682948     
           2         363   101.31015054973913        749.80348177773351        127.09713643840982     
           2         364   96.603068125431960        798.07751575965813        126.92222620445028     
           2         365   245.54238235452678        803.66852013427729        136.43929775914978     
           2         366   101.09351471504434        666.66465660470931        127.09530257699450     
           2         367   314.56887415821086        747.92004641728488        185.90025963378847     
           2         368   100.24212672198520        734.11697261615404        127.02958176929577     
           2         369   100.93335987388971        803.84638487862287        126.97800153281021     
           2         370   99.061890249800157        795.08552846205555        126.93163842891038     
           2         371   102.43508806592682        678.10948560734130        127.10905765342793     
           2         372   306.53298373248163        708.96130413427738        185.81827731871064     
           2         373   99.772281795911979        786.21450318469010        127.02958176929577     
           2         374   99.675448734113488        766.32506225900261        127.02958176929577     
           2         375   103.60143239380886        846.52142020908673        127.17604431761701     
           2         376   101.21495384379133        647.85564190542209        127.03172512255770     
           2         377   108.40970668080499        719.93019814140860        127.27084872929906     
           2         378   101.04064963942076        739.33164490493198        127.10080429856727     
           2         379   103.56770083722039        792.23810913427747        127.18429012316416     
           2         380   103.30454678618761        807.23431467627756        127.03906692451734     
           2         381   103.71453889110774        710.91209401236893        127.04365592243840     
           2         382   101.22335457208963        679.41099645259226        126.98626735846779     
           2         383   107.24481344622058        761.93501490067638        127.05454544254710     
           2         384   110.56109718028316        757.69005374580297        127.08667176878090     
           2         385   220.79600899003128        678.26021043569335        78.512759582291949     
           2         386   311.83156643176812        697.60463141784669        185.89980736556913     
           2         387   100.05025012498488        712.04082091238558        127.04334791008723     
           2         388   108.36983643602107        709.09363268294078        127.11518182524340     
           2         389   241.06603693709073        762.55951905870188        136.43896675043359     
           2         390   106.19021870866743        817.14173503054451        127.25662769350242     
           2         391   102.07739099884813        688.03583619461619        127.09713643840982     
           2         392   378.05273500994969        651.47492767433619        185.75378244418039     
           2         393   99.699795516152022        744.11598885070828        127.02958176929577     
           2         394   99.230822927070307        767.20977716984078        127.02958176929577     
           2         395   308.78037508491582        745.30731853648967        136.39240673139051     
           2         396   111.97058141880311        694.74082534033755        127.04536906838443     
           2         397   101.51946688465414        736.11500611742213        127.10447234183354     
           2         398   316.13630603624830        772.59150392587685        186.00431346408314     
           2         399   98.622544519133911        748.54071173872762        126.97773920259229     
           2         400   99.964350817381174        796.95185413427737        127.02958176929577     
           2         401   99.607451079937931        646.79653764193108        127.02958176929577     
           2         402   102.03256374162029        725.81443668467523        127.09713643840982     
           2         403   100.00141969895897        790.70734813098784        126.97249149669743     
           2         404   366.87359891861553        813.70977770286549        185.92298819390828     
           2         405   97.980919678179802        792.25881687977187        126.97406579831154     
           2         406   103.66117403483686        676.63775295949995        127.17237981294332     
           2         407   101.84362691390638        686.85644763427729        127.03172512255770     
           2         408   378.51545939517689        756.00214270847960        185.93635642883930     
           2         409   104.28416046697701        853.46765327191440        127.18429012316416     
           2         410   101.47823658651687        843.89035184696502        127.03172512255770     
           2         411   99.837628316518874        671.68558473223436        126.98167511880671     
