 district_id o2_0 o2_10 o2_30 o2_50 o2_75 o2_100 o2_200 o2_225 
   1          0.33961556          0.16677614          0.14075628          0.11879595          0.09609902          0.07773852          0.03328937          0.02692917
   2          0.38504756          0.16413697          0.13537860          0.11165897          0.08776536          0.06898468          0.02633120          0.02069666
   3          0.45687820          0.15633943          0.12460514          0.09931237          0.07478898          0.05632120          0.01811377          0.01364091
   4          0.34814758          0.16644285          0.13985194          0.11750919          0.09453139          0.07604667          0.03184909          0.02562130
   5          0.34744347          0.16647340          0.13992858          0.11761643          0.09466075          0.07618543          0.03196537          0.02572656
   6          0.45661269          0.15637508          0.12464905          0.09935973          0.07483628          0.05636558          0.01813932          0.01366227
   7          0.46273049          0.15554215          0.12363047          0.09826592          0.07374791          0.05534730          0.01755834          0.01317742
   8          0.43934644          0.15859309          0.12744586          0.10241585          0.07792360          0.05928855          0.01986910          0.01511750
   9          0.37442720          0.16493538          0.13675256          0.11338539          0.08970861          0.07097595          0.02781118          0.02200374
  10          0.39555501          0.16324850          0.13395713          0.10992145          0.08584762          0.06704618          0.02494349          0.01948063
  11          0.33117655          0.16702381          0.14159636          0.12003995          0.09764903          0.07943466          0.03478393          0.02829572
  12          0.34927236          0.16639292          0.13972877          0.11733750          0.09432473          0.07582534          0.03166426          0.02545412
  13          0.42399491          0.16038961          0.12982847          0.10509055          0.08068742          0.06195095          0.02152864          0.01652946
  14          0.43668491          0.15891593          0.12786585          0.10288256          0.07840174          0.05974611          0.02014863          0.01535428
  15          0.53802796          0.14346689          0.11006098          0.08443355          0.06062017          0.04352304          0.01156452          0.00830290
  16          0.37524542          0.16487755          0.13664905          0.11325351          0.08955875          0.07082137          0.02769426          0.02190010
  17          0.35316723          0.16620953          0.13929539          0.11673943          0.09360922          0.07506192          0.03103301          0.02488427
  18          0.36145554          0.16576644          0.13833871          0.11544917          0.09208729          0.07345284          0.02973337          0.02371663
  19          0.46385495          0.15538644          0.12344173          0.09806429          0.07354819          0.05516112          0.01745330          0.01308997
  20          0.36414239          0.16560781          0.13801886          0.11502600          0.09159421          0.07293568          0.02932433          0.02335071
  21          0.37442720          0.16493538          0.13675256          0.11338539          0.08970861          0.07097595          0.02781118          0.02200374
  22          0.48495138          0.15231929          0.11981691          0.09424999          0.06982088          0.05172367          0.01557777          0.01154010
  23          0.46831109          0.15476150          0.12268923          0.09726351          0.07275776          0.05442629          0.01704222          0.01274840
  24          0.47893975          0.15322102          0.12086568          0.09534275          0.07087916          0.05269257          0.01609432          0.01196475
  25          0.37642234          0.16479328          0.13649946          0.11306348          0.08934322          0.07059938          0.02752694          0.02175190
  26          0.48101238          0.15291258          0.12050549          0.09496651          0.07051394          0.05235757          0.01591467          0.01181686
  27          0.47950136          0.15313770          0.12076823          0.09524086          0.07078016          0.05260170          0.01604548          0.01192452
  28          0.68550929          0.11156515          0.07918096          0.05619697          0.03660818          0.02384753          0.00429442          0.00279750
  29          0.43763974          0.15880039          0.12771539          0.10271525          0.07823022          0.05958187          0.02004807          0.01526906
  30          0.50419315          0.14929317          0.11638074          0.09072402          0.06645440          0.04867716          0.01401300          0.01026438
  31          0.42675529          0.16008093          0.12940838          0.10461289          0.08018880          0.06146703          0.02122053          0.01626615
  32          0.43763974          0.15880039          0.12771539          0.10271525          0.07823022          0.05958187          0.02004807          0.01526906
  33          0.30412428          0.16721305          0.14388086          0.12380435          0.10260109          0.08502920          0.04010813          0.03323904
  34          0.39712369          0.16310776          0.13373985          0.10965970          0.08556178          0.06675942          0.02474250          0.01930529
  35          0.68550929          0.11156515          0.07918096          0.05619697          0.03660818          0.02384753          0.00429442          0.00279750
  36          0.45661269          0.15637508          0.12464905          0.09935973          0.07483628          0.05636558          0.01813932          0.01366227
  37          0.42399491          0.16038961          0.12982847          0.10509055          0.08068742          0.06195095          0.02152864          0.01652946
  38          0.43668490          0.15891593          0.12786586          0.10288256          0.07840174          0.05974611          0.02014863          0.01535428
  39          0.52913037          0.14505762          0.11175480          0.08609775          0.06214395          0.04485448          0.01217402          0.00878701
  40          0.33178882          0.16700868          0.14153730          0.11995071          0.09753661          0.07931083          0.03467304          0.02819401
  41          0.47733613          0.15345788          0.12114335          0.09563349          0.07116198          0.05295245          0.01623447          0.01208025
  42          0.35169603          0.16628070          0.13946034          0.11696598          0.09387947          0.07534973          0.03126987          0.02509788
  43          0.32853350          0.16708391          0.14184779          0.12042330          0.09813421          0.07997060          0.03526713          0.02873955
  44          0.37971490          0.16455072          0.13607664          0.11252975          0.08874054          0.06998046          0.02706423          0.02134275
  45          0.44390208          0.15802688          0.12671924          0.10161414          0.07710697          0.05851040          0.01939952          0.01472077
  46          0.32644096          0.16712542          0.14204277          0.12072459          0.09851821          0.08039653          0.03565500          0.02909653
  47          0.44388312          0.15803235          0.12672359          0.10161761          0.07710957          0.05851236          0.01940015          0.01472124
  48          0.47803774          0.15335444          0.12102198          0.09550633          0.07103821          0.05283867          0.01617303          0.01202960
  49          0.45151675          0.15705062          0.12548678          0.10026661          0.07574504          0.05722056          0.01863562          0.01407802
  50          0.68525083          0.11162970          0.07923916          0.05624708          0.03664799          0.02387813          0.00430329          0.00280383
  51          0.36128753          0.16577612          0.13835856          0.11547556          0.09211813          0.07348525          0.02975914          0.02373971
  52          0.38980867          0.16374622          0.13474192          0.11087514          0.08689575          0.06810247          0.02569331          0.02013652
  53          0.60759343          0.12967334          0.09610960          0.07123326          0.04898667          0.03368782          0.00753448          0.00518141
  54          0.39690602          0.16312741          0.13377008          0.10969605          0.08560143          0.06679917          0.02477030          0.01932953
  55          0.46654829          0.15501022          0.12298778          0.09758062          0.07307025          0.05471642          0.01720385          0.01288258
  56          0.68550929          0.11156515          0.07918096          0.05619697          0.03660818          0.02384753          0.00429442          0.00279750
  57          0.38657793          0.16401354          0.13517532          0.11140767          0.08748573          0.06870041          0.02612449          0.02051492
  58          0.33454190          0.16693509          0.14126805          0.11954744          0.09703103          0.07875553          0.03417926          0.02774170
  59          0.39626987          0.16318462          0.13385827          0.10980224          0.08571734          0.06691542          0.02485170          0.01940053
  60          0.43859676          0.15868394          0.12756421          0.10254741          0.07805838          0.05941749          0.01994774          0.01518408
  61          0.33425125          0.16694872          0.14129953          0.11959096          0.09708349          0.07881202          0.03422793          0.02778610
  62          0.35643016          0.16604356          0.13892427          0.11623428          0.09300993          0.07442596          0.03051441          0.02441744
  63          0.38210984          0.16436806          0.13576514          0.11213963          0.08830243          0.06953224          0.02673255          0.02105009
  64          0.37642234          0.16479328          0.13649946          0.11306348          0.08934322          0.07059938          0.02752694          0.02175190
  65          0.32644096          0.16712542          0.14204277          0.12072459          0.09851821          0.08039653          0.03565500          0.02909653
  66          0.41063098          0.16181238          0.13181723          0.10738227          0.08310614          0.06431817          0.02307469          0.01785815
  67          0.37442720          0.16493538          0.13675256          0.11338539          0.08970861          0.07097595          0.02781118          0.02200374
  68          0.37442720          0.16493538          0.13675256          0.11338539          0.08970861          0.07097595          0.02781118          0.02200374
  69          0.51921263          0.14678153          0.11361626          0.08794469          0.06385148          0.04635882          0.01288184          0.00935275
  70          0.34092668          0.16673023          0.14062082          0.11860005          0.09585813          0.07747704          0.03306354          0.02672351
  71          0.37959138          0.16456000          0.13609261          0.11254983          0.08876315          0.07000363          0.02708145          0.02135796
  72          0.33961555          0.16677614          0.14075628          0.11879595          0.09609902          0.07773852          0.03328937          0.02692917
  73          0.40518374          0.16235252          0.13260354          0.10830566          0.08409521          0.06529671          0.02373404          0.01842857
  74          0.40645035          0.16222904          0.13242200          0.10809154          0.08386507          0.06506847          0.02357916          0.01829438
  75          0.57209779          0.13700420          0.10337851          0.07800577          0.05485892          0.03858049          0.00943735          0.00663698
  76          0.42832588          0.15989976          0.12916652          0.10434031          0.07990608          0.06119381          0.02104836          0.01611929
  77          0.38657891          0.16401346          0.13517519          0.11140751          0.08748555          0.06870023          0.02612436          0.02051481
  78          0.35634981          0.16604778          0.13893349          0.11624676          0.09302469          0.07444158          0.03052707          0.02442882
  79          0.43859676          0.15868394          0.12756421          0.10254741          0.07805838          0.05941749          0.01994774          0.01518408
  80          0.68525084          0.11162969          0.07923916          0.05624708          0.03664799          0.02387813          0.00430329          0.00280383
  81          0.35843018          0.16593636          0.13869323          0.11592283          0.09264268          0.07403776          0.03020103          0.02413593
  82          0.43668490          0.15891593          0.12786586          0.10288256          0.07840174          0.05974611          0.02014863          0.01535428
  83          0.68550929          0.11156515          0.07918096          0.05619697          0.03660818          0.02384753          0.00429442          0.00279750
  84          0.58029019          0.13536514          0.10172754          0.07644872          0.05349151          0.03742825          0.00897135          0.00627730
  85          0.32412348          0.16716504          0.14225442          0.12105594          0.09894333          0.08086990          0.03609014          0.02949776
  86          0.38768728          0.16392278          0.13502715          0.11122512          0.08728309          0.06849476          0.02597564          0.02038419
  87          0.36130275          0.16577525          0.13835676          0.11547317          0.09211534          0.07348231          0.02975681          0.02373762
  88          0.34067173          0.16673932          0.14064726          0.11863820          0.09590497          0.07752784          0.03310732          0.02676336
  89          0.46310995          0.15548969          0.12356683          0.09819790          0.07368050          0.05528444          0.01752284          0.01314785
  90          0.46509039          0.15521444          0.12323383          0.09784256          0.07332889          0.05495692          0.01733850          0.01299448
  91          0.42729562          0.16001753          0.12932474          0.10451910          0.08009183          0.06137348          0.02116172          0.01621599
  92          0.58043408          0.13533607          0.10169840          0.07642134          0.05346756          0.03740813          0.00896332          0.00627111
  93          0.38343660          0.16426465          0.13559117          0.11192284          0.08805983          0.06928464          0.02655055          0.02088972
  94          0.36211156          0.16572838          0.13826105          0.11534607          0.09196689          0.07332637          0.02963296          0.02362673
  95          0.36315975          0.16566666          0.13813637          0.11518104          0.09177452          0.07312457          0.02947325          0.02348384
  96          0.57067120          0.13728631          0.10366432          0.07827649          0.05509776          0.03878256          0.00952022          0.00670115
  97          0.35316722          0.16620953          0.13929539          0.11673944          0.09360922          0.07506192          0.03103301          0.02488427
  98          0.51921263          0.14678153          0.11361626          0.08794469          0.06385148          0.04635882          0.01288184          0.00935275
  99          0.33117654          0.16702381          0.14159636          0.12003995          0.09764903          0.07943466          0.03478393          0.02829572
 100          0.38630569          0.16403565          0.13521157          0.11145242          0.08753546          0.06875093          0.02616114          0.02054713
 101          0.31335547          0.16725827          0.14317625          0.12256159          0.10091568          0.08309271          0.03819266          0.03144736
 102          0.47370136          0.15398894          0.12176941          0.09629126          0.07180384          0.05354372          0.01655586          0.01234561
 103          0.41629520          0.16122600          0.13098444          0.10641537          0.08207959          0.06330908          0.02240728          0.01728304
 104          0.38912634          0.16380344          0.13483393          0.11098784          0.08702031          0.06822851          0.02578379          0.02021585
 105          0.41656449          0.16119750          0.13094447          0.10636924          0.08203084          0.06326132          0.02237601          0.01725614
 106          0.39270427          0.16349894          0.13434866          0.11039560          0.08636738          0.06756904          0.02531278          0.01980331
 107          0.27234231          0.16605446          0.14560446          0.12767294          0.10833132          0.09191984          0.04764639          0.04042828
 108          0.47949075          0.15313927          0.12077007          0.09524278          0.07078203          0.05260341          0.01604640          0.01192528
 109          0.45103771          0.15711285          0.12556485          0.10035164          0.07583068          0.05730142          0.01868303          0.01411783
 110          0.46654829          0.15501022          0.12298778          0.09758062          0.07307025          0.05471642          0.01720385          0.01288258
 111          0.52720360          0.14539663          0.11211865          0.08645725          0.06247494          0.04514506          0.01230915          0.00889472
 112          0.39645358          0.16316813          0.13383283          0.10977159          0.08568387          0.06688184          0.02482817          0.01938000
 113          0.31279615          0.16725890          0.14322127          0.12263820          0.10101797          0.08320922          0.03830565          0.03155264
 114          0.33454190          0.16693509          0.14126805          0.11954744          0.09703103          0.07875553          0.03417926          0.02774170
 115          0.32307988          0.16718065          0.14234823          0.12120433          0.09913471          0.08108365          0.03628805          0.02968050
 116          0.34132169          0.16671602          0.14057975          0.11854090          0.09578555          0.07739837          0.03299583          0.02666188
 117          0.47370131          0.15398896          0.12176942          0.09629127          0.07180385          0.05354372          0.01655586          0.01234561
 118          0.68525084          0.11162969          0.07923916          0.05624708          0.03664799          0.02387813          0.00430329          0.00280383
 119          0.43294027          0.15936285          0.12845223          0.10353714          0.07907503          0.06039243          0.02054732          0.01569273
 120          0.37228325          0.16508392          0.13702189          0.11373002          0.09010141          0.07138189          0.02811991          0.02227770
 121          0.30097370          0.16716970          0.14410205          0.12421750          0.10317477          0.08569673          0.04078752          0.03387802
 122          0.36532671          0.16553561          0.13787640          0.11483874          0.09137693          0.07270842          0.02914588          0.02319131
 123          0.48413663          0.15244277          0.11995977          0.09439835          0.06996413          0.05185449          0.01564698          0.01159689
 124          0.47332279          0.15404379          0.12183435          0.09635967          0.07187076          0.05360548          0.01658964          0.01237354
 125          0.32307988          0.16718065          0.14234823          0.12120433          0.09913471          0.08108365          0.03628805          0.02968050
 126          0.37652509          0.16478586          0.13648636          0.11304687          0.08932441          0.07058002          0.02751238          0.02173901
 127          0.30722605          0.16724395          0.14365458          0.12339243          0.10203515          0.08437448          0.03945084          0.03262253
 128          0.41261041          0.16161029          0.13152793          0.10704514          0.08274718          0.06396456          0.02283938          0.01765512
 129          0.33510044          0.16691907          0.14121269          0.11946523          0.09692845          0.07864317          0.03408003          0.02765093
 130          0.29947802          0.16714399          0.14420349          0.12441157          0.10344680          0.08601482          0.04111482          0.03418650
 131          0.37959138          0.16456000          0.13609261          0.11254983          0.08876315          0.07000363          0.02708145          0.02135796
 132          0.68524410          0.11163207          0.07924085          0.05624828          0.03664878          0.02387864          0.00430339          0.00280389
 133          0.68525013          0.11163007          0.07923937          0.05624719          0.03664803          0.02387813          0.00430328          0.00280381
 134          0.36414239          0.16560781          0.13801886          0.11502600          0.09159421          0.07293568          0.02932433          0.02335071
 135          0.35634981          0.16604778          0.13893349          0.11624676          0.09302469          0.07444158          0.03052707          0.02442882
 136          0.30095990          0.16717318          0.14410499          0.12421998          0.10317679          0.08569836          0.04078821          0.03387858
 137          0.33961555          0.16677614          0.14075628          0.11879595          0.09609902          0.07773852          0.03328937          0.02692917
 138          0.51054821          0.14824417          0.11521882          0.08955076          0.06535089          0.04769071          0.01352580          0.00987064
 139          0.43668490          0.15891593          0.12786586          0.10288256          0.07840174          0.05974611          0.02014863          0.01535428
 140          0.39182295          0.16357497          0.13446884          0.11054178          0.08652816          0.06773115          0.02542802          0.01990414
 141          0.53686173          0.14368037          0.11028520          0.08465196          0.06081865          0.04369548          0.01164221          0.00836441
 142          0.68525354          0.11162879          0.07923849          0.05624659          0.03664765          0.02387790          0.00430324          0.00280379
 143          0.32290887          0.16718307          0.14236351          0.12122860          0.09916606          0.08111871          0.03632060          0.02971057
 144          0.38705268          0.16397483          0.13511199          0.11132958          0.08739900          0.06861236          0.02606069          0.02045887
 145          0.32853350          0.16708391          0.14184779          0.12042330          0.09813421          0.07997060          0.03526713          0.02873955
 146          0.29051812          0.16691829          0.14476104          0.12554501          0.10507131          0.08793643          0.04314273          0.03610708
 147          0.36414239          0.16560781          0.13801886          0.11502600          0.09159421          0.07293568          0.02932433          0.02335071
 148          0.27234231          0.16605446          0.14560446          0.12767294          0.10833132          0.09191984          0.04764639          0.04042828
 149          0.30180401          0.16718254          0.14404474          0.12410918          0.10302367          0.08552048          0.04060716          0.03370821
 150          0.29045846          0.16693269          0.14477341          0.12555564          0.10508010          0.08794370          0.04314612          0.03610988
 151          0.29048289          0.16692695          0.14476843          0.12555132          0.10507648          0.08794067          0.04314463          0.03610863
 152          0.42093581          0.16072725          0.13029098          0.10561830          0.08124006          0.06248867          0.02187386          0.01682506
 153          0.43859676          0.15868394          0.12756421          0.10254741          0.07805838          0.05941749          0.01994774          0.01518408
 154          0.40150749          0.16270360          0.13312591          0.10892511          0.08476368          0.06596166          0.02418904          0.01882351
 155          0.52490148          0.14579910          0.11255200          0.08688635          0.06287088          0.04549331          0.01247209          0.00902479
 156          0.32644096          0.16712542          0.14204277          0.12072459          0.09851821          0.08039653          0.03565500          0.02909653
 157          0.46310995          0.15548969          0.12356683          0.09819790          0.07368050          0.05528444          0.01752284          0.01314785
 158          0.37725380          0.16473298          0.13639328          0.11292899          0.08919099          0.07044279          0.02740935          0.02164783
 159          0.44128961          0.15835287          0.12713676          0.10207429          0.07757520          0.05895620          0.01966779          0.01494728
 160          0.36532671          0.16553561          0.13787640          0.11483874          0.09137693          0.07270842          0.02914588          0.02319131
 161          0.37131797          0.16514938          0.13714224          0.11388474          0.09027831          0.07156510          0.02826004          0.02240220
 162          0.33976265          0.16677109          0.14074115          0.11877401          0.09607199          0.07770916          0.03326395          0.02690600
 163          0.36274341          0.16569131          0.13818598          0.11524663          0.09185093          0.07320468          0.02953658          0.02354049
 164          0.35359136          0.16618858          0.13924756          0.11667398          0.09353132          0.07497907          0.03096508          0.02482305
 165          0.33813416          0.16682564          0.14090776          0.11901646          0.09637118          0.07803462          0.03354655          0.02716364
 166          0.42399491          0.16038961          0.12982847          0.10509055          0.08068742          0.06195095          0.02152864          0.01652946
 167          0.36209784          0.16572918          0.13826267          0.11534823          0.09196941          0.07332901          0.02963505          0.02362861
 168          0.45576885          0.15648806          0.12478843          0.09951017          0.07498663          0.05650674          0.01822074          0.01373037
 169          0.44241242          0.15821334          0.12695766          0.10187666          0.07737390          0.05876439          0.01955209          0.01484954
 170          0.38151027          0.16441428          0.13584343          0.11223744          0.08841209          0.06964430          0.02681521          0.02112297
 171          0.36135263          0.16577237          0.13835087          0.11546534          0.09210618          0.07347269          0.02974915          0.02373077
 172          0.36135263          0.16577237          0.13835087          0.11546534          0.09210618          0.07347269          0.02974915          0.02373077
 173          0.47803774          0.15335444          0.12102198          0.09550633          0.07103821          0.05283867          0.01617303          0.01202960
 174          0.33813416          0.16682564          0.14090776          0.11901646          0.09637118          0.07803462          0.03354655          0.02716364
 175          0.36532668          0.16553562          0.13787641          0.11483875          0.09137693          0.07270842          0.02914588          0.02319131
 176          0.55889909          0.13957620          0.10600309          0.08050553          0.05707681          0.04046631          0.01022420          0.00724876
 177          0.27234231          0.16605446          0.14560446          0.12767294          0.10833132          0.09191984          0.04764639          0.04042828
 178          0.34814758          0.16644285          0.13985194          0.11750919          0.09453139          0.07604667          0.03184909          0.02562130
 179          0.34760223          0.16646656          0.13991133          0.11759227          0.09463158          0.07615413          0.03193911          0.02570279
 180          0.34498252          0.16657594          0.14019365          0.11798979          0.09511292          0.07667161          0.03237539          0.02609817
 181          0.33976265          0.16677109          0.14074115          0.11877401          0.09607199          0.07770916          0.03326395          0.02690600
 182          0.38684806          0.16399154          0.13513930          0.11136325          0.08743638          0.06865030          0.02608817          0.02048301
 183          0.36128753          0.16577612          0.13835856          0.11547556          0.09211813          0.07348525          0.02975914          0.02373971
 184          0.46310995          0.15548969          0.12356683          0.09819790          0.07368050          0.05528444          0.01752284          0.01314785
 185          0.37652509          0.16478586          0.13648636          0.11304687          0.08932441          0.07058002          0.02751238          0.02173901
 186          0.38768728          0.16392278          0.13502715          0.11122512          0.08728309          0.06849476          0.02597564          0.02038419
 187          0.39690602          0.16312741          0.13377008          0.10969605          0.08560143          0.06679917          0.02477030          0.01932953
 188          0.36135263          0.16577237          0.13835087          0.11546534          0.09210618          0.07347269          0.02974915          0.02373077
 189          0.47998966          0.15306510          0.12068341          0.09515223          0.07069411          0.05252275          0.01600311          0.01188964
 190          0.38657891          0.16401346          0.13517519          0.11140751          0.08748555          0.06870023          0.02612436          0.02051481
 191          0.34545630          0.16655671          0.14014296          0.11791809          0.09502587          0.07657787          0.03229602          0.02602618
 192          0.32307988          0.16718065          0.14234823          0.12120433          0.09913471          0.08108365          0.03628805          0.02968050
 193          0.32307988          0.16718065          0.14234823          0.12120433          0.09913471          0.08108365          0.03628805          0.02968050
 194          0.29051812          0.16691829          0.14476104          0.12554501          0.10507131          0.08793643          0.04314273          0.03610708
 195          0.36532668          0.16553562          0.13787641          0.11483875          0.09137693          0.07270842          0.02914588          0.02319131
 196          0.45873856          0.15608839          0.12429670          0.09898026          0.07445774          0.05601071          0.01793561          0.01349203
 197          0.33813416          0.16682564          0.14090776          0.11901646          0.09637118          0.07803462          0.03354655          0.02716364
 198          0.33961555          0.16677614          0.14075628          0.11879595          0.09609902          0.07773852          0.03328937          0.02692917
 199          0.37442720          0.16493538          0.13675256          0.11338539          0.08970861          0.07097595          0.02781118          0.02200374
 200          0.34814758          0.16644285          0.13985194          0.11750919          0.09453139          0.07604667          0.03184909          0.02562130
 201          0.42972733          0.15973831          0.12895055          0.10409679          0.07965352          0.06094985          0.02089504          0.01598861
 202          0.34092668          0.16673023          0.14062082          0.11860005          0.09585813          0.07747704          0.03306354          0.02672351
 203          0.34760223          0.16646656          0.13991133          0.11759227          0.09463158          0.07615413          0.03193911          0.02570279
 204          0.57996664          0.13543049          0.10179306          0.07651029          0.05354538          0.03747349          0.00898944          0.00629122
 205          0.35316722          0.16620953          0.13929539          0.11673944          0.09360922          0.07506192          0.03103301          0.02488427
 206          0.35634981          0.16604778          0.13893349          0.11624676          0.09302469          0.07444158          0.03052707          0.02442882
 207          0.34092668          0.16673023          0.14062082          0.11860005          0.09585813          0.07747704          0.03306354          0.02672351
 208          0.31198092          0.16725906          0.14328635          0.12274957          0.10116702          0.08337924          0.03847102          0.03170682
 209          0.68550929          0.11156515          0.07918096          0.05619697          0.03660818          0.02384753          0.00429442          0.00279750
 210          0.36453731          0.16558389          0.13797145          0.11496361          0.09152176          0.07285985          0.02926470          0.02329743
 211          0.44494601          0.15789531          0.12655162          0.10142995          0.07692001          0.05833275          0.01929323          0.01463113
 212          0.33813416          0.16682564          0.14090776          0.11901646          0.09637118          0.07803462          0.03354655          0.02716364
 213          0.57878912          0.13566787          0.10203127          0.07673431          0.05374152          0.03763833          0.00905549          0.00634209
 214          0.29947802          0.16714399          0.14420349          0.12441157          0.10344680          0.08601482          0.04111482          0.03418650
 215          0.60759343          0.12967334          0.09610960          0.07123326          0.04898667          0.03368782          0.00753448          0.00518141
 216          0.47057711          0.15443892          0.12230381          0.09685526          0.07235645          0.05405442          0.01683633          0.01257770
 217          0.40884755          0.16199182          0.13207626          0.10768531          0.08342977          0.06463766          0.02328864          0.01804300
 218          0.74904803          0.09478524          0.06448623          0.04387259          0.02710822          0.01674977          0.00244141          0.00150851
 219          0.29046872          0.16693020          0.14477127          0.12555381          0.10507859          0.08794245          0.04314555          0.03610941
 220          0.36519687          0.16554359          0.13789206          0.11485930          0.09140075          0.07273331          0.02916539          0.02320873
 221          0.35321674          0.16621821          0.13929531          0.11673320          0.09359804          0.07504800          0.03101906          0.02487144
 222          0.42940269          0.15977584          0.12900066          0.10415323          0.07971201          0.06100632          0.02093047          0.01601880
 223          0.38629656          0.16403639          0.13521279          0.11145392          0.08753713          0.06875262          0.02616237          0.02054822
 224          0.29048805          0.16692550          0.14476725          0.12555035          0.10507575          0.08794011          0.04314447          0.03610852
 225          0.28112105          0.16654285          0.14524792          0.12667586          0.10676374          0.08998160          0.04540183          0.03826514
 226          0.29042483          0.16694072          0.14478034          0.12556161          0.10508507          0.08794783          0.04314809          0.03611151
 227          0.29051812          0.16691829          0.14476104          0.12554501          0.10507131          0.08793643          0.04314273          0.03610708
 228          0.42585861          0.16018051          0.12954464          0.10476814          0.08035103          0.06162454          0.02132076          0.01635177
 229          0.46217930          0.15561819          0.12372281          0.09836469          0.07384584          0.05543868          0.01761003          0.01322047
 230          0.38869639          0.16385795          0.13490048          0.11106047          0.08709476          0.06830060          0.02583179          0.02025756
 231          0.52490148          0.14579910          0.11255200          0.08688635          0.06287088          0.04549331          0.01247209          0.00902479
 232          0.36649201          0.16546322          0.13773536          0.11465406          0.09116317          0.07248521          0.02897139          0.02303559
 233          0.36649201          0.16546322          0.13773536          0.11465406          0.09116317          0.07248521          0.02897139          0.02303559
 234          0.49313443          0.15105744          0.11836985          0.09275558          0.06838545          0.05041821          0.01489643          0.01098262
 235          0.34760223          0.16646656          0.13991133          0.11759227          0.09463158          0.07615413          0.03193911          0.02570279
 236          0.37959138          0.16456000          0.13609261          0.11254983          0.08876315          0.07000363          0.02708145          0.02135796
 237          0.68550929          0.11156515          0.07918096          0.05619698          0.03660818          0.02384753          0.00429442          0.00279750
 238          0.47803774          0.15335444          0.12102198          0.09550633          0.07103821          0.05283867          0.01617303          0.01202960
 239          0.38274514          0.16431874          0.13568196          0.11203588          0.08818626          0.06941362          0.02664525          0.02097314
 240          0.47803774          0.15335444          0.12102198          0.09550633          0.07103821          0.05283867          0.01617303          0.01202960
 241          0.34282503          0.16666032          0.14042240          0.11831521          0.09550934          0.07709941          0.03273950          0.02642879
 242          0.68550929          0.11156515          0.07918096          0.05619697          0.03660818          0.02384753          0.00429442          0.00279750
 243          0.33488222          0.16692537          0.14123435          0.11949736          0.09696853          0.07868705          0.03411876          0.02768635
 244          0.43859676          0.15868394          0.12756421          0.10254741          0.07805838          0.05941749          0.01994774          0.01518408
 245          0.34217270          0.16671624          0.14050671          0.11841759          0.09562361          0.07721721          0.03283295          0.02651299
 246          0.29051809          0.16691829          0.14476104          0.12554501          0.10507131          0.08793644          0.04314273          0.03610708
 247          0.42443519          0.16034044          0.12976156          0.10501444          0.08060793          0.06187376          0.02147936          0.01648732
 248          0.46070522          0.15582056          0.12396922          0.09862862          0.07410787          0.05568340          0.01774889          0.01333622
 249          0.32691637          0.16711646          0.14199879          0.12065631          0.09843098          0.08029963          0.03556646          0.02901499
 250          0.36209784          0.16572918          0.13826267          0.11534823          0.09196941          0.07332901          0.02963505          0.02362861
 251          0.39690602          0.16312741          0.13377008          0.10969605          0.08560143          0.06679917          0.02477030          0.01932953
 252          0.29034993          0.16695907          0.14479602          0.12557501          0.10509607          0.08795686          0.04315218          0.03611486
 253          0.45687819          0.15633943          0.12460514          0.09931237          0.07478898          0.05632120          0.01811377          0.01364091
 254          0.32644096          0.16712542          0.14204277          0.12072459          0.09851821          0.08039653          0.03565500          0.02909653
 255          0.42443519          0.16034044          0.12976156          0.10501444          0.08060793          0.06187376          0.02147936          0.01648732
 256          0.35743876          0.16599001          0.13880809          0.11607739          0.09282472          0.07423004          0.03035595          0.02427504
 257          0.36923084          0.16528787          0.13740052          0.11421833          0.09066091          0.07196219          0.02856547          0.02267387
 258          0.35634981          0.16604778          0.13893349          0.11624676          0.09302469          0.07444158          0.03052707          0.02442882
 259          0.29051812          0.16691829          0.14476104          0.12554501          0.10507131          0.08793643          0.04314273          0.03610708
 260          0.33454187          0.16693510          0.14126806          0.11954744          0.09703104          0.07875553          0.03417926          0.02774170
 261          0.41925410          0.16090987          0.13054343          0.10590765          0.08154414          0.06278533          0.02206581          0.01698968
 262          0.41142273          0.16173191          0.13170173          0.10724752          0.08296253          0.06417660          0.02298030          0.01777667
 263          0.54184802          0.14277134          0.10932702          0.08371706          0.05996834          0.04295662          0.01131000          0.00810160
 264          0.33454190          0.16693509          0.14126805          0.11954744          0.09703103          0.07875553          0.03417926          0.02774170
 265          0.43491463          0.15912867          0.12814390          0.10319233          0.07871985          0.06005113          0.02033614          0.01551335
 266          0.33510044          0.16691907          0.14121269          0.11946523          0.09692845          0.07864317          0.03408003          0.02765093
 267          0.33510044          0.16691907          0.14121269          0.11946523          0.09692845          0.07864317          0.03408003          0.02765093
 268          0.39750298          0.16307342          0.13368712          0.10959632          0.08549269          0.06669019          0.02469414          0.01926313
 269          0.48495135          0.15231930          0.11981692          0.09425000          0.06982089          0.05172368          0.01557778          0.01154010
 270          0.33976268          0.16677108          0.14074114          0.11877400          0.09607199          0.07770915          0.03326395          0.02690600
 271          0.60442226          0.13035226          0.09677098          0.07184089          0.04950567          0.03411443          0.00769256          0.00530096
 272          0.49828036          0.15024399          0.11744865          0.09181190          0.06748584          0.04960510          0.01448041          0.01064375
 273          0.37831215          0.16465528          0.13625755          0.11275751          0.08899726          0.07024376          0.02726041          0.02151609
 274          0.36833807          0.16534583          0.13751018          0.11436062          0.09082461          0.07213243          0.02869714          0.02279112
 275          0.42399491          0.16038961          0.12982847          0.10509055          0.08068742          0.06195095          0.02152864          0.01652946
 276          0.30769981          0.16724480          0.14361776          0.12332856          0.10194902          0.08427571          0.03935320          0.03253115
 277          0.38523936          0.16412161          0.13535319          0.11162751          0.08773031          0.06894902          0.02630521          0.02067379
 278          0.46654829          0.15501022          0.12298778          0.09758062          0.07307025          0.05471642          0.01720385          0.01288258
 279          0.42729562          0.16001753          0.12932474          0.10451910          0.08009183          0.06137348          0.02116172          0.01621599
 280          0.35634981          0.16604778          0.13893349          0.11624676          0.09302469          0.07444158          0.03052707          0.02442882
 281          0.39407163          0.16337968          0.13416140          0.11016842          0.08611803          0.06731797          0.02513499          0.01964788
 282          0.35634981          0.16604778          0.13893349          0.11624676          0.09302469          0.07444158          0.03052707          0.02442882
 283          0.32412352          0.16716503          0.14225441          0.12105593          0.09894332          0.08086990          0.03609014          0.02949775
 284          0.35169603          0.16628070          0.13946034          0.11696598          0.09387947          0.07534973          0.03126987          0.02509788
 285          0.38210984          0.16436806          0.13576514          0.11213963          0.08830243          0.06953224          0.02673255          0.02105009
 286          0.40428586          0.16243928          0.13273174          0.10845724          0.08425840          0.06545878          0.02384441          0.01852428
 287          0.34677863          0.16650176          0.14000062          0.11771752          0.09478291          0.07631659          0.03207559          0.02582638
 288          0.43859676          0.15868394          0.12756421          0.10254741          0.07805838          0.05941749          0.01994774          0.01518408
 289          0.40159868          0.16269502          0.13311303          0.10890978          0.08474709          0.06594512          0.02417766          0.01881361
 290          0.35028883          0.16634662          0.13961669          0.11718195          0.09413799          0.07562565          0.03149821          0.02530406
 291          0.39657386          0.16315733          0.13381615          0.10975151          0.08566195          0.06685986          0.02481277          0.01936657
 292          0.38537276          0.16411091          0.13533551          0.11160562          0.08770593          0.06892422          0.02628714          0.02065790
 293          0.37104830          0.16516750          0.13717576          0.11392792          0.09032774          0.07161634          0.02829932          0.02243711
 294          0.58043408          0.13533607          0.10169840          0.07642134          0.05346756          0.03740813          0.00896332          0.00627111
 295          0.43859676          0.15868394          0.12756421          0.10254741          0.07805838          0.05941749          0.01994774          0.01518408
 296          0.46654829          0.15501022          0.12298778          0.09758062          0.07307025          0.05471642          0.01720385          0.01288258
 297          0.53802795          0.14346689          0.11006098          0.08443355          0.06062017          0.04352304          0.01156452          0.00830290
 298          0.38657793          0.16401354          0.13517532          0.11140767          0.08748573          0.06870041          0.02612449          0.02051492
 299          0.38210984          0.16436806          0.13576514          0.11213963          0.08830243          0.06953224          0.02673255          0.02105009
 300          0.39580356          0.16322634          0.13392279          0.10988002          0.08580232          0.06700070          0.02491154          0.01945274
 301          0.34438571          0.16659979          0.14025727          0.11807999          0.09522258          0.07678981          0.03247567          0.02618918
 302          0.35426927          0.16615472          0.13917086          0.11656923          0.09340680          0.07484676          0.03085682          0.02472554
 303          0.41142273          0.16173191          0.13170173          0.10724752          0.08296253          0.06417660          0.02298030          0.01777667
 304          0.37652509          0.16478586          0.13648636          0.11304687          0.08932441          0.07058002          0.02751238          0.02173901
 305          0.46654828          0.15501022          0.12298778          0.09758062          0.07307025          0.05471642          0.01720385          0.01288258
 306          0.33976268          0.16677108          0.14074114          0.11877400          0.09607199          0.07770915          0.03326395          0.02690600
 307          0.41142273          0.16173191          0.13170173          0.10724752          0.08296253          0.06417660          0.02298030          0.01777667
 308          0.34231329          0.16667956          0.14047615          0.11839213          0.09560336          0.07720110          0.03282651          0.02650789
 309          0.46831109          0.15476150          0.12268923          0.09726351          0.07275776          0.05442629          0.01704222          0.01274840
 310          0.37971490          0.16455072          0.13607664          0.11252975          0.08874054          0.06998046          0.02706423          0.02134275
 311          0.37768065          0.16470176          0.13633862          0.11285986          0.08911285          0.07036248          0.02734918          0.02159460
 312          0.29947802          0.16714399          0.14420349          0.12441157          0.10344680          0.08601482          0.04111482          0.03418650
 313          0.38512959          0.16413040          0.13536774          0.11164552          0.08775037          0.06896943          0.02632008          0.02068688
 314          0.44241242          0.15821334          0.12695766          0.10187666          0.07737390          0.05876439          0.01955209          0.01484954
 315          0.42213057          0.16059621          0.13011085          0.10541240          0.08102415          0.06227837          0.02173843          0.01670902
 316          0.41430797          0.16143455          0.13127834          0.10675536          0.08243952          0.06366213          0.02263936          0.01748276
 317          0.46510181          0.15521284          0.12323191          0.09784050          0.07332686          0.05495503          0.01733744          0.01299360
 318          0.43859676          0.15868394          0.12756421          0.10254741          0.07805838          0.05941749          0.01994774          0.01518408
 319          0.33454190          0.16693509          0.14126805          0.11954744          0.09703103          0.07875553          0.03417926          0.02774170
 320          0.46273049          0.15554215          0.12363047          0.09826592          0.07374791          0.05534730          0.01755834          0.01317742
 321          0.35316719          0.16620954          0.13929540          0.11673944          0.09360923          0.07506193          0.03103301          0.02488427
 322          0.37442720          0.16493538          0.13675256          0.11338539          0.08970861          0.07097595          0.02781118          0.02200374
 323          0.68525085          0.11162969          0.07923916          0.05624708          0.03664799          0.02387813          0.00430329          0.00280383
 324          0.42729562          0.16001753          0.12932474          0.10451910          0.08009183          0.06137348          0.02116172          0.01621599
 325          0.44390208          0.15802688          0.12671924          0.10161414          0.07710697          0.05851040          0.01939952          0.01472077
 326          0.43743424          0.15882531          0.12774781          0.10275127          0.07826713          0.05961720          0.02006968          0.01528736
 327          0.47332279          0.15404379          0.12183435          0.09635967          0.07187076          0.05360548          0.01658964          0.01237354
 328          0.41261041          0.16161029          0.13152793          0.10704514          0.08274718          0.06396456          0.02283938          0.01765512
 329          0.50691497          0.14884522          0.11588407          0.09022204          0.06598173          0.04825416          0.01380318          0.01009463
 330          0.32307988          0.16718065          0.14234823          0.12120433          0.09913471          0.08108365          0.03628805          0.02968050
 331          0.32853350          0.16708391          0.14184779          0.12042330          0.09813421          0.07997060          0.03526713          0.02873955
 332          0.48158401          0.15282706          0.12040589          0.09486264          0.07041328          0.05226536          0.01586541          0.01177635
 333          0.36145550          0.16576645          0.13833872          0.11544918          0.09208730          0.07345284          0.02973337          0.02371663
 334          0.38330262          0.16427516          0.13560878          0.11194475          0.08808433          0.06930962          0.02656887          0.02090586
 335          0.36532671          0.16553561          0.13787640          0.11483874          0.09137693          0.07270842          0.02914588          0.02319131
 336          0.48610187          0.15214427          0.11961481          0.09404036          0.06961871          0.05153920          0.01548048          0.01146030
 337          0.47893975          0.15322102          0.12086568          0.09534275          0.07087916          0.05269257          0.01609432          0.01196475
 338          0.44390206          0.15802689          0.12671924          0.10161414          0.07710697          0.05851041          0.01939952          0.01472077
 339          0.38031057          0.16450578          0.13599947          0.11243287          0.08863156          0.06986883          0.02698136          0.02126958
 340          0.42575655          0.16019202          0.12956022          0.10478581          0.08036945          0.06164239          0.02133209          0.01636146
 341          0.57996664          0.13543049          0.10179306          0.07651029          0.05354538          0.03747349          0.00898944          0.00629122
 342          0.36963126          0.16526162          0.13735118          0.11415443          0.09058750          0.07188590          0.02850662          0.02262149
 343          0.68525084          0.11162969          0.07923916          0.05624708          0.03664799          0.02387813          0.00430329          0.00280383
 344          0.41261041          0.16161029          0.13152793          0.10704514          0.08274718          0.06396456          0.02283938          0.01765512
 345          0.42819688          0.15991455          0.12918636          0.10436270          0.07992933          0.06121629          0.02106252          0.01613137
 346          0.33961555          0.16677614          0.14075628          0.11879595          0.09609902          0.07773852          0.03328937          0.02692917
 347          0.38330262          0.16427516          0.13560878          0.11194475          0.08808433          0.06930962          0.02656887          0.02090586
 348          0.37104830          0.16516750          0.13717576          0.11392792          0.09032774          0.07161634          0.02829932          0.02243711
 349          0.41656449          0.16119750          0.13094447          0.10636924          0.08203084          0.06326132          0.02237601          0.01725614
 350          0.39690602          0.16312741          0.13377008          0.10969605          0.08560143          0.06679917          0.02477030          0.01932953
 351          0.41613619          0.16124280          0.13100803          0.10644261          0.08210838          0.06333729          0.02242577          0.01729894
 352          0.32644096          0.16712542          0.14204277          0.12072459          0.09851821          0.08039653          0.03565500          0.02909653
 353          0.51054819          0.14824417          0.11521883          0.08955076          0.06535090          0.04769071          0.01352580          0.00987064
 354          0.35316722          0.16620953          0.13929539          0.11673944          0.09360922          0.07506192          0.03103301          0.02488427
 355          0.41261041          0.16161029          0.13152793          0.10704514          0.08274718          0.06396456          0.02283938          0.01765512
 356          0.55425701          0.14046066          0.10691567          0.08138194          0.05786105          0.04113814          0.01051182          0.00747371
 357          0.44273988          0.15817248          0.12690533          0.10181899          0.07731520          0.05870851          0.01951846          0.01482115
 358          0.33510044          0.16691907          0.14121269          0.11946523          0.09692845          0.07864317          0.03408003          0.02765093
 359          0.35926641          0.16589032          0.13859584          0.11579221          0.09248915          0.07387581          0.03007101          0.02401925
 360          0.38225601          0.16435675          0.13574603          0.11211577          0.08827570          0.06950494          0.02671244          0.02103236
 361          0.32853350          0.16708391          0.14184779          0.12042330          0.09813421          0.07997060          0.03526713          0.02873955
 362          0.39626987          0.16318462          0.13385827          0.10980224          0.08571734          0.06691542          0.02485170          0.01940053
 363          0.38629656          0.16403639          0.13521279          0.11145392          0.08753713          0.06875262          0.02616237          0.02054822
 364          0.36128753          0.16577612          0.13835856          0.11547556          0.09211813          0.07348525          0.02975914          0.02373971
 365          0.37652509          0.16478586          0.13648636          0.11304687          0.08932441          0.07058002          0.02751238          0.02173901
 366          0.37642234          0.16479328          0.13649946          0.11306348          0.08934322          0.07059938          0.02752694          0.02175190
 367          0.44390206          0.15802689          0.12671924          0.10161414          0.07710697          0.05851041          0.01939952          0.01472077
 368          0.36101328          0.16579186          0.13839091          0.11551860          0.09216847          0.07353817          0.02980126          0.02377744
 369          0.41142273          0.16173191          0.13170173          0.10724752          0.08296253          0.06417660          0.02298030          0.01777667
 370          0.42729562          0.16001753          0.12932474          0.10451910          0.08009183          0.06137348          0.02116172          0.01621599
 371          0.34760223          0.16646656          0.13991133          0.11759227          0.09463158          0.07615413          0.03193911          0.02570279
 372          0.60139335          0.13099638          0.09740055          0.07242083          0.05000243          0.03452381          0.00784566          0.00541698
 373          0.46310995          0.15548969          0.12356683          0.09819790          0.07368050          0.05528444          0.01752284          0.01314785
 374          0.46310995          0.15548969          0.12356683          0.09819790          0.07368050          0.05528444          0.01752284          0.01314785
 375          0.38657891          0.16401346          0.13517519          0.11140751          0.08748555          0.06870023          0.02612436          0.02051481
 376          0.32307988          0.16718065          0.14234823          0.12120433          0.09913471          0.08108365          0.03628805          0.02968050
 377          0.32307988          0.16718065          0.14234823          0.12120433          0.09913471          0.08108365          0.03628805          0.02968050
 378          0.58043408          0.13533607          0.10169840          0.07642134          0.05346756          0.03740813          0.00896332          0.00627111
 379          0.41261041          0.16161029          0.13152793          0.10704514          0.08274718          0.06396456          0.02283938          0.01765512
 380          0.41142273          0.16173191          0.13170173          0.10724752          0.08296253          0.06417660          0.02298030          0.01777667
 381          0.41142273          0.16173191          0.13170173          0.10724752          0.08296253          0.06417660          0.02298030          0.01777667
 382          0.41142273          0.16173191          0.13170173          0.10724752          0.08296253          0.06417660          0.02298030          0.01777667
 383          0.36135263          0.16577237          0.13835087          0.11546534          0.09210618          0.07347269          0.02974915          0.02373077
 384          0.37780659          0.16469252          0.13632247          0.11283946          0.08908980          0.07033879          0.02733145          0.02157892
 385          0.39304779          0.16346912          0.13430171          0.11033857          0.08630473          0.06750592          0.02526800          0.01976415
 386          0.68550929          0.11156515          0.07918096          0.05619698          0.03660818          0.02384753          0.00429442          0.00279750
 387          0.34092668          0.16673023          0.14062082          0.11860005          0.09585813          0.07747704          0.03306354          0.02672351
 388          0.33632986          0.16688250          0.14108998          0.11928382          0.09670263          0.07839620          0.03386272          0.02745229
 389          0.42676687          0.16007767          0.12940576          0.10461078          0.08018718          0.06146580          0.02122011          0.01626583
 390          0.35634981          0.16604778          0.13893349          0.11624676          0.09302469          0.07444158          0.03052707          0.02442882
 391          0.34677863          0.16650176          0.14000062          0.11771752          0.09478291          0.07631659          0.03207559          0.02582638
 392          0.48852889          0.15177246          0.11918700          0.09359762          0.06919261          0.05115105          0.01527686          0.01129351
 393          0.47332279          0.15404379          0.12183435          0.09635967          0.07187076          0.05360548          0.01658964          0.01237354
 394          0.38031057          0.16450578          0.13599947          0.11243287          0.08863156          0.06986883          0.02698136          0.02126958
 395          0.38494479          0.16414518          0.13539220          0.11167583          0.08778414          0.06900380          0.02634515          0.02070892
 396          0.33144363          0.16701726          0.14157064          0.12000104          0.09759999          0.07938063          0.03473551          0.02825130
 397          0.46310995          0.15548969          0.12356683          0.09819790          0.07368050          0.05528444          0.01752284          0.01314785
 398          0.37524539          0.16487756          0.13664905          0.11325352          0.08955875          0.07082138          0.02769426          0.02190010
 399          0.36408122          0.16561150          0.13802619          0.11503566          0.09160544          0.07294743          0.02933358          0.02335898
 400          0.46831109          0.15476150          0.12268923          0.09726351          0.07275776          0.05442629          0.01704222          0.01274840
 401          0.47057711          0.15443892          0.12230381          0.09685526          0.07235645          0.05405442          0.01683633          0.01257770
 402          0.34092668          0.16673023          0.14062082          0.11860005          0.09585813          0.07747704          0.03306354          0.02672351
 403          0.44390208          0.15802688          0.12671924          0.10161414          0.07710697          0.05851040          0.01939952          0.01472077
 404          0.68525084          0.11162969          0.07923916          0.05624708          0.03664799          0.02387813          0.00430329          0.00280383
 405          0.42399491          0.16038961          0.12982847          0.10509055          0.08068742          0.06195095          0.02152864          0.01652946
 406          0.33117654          0.16702381          0.14159636          0.12003995          0.09764903          0.07943466          0.03478393          0.02829572
 407          0.47370136          0.15398894          0.12176941          0.09629126          0.07180384          0.05354372          0.01655586          0.01234561
 408          0.50691495          0.14884522          0.11588408          0.09022204          0.06598173          0.04825417          0.01380318          0.01009463
 409          0.34677863          0.16650176          0.14000062          0.11771752          0.09478291          0.07631659          0.03207559          0.02582638
 410          0.37652509          0.16478586          0.13648636          0.11304687          0.08932441          0.07058002          0.02751238          0.02173901
 411          0.38768728          0.16392278          0.13502715          0.11122512          0.08728309          0.06849476          0.02597564          0.02038419
