3.26246519505673 2.85669015639824 3.2415386228268 3.33597059628445 3.22982386821148 3.08465349022558 3.53501779578811 2.86374344457761 3.17495152516966 2.99367896514732 3.09975982072267 2.72980735307165 3.10899645411712 2.93441009917381 3.249487604688 2.90849748804437 2.96211312664443 3.43850410217989 3.19604347536559 3.1306129827535 3.3335521184898 2.96854768544084 2.95520376259755 3.07235106844488 3.03989233647173 2.73015295102055 2.90834776632572 2.78875119699103 3.08265920257268 3.3385859347965 2.91313211421986 3.10740692732933 2.89526783769018 3.42618396178052 2.95649203244548 3.07669140363585 3.2726224479831 3.44449150968704 2.83101649492355 3.07565945091867 3.18298555107236 3.1292518757252 3.4298806700162 3.18655478411215 3.28098993584431 3.10985573064289 3.04598149828916 2.77558254278307 3.29129888979266 3.02008656628643
-1.77981562595089 -1.51337554242712 -1.91928157234197 -2.04488481756195 -1.48351322581367 -1.60608796217752 -1.30870461614979 -2.1319248256345 -1.79296998956632 -2.01668861416306 -1.64366337893227 -1.45316485493174 -1.9067023404915 -1.55233726277413 -1.25717326546891 -1.66172356232102 -2.24042972101165 -0.931703127221392 -1.31534117327831 -1.79504229426063 -2.04391578880242 -1.85541094665848 -1.74014185679451 -1.86256211091948 -1.73805746834469 -1.75048310443572 -2.07265346481083 -2.02274352064927 -1.77415770745538 -1.5464653659874 -1.88370271579542 -1.82388579977832 -1.92637567188165 -1.82346248526919 -2.12271921336151 -1.85920390883365 -1.80768739511476 -1.72052091697003 -1.51909247214347 -1.57482395049129 -1.27620783593781 -1.89551178760789 -1.68777315628194 -1.77853836681626 -0.992474275687217 -1.86106794805121 -1.98700007724963 -1.71184534375427 -1.54620142017697 -1.18040491048779
-0.184065660665638 -0.0779418887183045 -0.112610036871686 -0.184119927065828 -0.125381682034878 -0.198736532185215 -0.117976556999209 -0.218815039774437 -0.164855455461221 -0.182308843489036 -0.161012849677337 -0.167991074517766 -0.142901185455563 -0.117807416254455 -0.193039559121226 -0.130269901663602 -0.118337748429455 -0.140959355301711 -0.083426693262053 -0.153793420917553 -0.222434126670483 -0.155665292839945 -0.172601663768593 -0.191964355124928 -0.245087177011499 -0.148351167075528 -0.128131372628031 -0.276541583230303 -0.179699037486566 -0.145594697313991 -0.144884076138672 -0.143180977504578 -0.0965394211465159 -0.194541866898099 -0.119183131605969 -0.129577002404447 -0.106408713581072 -0.0928216415216454 -0.205144650712544 -0.226735834424389 -0.120557504161623 -0.124603002127285 -0.120789086182159 -0.0948280100779219 -0.212273498271952 -0.0763347377140264 -0.149303419873976 -0.118460269406559 -0.154127005238946 -0.190143331295618
0.624903945795236 0.416258322850102 0.793793189933155 0.686227823238709 0.88347085994019 0.86384929016054 0.730601553770747 0.585563068409893 0.689017825084838 0.940648798442834 0.659597810527123 0.647167290728244 0.637098654133617 1.06213102379264 0.80974212341167 0.885308121484523 0.744945397472445 1.12157473473369 1.00319245480356 2.92443119135932 0.730031018145875 0.643902443580415 0.455342256652375 1.00476167381514 1.6323394853232 1.74977791462618 0.656449634826837 2.37606922598952 1.01113596126496 1.43746058777391 0.736645585212828 0.588149607517904 1.49116229630948 0.801297749325059 0.793912364171693 1.41215611927456 1.02862805378331 0.81019407710238 0.92648262442537 0.447018797472408 1.14991093422824 0.857562925138551 0.811230395120458 1.11243647217648 0.623701270534154 0.821908992381838 0.915457472447144 0.443049868314154 0.48326973929962 0.961962815547695
-0.060266725117328 -0.0451820714616668 -0.052259710101323 -0.0614323256050006 -0.0657761125763001 -0.0561402671038329 -0.0350352214542834 -0.0662403349508478 -0.0503281719404452 -0.0664550612519411 -0.0410817530479357 -0.0540958777648744 -0.046379892680046 -0.0392691851666656 -0.0496761107041135 -0.0434784053477404 -0.0453517559142141 -0.0432465418571575 -0.0342243262682723 -0.0362962641220329 -0.0734207331797094 -0.0510803097441656 -0.021982264802114 -0.0514216740142437 -0.0585218264290243 -0.0437534930353426 -0.0519137117622426 -0.0476546567703542 -0.0564171273042993 -0.0549275350642818 -0.0593475106665688 -0.0545046821326964 -0.0662458511078806 -0.0601239106603272 -0.0411534029627384 -0.0457649094488762 -0.0486050877189775 -0.0481767598728453 -0.0574332441301201 -0.0469890022358869 -0.0380740622876349 -0.0451999416635099 -0.0507794491151442 -0.0220352617400146 -0.0411873141757028 -0.0527619803104948 -0.0506082820377959 -0.0285741179932519 -0.0532192642183472 -0.0483295132735238
-0.256837508699941 -0.0547271569495754 -0.0853138304155689 -0.051639045467651 -0.330497758152339 -0.07839410619882 -0.0839219464139456 -0.0411472382489397 -0.185462550394528 -0.0587048738042961 -0.135068537935435 -0.109010306158141 -0.15484050134281 -0.0852019168617948 -0.125711072368311 -0.0269866919791643 -0.0727465420352341 -0.054391040890124 -0.181194457717261 -0.056556881279075 -0.168285594204856 -0.189026280787193 -0.0510482568203679 -0.0361455981755642 -0.0846266591974763 -0.245854233916367 -0.0722320457525683 -0.0277068237578145 -0.170847830510066 -0.132192297244735 -0.051629570032279 -0.19207404085517 -0.0878876264894987 -0.0973974103881426 -0.125949869370564 -0.0585970415932681 -0.121652786935982 -0.0466282918503327 -0.0546610429852561 -0.100801423172082 -0.100909340106555 -0.129356229458216 -0.0130403497298534 -0.111932653904094 -0.0388570680013218 -0.117924276094456 -0.0425123831324547 -0.0828971326554019 -0.0234560242794257 -0.0315460887547237
0.525710608410403 0.614925679859833 0.58701945802172 0.463031634077304 0.57615646879682 0.50902291695214 0.505720761217937 0.618240848448162 0.443251624159371 0.550095891395473 0.642136360857913 0.668260455482452 0.483520704350854 0.545022705160246 0.542793304052456 0.665017708180122 0.541633382612937 0.504100350110627 0.503386410536276 0.525966956669182 0.639739665782299 0.480547134337778 0.765571088868342 0.480156629380425 0.597370707394462 0.671748963772772 0.625076860014568 0.748245081545332 0.549848775794489 0.524734248410755 0.644001656549067 0.531582790746343 0.716173821097416 0.382404733531348 0.502453870897558 0.7015323674179 0.620683722102386 0.608285989870302 0.634244140561682 0.565038643336236 0.434621051450832 0.511357423093296 0.454138594930797 0.514999520104724 0.486803821916188 0.623734032608077 0.608038682159808 0.548983821856117 0.509275651902318 0.539723857746256
-0.0228295954725248 -0.037470787401754 -0.0135038261508782 -0.0195809047627196 -0.0191459023525075 -0.0235105800262742 -0.0537780723917443 -0.0121511739386084 -0.0327099949953628 -0.028580807757616 -0.0302519772441224 -0.0140952595126809 -0.036413552369271 -0.0116725055177533 -0.040442884851231 -0.024885946097325 -0.0191882391266878 -0.0374242098763503 -0.0175038712844112 -0.0255454663643471 -0.0213827556640733 -0.0352123854727338 -0.0130333060157784 -0.0235752535609896 -0.00708993416881216 -0.0766277378433578 -0.0313355608908472 -0.0165540084569745 -0.0396584907346667 -0.0230230786576786 -0.0241289315927057 -0.0150876467595764 -0.0309307359931964 -0.0150478857108339 -0.040160642902028 -0.0172858966238637 -0.019264159117851 -0.0245086086506311 -0.0208511133416818 -0.00953113324318618 -0.00702492428155963 -0.0141386007020167 -0.0408830946514103 -0.0407056496630811 -0.0152149327596206 -0.0187009698410827 -0.026272791030111 -0.0433456843033128 -0.0234402236577067 -0.00810253073927604
4.26309101933651 3.00918683133326 2.96727644726845 2.56071417583538 4.6406580609817 3.29971552623285 2.74952904139807 2.15045281400788 2.50081745964567 2.59519447833021 5.12348909470856 4.15121343341445 4.59700935559368 2.72806009475397 2.2676824707165 3.29451072273109 2.89837111715611 3.3542836431353 4.93330956240198 6.56582646801172 2.73599243679029 3.270205789333 2.54178014586614 4.71325386667656 6.33158051185565 3.10211286613225 2.99735071350344 2.86776006449314 2.20456491703598 3.18840081663994 4.12370649810817 2.70052143819455 3.41355346326689 2.4006490934961 2.49504496720501 4.03872510163252 4.01986689692022 5.45043694795341 2.38608850855467 4.63959813779555 2.61542202867799 2.55994096405187 3.16007664375053 6.01039122864311 2.63883027162791 2.55825882475339 2.35861305090943 5.58586139533525 3.18686791972943 3.62482362271287
9.38620153257768 10.4625511171075 10.7908804455865 10.7400372177522 15.7775679925116 11.6673758205309 11.7956321554042 9.97868685354606 7.44903097245368 10.9902199201149 9.77779500395735 7.45076017658191 9.36868423264041 10.7613963040982 6.85841420633122 12.2010503461635 6.63938719996397 6.51882566238145 13.7659684360687 11.1529355967514 6.52053983862585 10.970125229402 8.74103424322884 14.5111980387292 7.80785193282075 11.1972885952686 9.25643721622785 13.5649396925769 10.2584906230224 6.60910851892788 12.9828562463901 12.7020784793401 9.33284614836882 10.7630502850149 6.41396393649987 13.9546519244121 8.21306454950907 10.8942652919699 9.28472979358193 10.6248771609718 13.3733807211019 4.55295132794476 11.6828804403851 10.9770674469774 4.44058069580038 6.72109320705114 9.21294932022778 13.3196302106376 17.3795144190348 6.24255049471211
1.19701529007853 1.16746833947979 0.774414537183694 1.13299145880028 0.641229875920582 1.02703024123728 1.09510525169223 1.08722528284463 1.63431732106591 0.889653673530973 1.29494698884548 1.44368769612069 1.05442846450657 1.42778190382033 1.79848493967435 1.13752485747673 2.37328508048352 1.48104362217347 0.994928151414432 1.06776061894209 1.04659084502781 0.998480380810455 1.10189765673172 1.01892514934832 0.97391278635777 1.05295814060562 1.38936932063623 0.73191291102845 0.817158678565992 1.09770969334967 0.611728068849884 1.37698404972254 1.55730810853192 1.44019473857027 1.35474349053771 1.0883661337954 1.28212668553145 1.07841259241626 1.02501733421777 1.11456317892036 0.564242474874756 1.28280417373991 1.12566849660772 1.05638892194062 0.931087087587486 1.59543294219414 1.02024679971449 1.03298944869214 1.12364832359862 1.16713493744166
8.71747034798034 8.79644168044284 6.89819628209236 9.19688193067018 8.90130306117511 5.88282158481769 9.68284088464459 7.97964894284504 9.46094845273564 8.72315444626765 9.85261194657124 7.97155412544939 9.7572092885335 10.1915032056565 8.88630444261871 5.06160853704321 10.0536413144596 12.7493347226667 7.72415528393305 9.14153733091471 8.94071537285126 9.31210222476014 9.24028147179025 8.96102859860936 8.68133618120318 5.75964517305978 9.20502100899349 10.6985656037693 9.34182014619875 9.43945418538844 9.58647251128501 8.95614790293916 5.80606166797813 8.85028849921337 9.2200400859797 9.91864518731477 5.75347780282296 6.83457596660038 8.71854941222261 9.67264518428436 7.65410388719382 6.74534213735308 10.1492670436809 6.01246219716944 12.2653655277167 8.09836349449502 8.88446467071113 10.9843201311329 9.53165186469538 8.89070876662961
-0.594724344774628 -0.6200852240497 -0.577290635810415 -0.63405489627285 -0.645423504990804 -0.538043653347032 -0.54347323840665 -0.682561036025333 -0.584405849798427 -0.696347423198259 -0.56032824641802 -0.622865836996215 -0.563987318969597 -0.495063802100386 -0.616050400966993 -0.553869873197062 -0.554384937798395 -0.51805462217797 -0.569902008522164 -0.560898001072592 -0.657760873630426 -0.467879468668099 -0.763106995621031 -0.564091726982961 -0.580136926768031 -0.614848083376028 -0.639197452472324 -0.581871867973196 -0.584465898458175 -0.520945783346303 -0.570981617169031 -0.578846622366819 -0.474677981098814 -0.588381430322466 -0.613373147624529 -0.568164974685085 -0.59172043150496 -0.570581715986273 -0.602330180248163 -0.6699678098213 -0.59007743099934 -0.53356038213942 -0.539952622777657 -0.567893955220355 -0.60977077941111 -0.801906624192517 -0.659923026980745 -0.581571401449137 -0.510030133922123 -0.576218452809277
-5.08972181713492 -5.13731109446228 -5.29056484416767 -5.26425078744588 -5.17317184810253 -5.74867820023472 -6.59162519473345 -5.34139961881299 -4.23784771739946 -4.54797764689117 -5.80983254407565 -5.17255987051062 -4.8269864769533 -5.53334623849173 -4.60216059326374 -6.13919810745152 -4.90032465184949 -6.58539296733302 -5.63840907754751 -5.51116741699771 -6.50782559565297 -5.57029730530195 -5.33465315737226 -4.28217876908521 -4.46835165802405 -4.50304645278443 -5.24071403580183 -4.87964863059861 -5.14767107626851 -5.52244873656521 -5.7747592750499 -4.3976027663477 -5.56880571019388 -5.24186490145954 -5.90598174495637 -5.18660568351339 -4.87070127503731 -6.26864702273934 -4.78577998816165 -5.03067116326163 -5.69196846259843 -5.18709547846371 -5.84996482496471 -5.19848255710506 -5.29298475237835 -5.34636964201751 -5.17149011528457 -4.52915673274545 -5.47461923086422 -4.8356520853449
-5.86074142474174 -6.09590677602722 -6.42372101025378 -6.37960173500264 -6.21879549890938 -5.44139070786903 -6.46768830185211 -5.55292186874156 -5.65239240447922 -5.88953250030889 -7.44269402873456 -5.68357913390663 -5.90700542238637 -6.27002854494821 -6.23715271241936 -6.48154030629725 -5.63513865998919 -7.05350290733825 -6.50257121011974 -6.88944131470022 -5.88418262871653 -5.55815532122087 -5.90171958954466 -4.85578346675791 -6.02061249533116 -5.37945346596095 -6.34597179643697 -6.54291596641028 -6.30230779009335 -6.4186929979015 -5.99059919777362 -5.64329520739017 -5.74010088342458 -5.91248862029463 -5.35861138144453 -7.04224886102034 -7.02670166814877 -6.60171339437149 -5.93883855366655 -5.54783316573932 -5.64598705193907 -6.47064761620366 -6.5678566431779 -7.00559285251358 -5.95240740006543 -5.96401036993135 -5.77028754473519 -5.26516403419946 -6.01832074740609 -5.44122932194411
-7.02540227255412 -6.50741731917911 -7.69598460991586 -6.03176364665393 -6.12803247296482 -5.87585248825203 -6.991774175086 -6.42326596514185 -5.87387205006779 -6.23671152434442 -7.28442915967512 -6.29614806539598 -6.54570876365877 -6.24823989190229 -6.14075063404074 -7.01558619963241 -6.13331799921627 -7.6161316933695 -6.4545266552788 -7.28833352162067 -6.84348198685491 -5.63442911211556 -6.36246873100068 -6.56538281559113 -6.35083362270749 -6.32363858563314 -6.33664994915479 -5.86685052805734 -6.51279987684066 -7.18173201166835 -6.51930639570971 -6.09570792440352 -7.64526587508751 -6.76995235586281 -5.67054700089031 -6.98922535378955 -6.78160498951217 -6.79698003055684 -6.29796017147872 -7.14528042354309 -6.53631694117015 -6.50438901896785 -7.94291167164064 -5.90235013865159 -7.17342074884509 -5.88792867193158 -6.22224607603017 -5.51734479331931 -6.61672199516404 -6.33101836769393
-7.43565738149787 -6.51212899605426 -8.20739950173262 -8.47448063572015 -6.54922687698044 -7.08987220078703 -7.08984791101981 -6.60022493999798 -7.37816258214561 -6.91044622690386 -8.18257871003098 -7.32284897770848 -7.34343886911559 -8.77728344199058 -6.49860872601472 -7.23152797896256 -8.81397853852366 -8.61671439203175 -7.04673675466797 -7.93835471320202 -7.57968407295571 -6.58003710704983 -7.27652337986711 -7.51058119416567 -7.13381481116397 -6.72075254365854 -7.06730737061158 -7.13203157536107 -6.60100283379298 -8.3313351234426 -6.90364894320516 -7.24299869113026 -7.82757291269047 -6.47993727648043 -6.30162745264937 -7.49554481033787 -7.01109784825498 -7.13597322710337 -7.10875842228972 -7.55805091558099 -7.84725460879904 -6.68943395811595 -8.07716547601394 -7.23082422999035 -7.30703657991969 -7.89537599559419 -6.79812021582122 -6.45360543291604 -8.27856672696681 -7.24513450729487
1.56290822173361 3.2296431910041 1.28556650916473 1.68755182816128 2.2286561426006 2.00015279923674 1.28805847428047 2.28634702888134 1.68296964872965 2.13928875914269 1.5090271101813 4.15579552830769 1.85638787074488 5.9983389293149 1.60563038731659 1.7468264662338 3.81188167641143 2.4795829208039 1.55829730112387 1.88647542367741 1.31699958178501 1.4000969775383 2.16284981392161 1.60241358912386 1.39069428993041 5.64489425506167 2.91070716720203 4.7452192039848 4.15874383716924 2.14473629274681 1.70067894467659 1.96873992964979 1.47751843748558 1.5802003467037 1.6091142068031 1.25377260213603 1.90918311716576 2.64498278953879 3.18230023498933 1.09820264288113 1.40808240723496 1.90635664378038 1.32204534835658 1.94676344688701 1.92197395381626 2.01600055492419 3.24316261312324 2.47822770055248 1.63317619250687 3.11346580340305
36.2995834735343 35.9634584652457 40.0087557512782 36.6602206050077 38.8295060026109 38.9536975856198 40.375060425847 28.7589073319652 39.7802172821331 37.2751051763219 40.0292841138283 29.5754012467682 32.6553807388786 39.9831493781429 37.9448382062568 43.5717393757706 38.9049640399251 45.2353951024394 32.8106561244348 49.3129721236242 34.8329308435318 38.5752992889529 37.325603482888 33.7068712127794 32.4975530941318 39.6745197371657 34.265624199437 47.5918416217654 43.5868207214837 42.8307179587399 38.0233511986975 35.7303479160696 42.0849194130444 36.9306129654828 36.0495175390099 44.4917480317944 39.0708163022914 37.5720405904973 36.7874518474248 38.3789752207495 35.7216292754046 39.6076382161172 34.9814633576546 39.5106777324211 49.0152918015833 38.8544736012296 37.3853849369982 38.2438042223651 39.7190563454138 37.0512192886243
17.1959460219025 21.3060332856759 19.2437493429362 18.7211225127633 17.4631760655661 22.0086551657855 13.1437614769346 17.0095865906653 16.5791804003646 16.6413234988688 15.9676207573781 20.511551084497 19.2725782904295 19.7854291864521 20.4452425770613 20.1336425202164 20.2913160297487 21.3345671732165 12.6833680744004 11.7080761233712 16.8008078718978 17.5272753480089 19.7598395347229 19.8638166646702 12.041507199853 20.0079783805603 14.1830306140391 16.2479497024781 16.6847307551724 19.1145821465757 18.7080433691846 19.6845530506614 18.8245531469507 16.0029817609607 17.9363724506085 23.2589878628394 16.9978469290313 20.3190543065424 16.47701227983 17.3800981128203 19.9650186061658 20.7248282041626 18.3620757769568 20.6774102133777 11.4304038204157 20.0495767119183 18.2871125367577 19.9300575164628 18.502222786752 21.6606039537496
0.25 0.25 0.25 0.25 0.25 0.25 0.25 0.25 0.25 0.25 0.25 0.25 0.25 0.25 0.25 0.25 0.25 0.25 0.25 0.25 0.25 0.25 0.25 0.25 0.25 0.25 0.25 0.25 0.25 0.25 0.25 0.25 0.25 0.25 0.25 0.25 0.25 0.25 0.25 0.25 0.25 0.25 0.25 0.25 0.25 0.25 0.25 0.25 0.25 0.25
-0.1 -0.1 -0.1 -0.1 -0.1 -0.1 -0.1 -0.1 -0.1 -0.1 -0.1 -0.1 -0.1 -0.1 -0.1 -0.1 -0.1 -0.1 -0.1 -0.1 -0.1 -0.1 -0.1 -0.1 -0.1 -0.1 -0.1 -0.1 -0.1 -0.1 -0.1 -0.1 -0.1 -0.1 -0.1 -0.1 -0.1 -0.1 -0.1 -0.1 -0.1 -0.1 -0.1 -0.1 -0.1 -0.1 -0.1 -0.1 -0.1 -0.1
