33.3995681105485 33.4767727804546 32.6937049371532 33.5404509464857 33.58539821173 33.4565449942524 33.2947301081345 33.4199111487656 33.4804557851635 33.0469002041783 33.6830866118725 33.3770068980418 33.867385886897 33.9143393107458 33.6372028177725 33.8953584467736 33.4277313868318 33.8010789146716 33.5201184224281 33.4855955796583 33.6804993246245 33.4895600959127 33.6227192998554 33.3205050821406 34.2154344957271 33.2447183412678 33.5154112944386 33.4038109693864 33.5215679974899 33.8809443812785 33.5991729370576 33.4742874900994 33.3786070989831 33.3059883936875 33.3963589441029 33.6818467001003 33.6910486350022 33.6285078626631 33.4020190789147 33.4344522614972 33.3847393741955 33.6998142149682 33.5661422939012 33.5992292307826 33.8081230603838 33.7866139758055 33.4451684708209 33.2003462345978 33.8038503789544 33.2802331620774
36.9775538020112 37.462187390298 36.9406706144997 36.8949500395798 36.6321674839386 36.9460995492585 36.5188146448314 36.823839077518 36.516182716716 36.1268372504752 36.8694442622069 36.8539701423308 36.8349680021394 37.370780832893 36.6722648307662 36.5639194802218 36.4581200592798 36.2986542062141 36.7267577248174 36.663316172505 36.8362034845101 36.6946328514985 36.9381213746035 36.5568838166719 36.5521088557703 36.8333087382591 36.6598483020888 36.61945867642 37.0495199080669 36.6270378717418 36.412283185876 36.4265488356125 36.849288626541 36.5195242644002 36.8808612396268 36.3714242341639 36.8538103998054 36.6206261680209 37.3377493222922 36.8474374528558 36.7206294802022 36.3443252210869 36.9715837499815 36.9102200414837 36.890621900036 36.8916186213154 36.7298952815483 36.5697572447104 36.6746656467021 36.273640536772
39.1137056581573 38.9918392851788 39.386763452298 39.5962897306961 39.2612444326317 39.491806899592 39.3119482485038 39.3948597177164 39.0198917173383 38.8491917172434 39.4445960088713 39.2058098529506 39.0973865072516 39.5122885649622 39.0640501779869 39.2881296079421 39.1873916187573 39.1585952179954 39.4041498230328 39.0631905665829 39.2644351312998 39.284818912896 39.3859350912354 39.1759951089099 39.2429499546257 38.9388288035485 39.2581400467877 39.0221016068922 39.4670138770396 38.2577033431465 39.2323446376352 39.1572388330784 39.3538524302035 39.1552743040588 39.3346022259141 39.1953185554729 39.4211521436279 39.8538291388852 39.0965800437834 39.3742326179752 39.3861110934307 39.1882015279569 39.609788118955 39.4637072366327 39.4418574060607 39.3023457667104 39.1130963136728 39.0466852932909 38.9426680974125 39.3174076742447
43.0199168733767 42.732767926221 43.1524500986555 42.8049342052099 43.1383746946634 43.0804363632529 43.107705995948 43.3217155060835 43.5960258079191 42.6157452153229 43.1783950173614 43.1117527857059 43.3552139329413 43.2747671346698 43.0980263522428 42.9678553229573 42.8965647971177 42.8872932258558 43.3108928046411 43.0342040569403 43.1214094073975 43.3518419877149 43.1286827649597 42.7222164398219 43.1005652532666 42.869077237422 42.9101931790462 42.864104873444 43.2186619104081 43.0376124024967 42.8716188525203 42.7919200378623 43.0614387123849 43.0419950317172 43.033165698384 42.9504835066666 43.0893505610143 43.5642092211595 42.9397479908738 43.0389224868874 42.340463398792 42.7007872104862 43.2872580542721 43.4063786379823 43.2043075810429 43.1297513991826 43.0121893839049 42.8009195133821 42.7423841316192 42.9906329802706
48.6865601621096 48.475603750078 48.6017370886324 48.3874960757536 48.7817090018121 48.5998206993909 48.7563743578433 48.8414351103318 48.55178767125 48.2373204303702 48.8414900526485 48.7885627508446 48.8019631713682 48.9779516807215 48.7701612794371 48.6120040186996 48.3926035182645 48.7105057104705 48.8510770876824 48.1510957975952 48.7685178164194 48.8951416957465 48.4104459406288 48.2161420078019 48.7691954864004 48.4729477932869 48.6948623332198 48.5196922133761 48.8796034372409 48.6871315709086 48.5152252845258 48.5293125636274 48.5062048003889 48.7318239153827 48.6815775181818 48.7567770722464 48.7725724599981 49.4373287677885 48.6039215319314 48.6070493505185 48.6505429939896 48.3535128860011 48.9984451831993 48.6415120162514 48.7384637329364 48.7586306867814 48.4735986547615 48.5077902748274 48.1884806568082 48.6625014240095
54.3433537378693 54.0332101913958 54.2059455867645 54.3866735432003 54.2420220067017 54.2093920726504 54.5073373314652 54.4576140514576 54.1811443406736 53.9035396390563 54.6012879632133 54.3730966626093 54.389595288229 54.6310013221883 54.325574370618 54.2395674204817 53.9954848718865 54.3157059372048 54.3344539237481 54.0919863261 54.4146001757554 54.5642356537884 54.3933465953148 53.8575855580773 54.224004472919 53.4132899991259 54.2095440666832 54.0688391320534 54.6313827228351 54.3172639274065 54.0863597847422 53.8965234253667 54.1188473058928 54.0331168011115 54.2608792792995 54.3277524284925 54.3257838643697 54.867058420047 54.2381868791768 54.2333762984065 54.1909478422193 54.1402989132421 54.628758584767 54.7052806939838 54.4501857213778 54.2337656588875 54.1936937628944 54.0310395419284 54.3096903759921 54.3133491730668
5.78024573112385 5.80804611830093 6.013698895201 5.91424650167316 5.91146341282438 5.88914636915504 6.07868579272884 5.73753069186004 5.5861080922845 5.72229246253239 5.95993477555975 5.07681620642678 5.87439932471783 5.93648947781494 5.31501906578785 5.5136903511846 5.26838924081971 5.90150669944008 5.78201400428708 5.80766442401711 5.79773888879039 5.57633206090122 5.57676756494604 6.00236332934476 5.78664772716199 5.81366106542886 5.7075771176468 5.63930886251159 5.49853595970055 5.76471485709889 5.72216608117299 5.98015365124091 5.79294254378346 5.64509366214405 5.43562375623186 5.67766672124272 6.0183608769301 5.89554455192223 5.82832091885088 5.5915230446165 5.79090153345406 5.72915782978357 5.67506455367969 5.68389021062229 5.78601267107789 5.73619834563147 5.83282959343841 5.80162387684013 6.02620115352605 5.4024142229676
43.8961936516458 68.2037680665653 48.2996760575555 52.9882939166285 50.1740435068133 55.8517279259712 63.6434249131284 53.1890352178632 62.5574705062577 66.6476508009592 56.9718995373821 71.0017051118806 70.2123997229015 66.278865360821 46.1807813847649 50.2231874308024 60.7980621546474 52.6080236628315 55.7602800549378 49.8971942850789 49.852163586972 54.8376352961134 48.075111074136 58.7478332753564 55.6680654919 62.2520758676372 60.6018621256018 67.2891517885541 50.1273949242363 52.3356050072553 48.8341243035839 61.7132854183386 64.1244117405215 46.0384949932381 61.8063078164748 67.421250998155 52.8164143970409 66.8066997420772 69.844322420798 59.5634707162303 62.5850065030193 58.0151211389839 59.672763937196 55.880843401745 61.3737266069405 52.5480323218972 48.0600406788256 62.7800856176239 47.6714258871634 64.9543617218837
56.3697462728788 41.6571847153449 46.309156576868 49.1631369261239 56.5833302965784 48.9078838459542 44.8478587464435 50.3083033699018 53.7882652190182 34.6461738196379 37.986697802014 39.3477643394925 43.4568013349938 41.7646999540309 46.5968778804619 45.1503501441359 47.8880721686058 48.9910689284828 37.4989180499654 56.3493286498185 46.5287381429899 53.9351211388276 47.1114209461895 46.0398868447395 43.3901566231178 48.891306203204 47.5987975090739 48.0225262200825 44.7122644327475 48.7902393764218 51.0689474152327 48.6405282763183 43.1462878289163 50.870112426987 53.9145066403951 45.3087273373391 57.2609138981815 43.2554512881104 44.8346299217186 49.6462925246683 39.9964811799952 47.3833182855676 44.8549303536645 44.5516134665708 41.4158671031011 43.489462606318 53.7545718245536 45.7445816876606 42.757578700207 43.6009256769106
80.8452233186596 62.4051323074991 82.307168441706 81.5558977683496 81.0963680948239 64.4677811805366 67.4939295493092 70.9069789745158 65.015581390944 57.0776593181673 74.4283581960757 65.7896789470648 78.1150578744434 69.6204427815861 79.3001478135498 81.5811518628612 69.6962207303379 74.439899784679 65.9800703626948 77.7243775123883 69.970061470514 76.2623297510597 68.0597278328256 53.7814684441258 75.991003341269 67.7362155884854 66.7835937387185 65.2532778209738 75.7733381731026 80.842817826458 80.5540889127065 68.6266701770955 69.4994846277655 78.5077267609065 68.9340954645364 69.4088314027789 77.1485286694737 59.5753315079835 55.326831440329 60.2263013759195 59.4869720966436 69.1219883671796 80.4861883401916 74.7735972573983 71.0002893968298 74.867153568243 79.1091713000627 67.9637349310708 84.2352921103609 62.8631307251959
23.6643573180753 38.9280879642487 26.0677501113012 30.5706411629275 22.0954359579672 26.8885322462767 34.7710523117758 33.9579988412534 29.6583338276944 36.2391062616556 31.7279297044203 39.7193226495418 33.032878790155 31.2660498804797 26.5450323881 27.3571849179157 29.6027184794816 27.4480530655113 31.1007803168623 26.2144986777357 28.5657356590209 27.603473713375 26.2521744293449 30.0637233154092 39.2628535797773 38.8406803017234 30.4413229262531 29.2493120634054 30.7746957594949 30.9452637758072 27.452607867513 32.9282639540751 34.9755312818523 28.4394342089923 31.2605390508176 30.408101083136 31.0114974465378 37.6126864891571 30.4421278908442 26.6702537063583 37.4166146443852 36.8452757749517 33.018716347981 31.8730178539158 34.3721686278299 31.0261721062968 30.0709643394368 25.8657656339869 37.320511808765 41.0859232716729
14.3557388590361 14.6289210115187 14.7962738673979 20.1166711341968 14.2148875923101 16.2277172408397 12.0069002024346 16.0437057764696 12.6316955993709 15.9461192107992 17.591373922497 15.7955630072742 18.1309700423508 19.0651665622468 18.3060086640718 15.5308370579558 15.2647005523685 17.3397079484247 16.418150052369 15.4815685840957 14.7772821027488 16.7557838414468 19.0779151941835 18.0904230695928 15.7239786836009 15.038309469742 17.721308816575 13.7786745947978 16.0561205728315 16.9435084493677 13.771837872652 14.9203255770714 15.7316079062121 14.0192054917253 13.5372323346934 18.7084936294222 13.5365671983746 15.1831593096298 14.8889294373431 15.9055492898422 13.5565377565958 16.6987372543079 13.7181180713468 16.854729889293 16.3217191946101 16.522084873433 14.2990502994454 15.0488400377204 17.4752277443476 16.5388699428564
19.6204510717746 21.4115590913657 17.6768533230009 18.6445060440639 16.5054149710884 21.6280962355682 18.2853250019778 15.08068062153 15.2978104894174 18.0529806973809 17.4709243251309 18.7408486186972 18.6175298439691 23.4887179303221 17.9707486163133 20.375708710379 14.6029202762355 21.2453207971584 15.2012317121216 17.5826616165752 16.9561461196642 16.1864871890846 17.0817828844867 16.6534758255272 21.4886144775748 15.8313682270537 18.4428666633314 15.5517514366517 21.7536383468499 19.5671758891488 18.1456166185725 18.3494457178618 20.7059788889205 21.2219048625091 18.7600991421778 20.8018759583454 20.6039956746416 18.8893502854635 16.6378838546818 16.0193612313133 18.3790351415046 17.7394506238411 23.8506098790609 19.4458873269101 20.7918664528484 19.1117141286109 18.6694687258836 18.8006596403796 21.5203988633285 21.7536102132272
23.8089776910258 28.2502719074007 27.8425587930177 27.7224603608054 20.1095793974685 28.6207064749645 21.9279221127978 22.656585694075 29.0982460461113 20.8240843610933 23.6555308306081 25.5088322824589 29.0003656346163 30.7385671354741 25.9265189955894 25.6531904848107 23.512108361346 27.0176796810955 22.5630809045394 21.5772239772789 23.1036611213576 25.4440267811593 25.4125050542059 27.6966391656053 22.669238270338 20.73752724 27.0185167689844 24.6442299912913 29.0582536828218 24.7793675831557 22.9623899447572 22.77538299205 25.5995403910193 24.4648900182412 25.6669211289707 25.8984070454032 25.8085262896408 25.851853273908 25.1856709012012 24.2093367303707 21.7318816534351 23.7757801119627 27.4341857043811 21.8591936385287 21.0724331960471 24.5708944164003 25.2745468968857 24.5064356487005 24.8586534655667 24.1137821818436
30.9603120845533 34.1872680256588 30.4166444974216 32.0857184751074 29.5053827539258 31.1800958680988 28.8342728001155 28.5065403594283 27.2170357213071 28.8913526421935 30.4507993013566 28.8523985405918 35.1762054642809 33.8954761076779 32.7159441872661 29.7706289803884 29.9831585772849 32.1992012500155 28.4468364524718 31.5817821884733 29.7941123230409 27.6247966382735 29.0170418510367 30.9816096225734 26.7479490725453 28.2401925867851 31.4425196852115 30.4732454672897 30.7395214971544 32.7049653929225 28.2060651592605 27.3345710222894 29.0103841857545 28.7999254284159 28.0534951126708 31.4831125307898 28.390836233659 31.2435201957152 24.7741222200072 29.2944133648958 27.635242934262 27.3057339326965 32.3897082778325 31.1602080720668 29.4670582564391 28.8221352045812 27.9618645022423 28.2392527930242 30.679038990229 32.2255188066417
38.1798058916192 48.6030974790463 41.2724547582217 40.3920288662988 38.3161176443353 40.2879896100561 38.2790105374358 37.0580359390037 33.4914026589496 34.9160133139109 39.5530548157559 37.4305841026301 38.5702880872111 44.6675877335622 41.6490947936191 37.9385112325468 37.218835201059 41.7327347807798 39.3479443843953 39.5813908642797 38.6956221168058 34.5141978492644 39.8829007908965 41.0245251500626 38.5900238271542 34.7266640291815 39.3231938124078 38.1066790975401 40.0264098022866 43.9768422583346 37.5380125660938 38.6686595962297 36.876597696388 38.5753645447693 36.4050229335211 39.5872710700897 38.4724438622856 41.0309753903231 35.2721062139419 37.8073125121608 36.4639772117311 36.4775238709895 43.064273740511 41.1704343951262 39.5309275402593 37.2596167154013 38.1171957780043 35.1444040057335 41.0212599681997 40.8805483195596
45.0133732319368 48.7573308911976 50.1845311367813 48.6354444711413 46.0249436290521 48.8554145405631 43.463244874781 44.7432155675958 40.2568678409821 43.4654402943258 45.8646177978585 43.4219342952686 47.465478442264 51.8124413594214 47.3720865079858 44.5721784499162 42.6572050378781 50.1305077024554 46.8457247754038 47.9065682199017 44.613836329167 42.5808931950487 49.7571595910941 48.0093376710258 44.5900203451023 42.2382370699881 47.7210155740098 44.7787400935788 49.3524304517833 53.8326179047327 42.2829247323051 44.4397504461833 43.1862580629883 48.8575580010801 44.2978757440987 46.1831863395788 43.2557028219426 48.1777973271516 41.2871226063316 42.640718274492 43.5514155348889 46.3543674704237 46.7722937699357 47.5700539248722 47.1922699610776 42.6418817632002 42.5829957733293 42.6501651879508 50.1879644980033 48.5222787181587
19.2195263088809 19.536689615322 15.6255642051797 14.0123509294539 19.4119073207675 16.8438743695783 19.8198375633084 18.6412548460597 19.314539685867 18.0603459652787 21.9963950644114 17.9402503075729 19.2112566248291 14.7731038733313 19.9795066219921 19.5825829153705 18.4086879211533 21.4213011655633 15.8125423430935 15.8133287578068 18.5434316350903 17.8741459058244 19.441783992471 22.149685817238 19.0946568626523 19.5234517963788 18.4823230854989 19.3334783737553 22.9191785374747 14.4445904036451 21.0755452137836 18.9616745734159 22.9880821307689 19.5700063636003 21.8091777061717 21.6021600562196 20.0560680668716 22.0156255629558 18.287536451298 19.4854672494003 17.0102424711487 19.1174542756087 22.6556823250974 19.0991393435673 18.9940485928976 24.1397973609653 19.1681273928624 18.534229295317 15.7361772319833 20.7990093958103
-9.71642235416738 -53.8299333164846 -49.8770009639728 -87.0822106782854 -29.3804121921335 -18.3897420943065 -48.9280892806826 -57.9267316166345 -76.1000286958725 -67.4132838439109 -31.5446111747179 -16.4669848414573 -95.5184229708664 -41.052211572806 -65.6508959262 -25.0892693897871 -29.6942330703472 -23.9417093807429 -102.402534871686 -12.6262058686712 -58.2725700013642 -40.6508293546939 -56.5986991215926 -33.3827471527689 -30.3752189083547 -94.7900008197408 -40.4704506051291 -28.8747925987652 -99.121636720172 -100.616081614706 -23.1474663059691 -74.03590587012 -24.7098928380046 -67.6240429618632 -107.299690199296 -9.02838684510726 -42.6434779931519 -85.357496062157 -71.3983762732062 -32.3185259424946 -62.664595506251 -21.8591806362212 -41.9135385240272 -78.119263427772 -53.5721623291299 -39.1719626904308 -12.5806698676544 -74.20876855464 -37.7683877993299 -36.1668348948734
-21.64791943251 -17.8083847486205 -33.412434630113 -37.1082397173478 -8.29369817637192 -15.3697069080331 -27.3984689911196 -39.995421386538 -33.2995017483759 -55.4144822384853 -9.33313989449995 -9.2541553976696 -33.0054779466896 -34.784337597427 -10.6891180990651 -20.2796232348699 -9.78239375831269 -9.55651345081337 -13.5341954668559 -8.4029599940977 -37.446398567902 -40.0189724126562 -17.171171228324 -37.9663064041366 -13.2698389796306 -18.0616437313225 -68.9935418184548 -16.6920359536466 -12.2256102500272 -17.5893938586423 -19.476572330013 -40.6196068757196 -19.3641584089648 -11.3264432719592 -41.4852844645466 -19.2070613918325 -11.4634254248228 -35.0085245362588 -9.00298231630218 -38.1461231693783 -11.2575671567259 -17.9957582742982 -27.823115752909 -10.207102172396 -16.3672717482678 -18.5286839343071 -10.1733005644672 -28.3976761008898 -19.5722450361211 -10.1064480105156
2328.25969303488 1113.31287885809 1962.68052784579 1257.69581612706 2033.82148680071 1650.66861222147 982.706113778647 1239.79361093403 606.364433449237 1172.78334751425 1609.73620397114 2343.54121142745 1911.18444260562 1038.50256435638 978.346879788362 1562.05886552774 910.908254344587 1990.73567322935 1187.84142444915 1680.95996809366 1871.65577733561 1474.85194424424 1384.42012383845 994.023671585999 1427.70581442021 713.51676144574 1774.06894600428 1148.52233249042 1488.86183382246 790.972073856218 2222.4531912268 2161.7430066496 1565.9573156141 1441.88444698266 906.694620668976 1908.44004315378 1894.29790991137 1091.24213861412 1492.60931193933 1107.58685750021 1239.39306089343 1412.04704491303 1779.35100006789 865.27947988999 1140.04138115316 1131.26024287365 1675.1338975874 726.032598408585 1677.89220917362 1304.31158396447
1269.92205839612 1309.59130110005 1128.63614044991 1218.84467341788 1428.84198831963 910.024827140832 1251.81687609555 1356.60756612621 1141.65357777685 1238.52362463057 924.978215884909 1539.27094513744 1416.55601501469 1792.98818638824 1302.570829373 1410.56301511994 1851.97809327507 771.21492143364 1570.28318451534 1653.82409402642 1198.28767676183 1492.03898273007 1532.76708232824 1186.6447878719 1256.67767663337 1546.92115411763 1066.13253113395 1472.82514064657 933.43171336764 1467.27278700225 1195.91068941639 1366.5853461161 1109.10333589441 1154.04823388879 1546.80705253029 696.459499301507 1767.00251783666 1066.27763484945 1606.91221159003 1028.24836845396 1158.25208789247 1302.76011683547 1099.47607577502 1644.91366442015 1417.42097944893 1035.60604182431 1190.6248228369 1214.3064546459 1561.71313560385 1199.28942694876
-46.3934225762852 -2.44769566355436 -23.1001361242929 -58.9896486091025 -40.3071665776082 -22.0913982108975 -47.2335389706823 -31.596590402776 -12.7228132298398 -53.0828989324733 -27.2272156544824 -36.1438212441951 -37.7108042736009 -38.0729834483933 -31.9780473910137 -26.7671975785281 -21.151985055705 -28.2056098992127 -45.0675202769078 -22.5209124942815 -38.0407123806006 -48.8948029045236 -30.0560882781409 -27.9428016579825 -32.1255737234099 -10.329392672115 -48.9195483517615 -49.1077924557452 -31.4239790398527 -59.1970659747925 -19.6614623312148 -14.0387555972712 -13.0992034537738 -30.8260248207392 -23.9842960757617 -39.5168065593407 -35.7895552159058 -18.9796151029907 -21.5914715688901 -25.0242791382144 -11.2791923786108 -23.898487151503 -42.7377121413288 -11.4505533151883 -10.1539907078373 -33.805695312365 -33.3664966449668 -34.1815445870507 -1.76344804137095 -34.381746453124
-24.1575340629299 13.5427924678888 4.74613135343228 -29.9469454026771 -16.5106822262815 -9.32125118571031 -42.9272002946903 -8.785770304322 -10.57928753266 -10.6727481164769 -7.52687299855683 -23.5425226488088 -12.318351078091 -5.29831771708411 -17.6269511493857 -7.89185594483517 -13.4542158687178 -5.34012783859199 -11.4531040623935 -1.4324745538863 -3.9506610461651 1.35463304546331 -7.85080859352009 -7.83281181521587 0.52878952724171 -2.31621741651128 -9.23606197743569 -8.20940738544226 -19.5590420701504 -37.7006194428047 -7.2845873445365 11.9395842960047 -4.74209615759815 -27.1117792144761 3.10299840632061 -12.5264062603061 -8.56636535935939 -0.50963805176063 -4.71027128669364 -11.8649505497269 -1.75697958318532 -11.8079784938096 -3.54335075048613 6.4639413963472 21.0466463246487 -6.4673130878636 -26.9431630975094 -13.0660897871963 3.73362050236788 -23.2658553374217
-963.705163590334 -1126.88968359824 -823.031371376997 -921.589021909749 -1842.66725360102 -1095.49626024271 -508.507207358229 -1515.879397037 -1094.37452904105 -436.741667983419 -1158.56676969701 -1009.51743040035 -1439.4495899442 -855.717976425213 -1085.36871109305 -1383.4268052928 -1005.58795405572 -784.640106814565 -1046.90263640522 -1111.85512478159 -998.62633936435 -1479.33832327391 -1425.39653113465 -1138.41166931185 -1205.33469778532 -725.940225162734 -795.776690642071 -638.096280189774 -941.18620351318 -766.066128953559 -1346.56039584201 -770.977418250108 -584.019036862211 -735.991011361987 -1843.98572220915 -858.706754735308 -978.625526162358 -1054.90498185214 -1374.35442062086 -732.792664570697 -1212.0831771316 -950.215474648355 -782.365543175535 -563.823952063247 -1276.44248433263 -823.655114169275 -826.389344788801 -739.983643493286 -1082.91997588487 -758.267093815425
957.095038958011 1171.61508225758 1431.35505418029 1884.53141571623 1796.74674774754 1862.93896457365 772.34082393117 669.923409420501 1032.24979137329 985.626801698983 949.885712731721 1875.39211406615 1408.82691256204 1908.96746020437 2432.76729692127 2372.86943749938 2138.90594110711 882.68458105334 755.455648824852 2307.25366865812 1041.85647267936 797.435524203135 2304.43811388974 1255.82618254526 1352.78989818765 1696.29194893306 2883.06474186222 1053.29090767708 899.861001031178 2019.86272713618 1275.72629913584 1612.1507489054 1442.0008256003 1871.5550553287 705.536932020624 907.959384681501 927.203534175159 1546.43503185251 1327.06556286027 1075.35657599428 1121.50345196959 942.920351371714 1620.14932457482 1164.55807184347 697.760488907661 1147.69462516702 1603.92046920845 2044.77117014432 1402.02928610603 869.233098262244
152.823563074796 164.912259427315 149.410675175279 154.030108466588 91.0026250857379 67.2259615818299 97.3616102709016 95.4209750034593 55.5390701737615 141.004663066052 98.4894980945886 146.702810989257 116.49958931256 120.779010297564 66.4116575472848 140.126116735709 60.0724560485521 66.7527568173369 94.9161804008055 61.7619613473465 85.469805107492 73.9655310064319 50.0333489596621 134.501600511387 106.137718967017 89.8888032865632 158.751758435361 167.30304305415 147.013733557313 98.3114244540097 89.1424562733935 246.367257512058 168.130698824296 107.458426592744 156.174865720354 99.5118050684149 98.0117397094804 167.670821430078 69.4646686225999 123.749818227906 122.43034736936 124.256434830804 144.053406166926 125.044598742982 50.961248102863 122.075676302503 20.5359523246355 147.521560771504 139.812031070391 182.475789351271
64.4651473162218 85.4639628685385 81.7547343012374 52.4016762488645 55.0444276935946 47.9371089467677 64.009841291335 57.0556435975279 58.9943036284818 117.793834942928 22.6174417110231 131.300978639558 117.6092443288 126.694747379265 95.7803601321267 83.0744541823624 108.479986462616 42.8791942782925 51.2836973538913 32.989320741857 89.3457142482144 72.9380651109664 53.3524224581347 93.7627159410896 127.760559189117 74.2188087670566 102.259966089747 85.9836543314331 72.3384124179924 112.059977585724 73.9839269460617 121.426886384717 50.6043643693718 170.482790846676 79.4165814189941 55.6152426647723 131.699487785159 82.1563428551314 46.2142761560293 66.0580068828852 51.6518140283991 60.4609706503163 125.092990862775 93.759291036277 84.2837430400857 75.5625589281436 111.7842390019 33.1324315971183 105.015612013499 80.7987452448436
7.93159210655203 10.3410824523613 15.8545125744645 9.78060875726435 9.54577594229635 12.5494691233601 7.06855063158276 8.72745059922023 10.1891427189886 13.5851801894095 8.51267504276301 11.9438864090492 9.29399639155604 10.4905086899798 9.71555968625595 9.30258825951456 9.257683465965 8.04534676376194 9.75970510546174 9.45046533923833 8.1302933918046 10.3120729293316 15.7372016916627 9.27262675682128 7.37918383564029 9.96045230835396 9.02696554762901 8.5383329101501 8.29792336609906 10.2660322978151 8.63215241481301 10.4042656257096 8.59832549607427 9.11885392880491 11.3849176889069 7.40719625052707 11.2841527366293 10.3274137982597 10.3742640149197 8.1637836418674 10.4489776899985 6.79099721500589 7.05941736862251 9.65261376644644 12.0316207450433 10.187157095386 8.04767532732457 10.2168807741 8.5509225144789 9.3140620916843
59.795792764648 106.264187666515 100.333083392852 76.1300275679087 64.6777476354218 26.9543307942987 76.8907882755458 71.6156276514692 42.9697677153415 143.915984105679 67.2509333203027 132.057388553852 137.511587485898 80.6859387575599 68.2177074872696 130.074506058764 73.5460527514795 68.9560985393559 113.503608975797 16.9000011355795 105.844250938478 33.0535190493996 38.4121648235119 102.568467169028 8.85517490472472 60.0719025178308 57.1162458837893 97.5681631720376 123.57191235134 66.830593712619 9.07761463626395 96.8177247924255 94.8484905392778 81.0127017743509 87.3210347541166 72.5696587884174 66.9406595403408 80.5482274660582 -6.11529256634864 80.4659451061392 108.219027313695 72.7706159878357 92.8180819673649 48.7374136383106 40.8628174866778 148.439533075543 5.21234789655012 56.591230075976 44.0795904647435 85.3723799616455
76.4474873000614 93.1681445650009 149.806201947245 88.4038909648165 66.1217442670746 47.1774932323334 62.5107445744446 57.1813340578634 68.9370440796261 86.145962565014 51.4460310096552 118.762671463877 102.6651604927 79.4702633069238 96.324392695397 108.840819009071 115.038215312463 56.0719689511404 66.4209243975244 21.3231096143375 75.0398665768478 86.1317197723129 54.2727436713538 106.060040637122 104.468419684822 56.4148670758711 111.002440722966 65.1763322222018 57.340951728724 40.6252035419509 104.48275727876 116.113220151531 52.1575111237821 127.031213223155 78.8292496976775 63.910012659503 83.172430081056 123.737294635882 18.284902554842 95.587363264767 67.3353844140867 61.2146910235557 83.7833156772942 109.066593710055 55.254299608215 88.1676833719631 30.9397575107368 76.1124799270598 74.1472123476019 104.861227147851
8.45406685892953 11.0812857482845 6.96306538540714 9.75942131278536 9.24311512668267 11.1485210579456 7.48751385446748 7.75711901414362 12.3870330152385 7.04715021424702 8.38298104171779 10.4585267901297 6.58477762214585 5.75837933308871 8.62512669967255 8.23541308550011 12.9801893481399 7.0891215798221 8.61820102515579 14.0534010927798 6.71831387148854 8.99971558184563 14.5406096044472 7.99237445310834 9.08017436860686 9.05577397266228 9.34366287839354 15.2448842736164 5.75147939023142 15.4420061129631 8.00127682909062 9.84903741878544 7.25925841533448 9.56730333504906 9.83155748063256 9.29356305968458 9.4262586781983 8.49043109307672 11.5927581575972 7.97280151335852 14.3734543445739 8.98860699719633 8.21893719298027 11.66562345766 9.24022891090719 7.97253801426692 7.95178355967812 10.4116250866209 9.78226598768939 8.14010028683378
136.842320159995 110.440517846389 92.3066558662293 70.6514324184027 87.5516643676572 78.2193156674489 66.2092447498178 68.6455910991022 59.1200864437024 109.01835908243 63.4212201272111 191.864321303832 111.986932213205 103.767848696227 123.185747028916 137.21954971075 88.0425859629782 115.942919653897 90.2419676530202 30.5123407667882 125.560211057415 94.5723622920554 38.9830795747347 145.935023043676 50.2942077913207 102.970840716915 73.243991171543 154.621791152816 149.417124827374 75.2456282480379 44.7349002780403 124.998696802365 74.8429059636104 82.1510008873875 130.5459149091 155.986714134827 61.7299441308578 135.764156704067 24.8345061358882 108.381193556594 110.36569900468 94.5527505189218 115.951661551497 86.8063007829772 117.971771569219 126.100189734851 13.7538292598855 76.3268242549554 31.7980621071369 132.315766701697
63.7960338913503 79.147285958419 43.0096887007229 52.1236000194737 20.6305764272309 44.9906943747846 40.3093855707044 50.0883360197866 40.368164850162 57.1444157266241 37.816435164424 77.317224173309 97.8246429788228 28.2401228514548 62.2545553464696 30.5766767951696 69.2195329210019 57.2522733496237 61.6418719297336 7.64090856937596 46.2568073880228 44.4962473731241 36.8656761254562 67.5379216173264 40.586723878389 74.1043484322351 85.2620484583437 44.6398155006348 27.8097835411693 61.0368533086793 13.9848550996036 42.2597566383501 33.5397479291726 105.631804197317 74.8923704722693 35.0708196980707 24.9262775815827 56.9247056161434 8.46798138259538 59.438818549612 47.4024706827304 70.471541479872 54.7624478096023 51.1286762330068 57.5872358092347 54.7154116980294 14.1057489409809 20.045348788823 4.79407245881771 75.982155040481
1.17820511608205 2.02428752864065 1.11558799544677 0.941260039050494 0.951195549036325 2.60516709023143 0.162385394002451 0.647411704512624 1.9588062289071 0.831948933489206 1.31490028628365 1.61707330892666 1.94751097617882 1.38696195881268 0.883613470735736 1.93796195487151 1.8164670579085 0.321521843548802 3.73314322704171 2.41046193318065 0.913322487599323 1.74026385582393 4.47428685861136 0.550771663081165 0.632566021544003 0.998686794510188 0.815118000554065 0.663950949787523 1.82212402943304 2.00202901007308 0.0858697007583931 1.91059259363315 0.151847705731148 0.679163803773359 1.6541418276422 0.78035599276102 0.50150440234988 1.37843438205169 1.22946201683643 1.31576169666997 2.35784047032245 1.76967740197925 0.748409307623481 2.59829375805782 1.82442678232316 1.72458212861805 0.762960013499199 2.12584176587144 0.636680525609986 0.942012629765467
80.1388070013635 93.320279092965 83.1538191789826 89.2181544882539 94.8478757163648 62.6271766148501 41.2098044975918 53.0177748971383 72.940803742564 71.1981601426714 66.6672178888744 144.691100501033 106.591748617424 38.8609075641191 116.384440601192 102.669292009437 86.6366147699572 43.9513060826352 74.6897425759014 46.8629868963194 67.2825394457241 66.9311863853133 66.6929550084265 79.6027579683276 62.4171951934536 82.9581659489028 32.2727570237421 103.768401757348 123.784136887266 58.5160545322968 31.1559621285362 91.9152830715783 66.8919374731899 113.247819768225 81.0593830060053 111.112106012297 75.7747133569469 82.7448285238538 53.0126323220006 73.1349305523595 89.653006654826 65.2488242567349 57.4121912240939 80.0689452545438 103.92513261294 99.3030122331624 24.510326218765 70.4863524902067 73.6677159606842 95.4718363994441
30.3796082095349 71.1740370072421 30.665109903893 50.0999393108645 20.9003699084125 41.3038814002395 46.7656764411993 52.9514876937314 41.7982465305115 28.6819041480678 47.8854918315039 68.5626734932998 75.2398317122232 24.6217107384969 48.7485305145238 30.6791052956353 53.2945641882766 33.2319714436506 38.9746802247042 16.0022186123118 38.460028475514 43.7159717402672 43.8659316245375 52.7913273992614 42.2324316965178 71.0541576781478 34.0924764562238 43.3696343720996 29.0045522310771 32.0067577775133 7.0259802395119 32.356257236262 36.2839940423625 68.7016872763821 78.8768072717491 52.2402440762556 23.0047420527641 43.8765384332 29.5592091837144 36.2098655615489 39.5113982431245 56.2921027119756 41.2663263062801 51.7236184061448 36.8007573655143 44.3090048675779 22.1318392963235 22.0567708665431 33.0721717569531 54.8434462405371
7.43625281692727 8.17943719652036 8.60408391019459 6.2448681813427 5.85817083254601 9.54014369563882 7.06520580412755 8.05227670107684 7.79000833759553 5.0220767149209 5.18861061329985 7.80543749827513 5.98250223784382 5.94067384210217 5.47016466532979 6.29538254237758 5.1566721732047 5.85223074291467 5.93843535284567 6.3947383805058 6.24768667116329 5.98084540574127 12.7203479425632 3.92658378868413 6.54171848061872 5.45252185099925 7.24209662688524 5.48390167126721 6.09475785734313 11.1030781656158 4.14166029090982 6.61638517223507 5.29694686520359 5.07028949376005 5.82371964654277 5.94401097189903 7.0605879460224 6.5216087810728 5.49863035252468 6.18864248800396 6.93108057844347 5.28059902735762 5.95587937284454 6.01951670368502 7.71537393012739 5.50863724157001 4.07032284325185 7.28193087120285 7.86216018186073 7.91023931397166
570.233286229871 752.885835039301 710.043690520404 772.515613855227 810.187976347225 717.182985737754 592.776547627656 646.407945231499 855.060285017872 598.912134477172 719.332486722937 633.154834122112 721.362658661624 641.277821005307 771.802899438369 648.990609031198 838.718678152845 650.89268424092 733.75996820692 589.540875989543 671.021026183531 752.37554770427 744.232166241144 651.928912644692 697.347109129722 851.112974980283 729.784265100853 689.040110055136 767.48174815975 712.029885991079 677.45235353256 601.540253634117 716.974743041513 743.147643086035 927.069480344746 641.634228137782 695.055049418552 804.895933838203 812.604460897433 776.808012340301 646.81966308748 658.748554599189 773.29021031373 787.071382479422 748.614521802448 655.569542019178 700.037226557489 755.476454972877 653.790950333291 747.122779770904
436.632857256272 523.996830795107 546.017990137543 569.744124387792 575.2587942365 568.994959286608 454.216421177794 493.41077014996 520.521280657624 513.757885003861 552.260873735892 471.912794856254 487.701439606018 504.82186365829 470.512023282085 525.934721415199 476.646085229774 490.995745511732 457.861183376233 471.877626525956 527.164872408324 587.564377291845 483.081003922734 593.243765822747 475.727553674891 440.60287249685 541.023801805219 503.431413661984 509.342287619069 490.279550860598 534.873140960139 456.589593196469 559.093103225793 460.651065417785 504.083976194668 581.316821801856 528.688823918341 491.597613071268 441.148958530007 543.710976198389 531.150195998664 490.364741817612 569.340061795759 447.116004092014 517.963221460964 431.110998846681 479.646632584822 478.732821922461 500.009476304142 507.499014934013
