  economy_id district_id expected_wage_bill budget belief_expected_Wage_bill
           1           1   99.268249217412276        746.02634913427732        154.12508305583177     
           1           2   96.855609046136252        730.00205520171698        154.12125386481935     
           1           3   107.12359910853519        812.13131781794505        154.15736011903212     
           1           4   99.617944750519101        879.73257045303069        154.12508305583177     
           1           5   99.119652082328557        892.08531921217389        154.12166064809321     
           1           6   99.261851398096482        719.57133198657971        154.12166064809321     
           1           7   99.717377314704592        770.51415193997877        154.14733140330858     
           1           8   992.39830702675749        847.81994000000009        752.41722823577254     
           1           9   96.213813076795390        839.62383399145313        154.10413894012521     
           1          10   96.793786657128379        892.78563188813780        154.12981236452387     
           1          11   96.541894963673570        734.54369391175521        154.12981236452387     
           1          12   258.50793994563389        750.95830325015083        164.54012802818923     
           1          13   97.696276739832513        843.51970419447957        154.13803578386666     
           1          14   101.78269040902900        824.34636712880501        154.15782891681565     
           1          15   98.962794063790170        905.20474613427723        154.12166064809321     
           1          16   98.202326825894843        722.31364423035450        154.12263173751450     
           1          17   99.276496003186921        763.09433259513492        154.12166064809321     
           1          18   97.868637796049384        784.43033082992019        154.11236361811788     
           1          19   99.206432830361209        857.64608070867075        154.13192820325330     
           1          20   99.024045428378017        858.14572420330421        154.12508305583177     
           1          21   97.475388437196912        745.22438740673249        154.12263173751450     
           1          22   97.801995654588254        736.66703763427734        154.11236361811788     
           1          23   99.952087713652219        814.09646003950354        154.12166064809321     
           1          24   99.890318632212882        829.90240306341491        154.12166064809321     
           1          25   96.247412290824016        832.19614438817291        154.10413894012521     
           1          26   98.925661798294016        686.61110849241607        154.12166064809321     
           1          27   106.53140376998063        742.39850241470356        155.32514581506828     
           1          28   98.597355144108519        707.56589125372864        154.12947770369169     
           1          29   103.72254880001243        794.29629813427755        154.16111664182145     
           1          30   477.67071228678242        818.09641973827740        313.16255242044332     
           1          31   3428.2958804578120        831.96290993549997        3236.4535171892935     
           1          32   99.560295743963138        708.97303045125409        154.12166064809321     
           1          33   98.487671883088836        727.99354100676146        154.11236361811788     
           1          34   99.122297759471422        708.61200586777238        154.19012982977202     
           1          35   100.00654510446958        783.35426596376840        154.12166064809321     
           1          36   99.365631984785466        662.21232041784663        154.14733140330858     
           1          37   97.717390592273105        703.24412809368050        154.11578621393875     
           1          38   101.75997896836063        761.50972104613186        154.13558193863895     
           1          39   99.093800548448272        753.81829965364170        154.12508305583177     
           1          40   101.47183226778110        778.37803636699721        154.13558193863895     
           1          41   96.632035915148123        667.42455816565223        154.10756170377709     
           1          42   99.161839090415398        703.15502213196885        154.19012982977202     
           1          43   97.940762246219776        742.60527513427746        154.12947770369169     
           1          44   100.87124167798930        768.84241279437288        154.14927183342942     
           1          45   101.74020867026259        746.75895744697868        154.12400491407487     
           1          46   104.26702109588641        645.66787458766566        154.14742769050079     
           1          47   4093.1530308841352        780.95737460713883        3778.8677565014809     
           1          48   100.18367467856800        724.40778827638599        154.12166064809321     
           1          49   3521.8942088281729        897.42869186070800        3451.6033219801780     
           1          50   429.19658356066446        939.51210713427736        223.32421612187355     
           1          51   96.299869346441696        653.98189103348830        154.12125386481935     
           1          52   101.99510008226157        703.96686683670464        154.13427245778129     
           1          53   99.038816770583523        690.41634456144322        154.12166064809321     
           1          54   103.16884707983911        779.79519280667307        154.16967313557285     
           1          55   100.51014715943613        850.21512775618999        154.12166064809321     
           1          56   106.28088226375654        678.80737888842157        155.32175577459603     
           1          57   99.148196050314354        685.90784485070799        154.19869159071706     
           1          58   108.50118993627127        733.41183112553949        154.15736011903212     
           1          59   97.865167396960516        747.03310732668274        154.11578621393875     
           1          60   99.389593917544943        812.36731536013212        154.12166064809321     
           1          61   4346.0071081368042        779.64743786250006        4060.9647208737670     
           1          62   98.294794938462658        726.93088522777862        154.12981236452387     
           1          63   100.90571623301827        730.22546947510250        154.16638669190937     
           1          64   99.070855772763522        793.11584613427749        154.13192820325330     
           1          65   98.675289378094590        788.31316996072519        154.11236361811788     
           1          66   307.27409178013409        686.34832117505994        217.01035178180064     
           1          67   99.003322259516096        753.24348489750423        154.12166064809321     
           1          68   99.006296084675100        748.06798881068403        154.12166064809321     
           1          69   100.77602802518771        761.88395660213541        154.14967564065637     
           1          70   99.646872479103607        825.35939906754948        154.12166064809321     
           1          71   97.675950353657115        665.91443313427726        154.13803578386666     
           1          72   99.321299239348591        718.08906407965742        154.15588970501261     
           1          73   99.402701807529155        744.35692682139415        154.12166064809321     
           1          74   99.068631707260181        764.99475699637821        154.12166064809321     
           1          75   100.90551079006028        789.21875956510655        154.12166064809321     
           1          76   99.145440185495616        714.59768782959259        154.13877379329114     
           1          77   103.19218766237756        703.13223809192584        154.15427194483638     
           1          78   101.18419268567911        771.06643513427753        154.13558193863895     
           1          79   99.524296302900325        764.19878759381390        154.12166064809321     
           1          80   346.96560982992014        815.64476544048546        220.73220213089178     
           1          81   99.005907267936266        696.05650501216780        154.13192820325330     
           1          82   99.715474898608235        734.41128037112878        154.12166064809321     
           1          83   100.93180777227377        728.82572765161990        154.12166064809321     
           1          84   100.47646319037683        783.95991864255143        154.12508305583177     
           1          85   349.22719422454213        753.00845955212401        220.74234825409371     
           1          86   101.14029873057665        678.15190902461188        154.12400491407487     
           1          87   101.85964826166835        707.02572507277375        154.20918594494688     
           1          88   300.58393299561754        754.17214925185033        217.00954208623145     
           1          89   99.341672997305835        775.81572507601049        154.12508305583177     
           1          90   106.52153659199563        809.76308433265456        154.15736011903212     
           1          91   102.29659082736822        634.22207183756154        154.12742731799554     
           1          92   100.76550731404008        716.37480891784662        154.13215974157896     
           1          93   103.07844212428873        719.80155864692961        154.15427194483638     
           1          94   99.119171417321013        765.15175447177603        154.13192820325330     
           1          95   102.44422604784411        823.26747396179405        154.14967564065637     
           1          96   239.88101379983050        662.56630913008405        164.48740989768933     
           1          97   99.320060694041402        674.66849719635388        154.12166064809321     
           1          98   97.737343095186574        705.17085622101092        154.10589748027095     
           1          99   99.291625129431125        754.71075341784672        154.14733140330858     
           1         100   99.165613293979135        781.99127403642387        154.12166064809321     
           1         101   100.68412669932027        685.86941870384078        154.12166064809321     
           1         102   101.69608587260691        680.79624594590882        154.14967564065637     
           1         103   99.110661339619057        708.43069755601766        154.13192820325330     
           1         104   99.027873258717321        727.15202768721861        154.12166064809321     
           1         105   99.055017390383995        790.15410177513832        154.12166064809321     
           1         106   99.556748711526851        698.21857413427722        154.12166064809321     
           1         107   120.58010750045133        739.74089801343735        155.33870710102144     
           1         108   100.44591347200181        717.04908735891092        154.12400491407487     
           1         109   103.19480795503817        765.94808997378300        154.17823032106227     
           1         110   105.13033886768692        745.06469713643185        154.14400572931896     
           1         111   99.503121879335978        672.66705654672489        154.12166064809321     
           1         112   99.088513122664153        730.56216471392872        154.12166064809321     
           1         113   103.17216680611814        752.57325513427747        154.15427194483638     
           1         114   243.94343399177984        748.14114783220805        164.48376085648096     
           1         115   101.06137222030978        795.23876653916818        154.12742731799554     
           1         116   107.56221402552926        656.75228555633362        155.33192623322634     
           1         117   363.72021607707245        756.34916685448525        201.54667227850481     
           1         118   376.37761284504091        808.05841714251619        218.92093030048542     
           1         119   418.66241876931002        858.02244273141605        223.11016923707825     
           1         120   98.961481135586894        791.78420813427749        154.12508305583177     
           1         121   113.25138115181167        696.25576214205114        155.48007145904046     
           1         122   104.00107546895806        696.50793644934720        154.14742769050079     
           1         123   97.703605912474856        749.81535045767828        154.11236361811788     
           1         124   99.449410939265633        820.41058303739237        154.13192820325330     
           1         125   103.32568366253166        823.53825419950169        154.16052619205678     
           1         126   103.20986320812337        668.70988234657671        154.14512395847129     
           1         127   651.48637279951186        805.58441641784657        647.64088670194906     
           1         128   101.27313639407376        727.11268698078709        154.20062471048172     
           1         129   97.996750501503769        781.55605462731432        154.14659455570086     
           1         130   100.97250091268558        830.64044766562245        154.13215974157896     
           1         131   99.143095855776735        678.45860221286136        154.12166064809321     
           1         132   966.07560266408507        798.75571332984657        633.12562082724367     
           1         133   12015.375656879340        896.22677312799988        11788.566321561919     
           1         134   99.022651613218940        765.07901913427736        154.12166064809321     
           1         135   99.243186702753789        836.65971203352353        154.13877379329114     
           1         136   5205.5059114317446        802.98995001196931        5080.8358019364887     
           1         137   97.795073953263739        709.42348125254341        154.11236361811788     
           1         138   98.931411532543663        740.19905006127112        154.12166064809321     
           1         139   99.788024499443054        819.74743413840599        154.13192820325330     
           1         140   234.57285686265925        797.29683029911291        164.53805967483513     
           1         141   6635.5792221844240        767.54043899999988        6153.9602685318832     
           1         142   17035.359734331596        810.85646454863854        16690.835305629931     
           1         143   102.25100335271729        751.78048538641667        154.14927183342942     
           1         144   97.732129057625642        770.58198407694113        154.12263173751450     
           1         145   98.033986349099735        824.48145708165941        154.18083656075856     
           1         146   123.41229088240979        686.60584100215613        155.38957794480581     
           1         147   99.001203982903860        742.37711021466123        154.12166064809321     
           1         148   114.18226558652012        707.60722141784686        155.34718381811956     
           1         149   117.59451654622508        794.29375543646393        155.48684322257350     
           1         150   10638.620216741347        972.57894055500014        10053.126617148295     
           1         151   15288.185591914333        740.21102402827728        14956.748374512556     
           1         152   100.79905514328759        728.34961026271537        154.13215974157896     
           1         153   97.944481603189516        743.43560291536005        154.11236361811788     
           1         154   111.56328214891788        738.75472829203409        155.32175577459603     
           1         155   99.619992491148977        793.40482713427741        154.12166064809321     
           1         156   100.14597772321072        689.51266465377967        154.13192820325330     
           1         157   99.575524375623445        721.46954705388043        154.13877379329114     
           1         158   307.72723316748494        773.79841998704580        217.01035178180064     
           1         159   107.98156337388194        776.98553579631323        155.34718381811956     
           1         160   99.883477309827086        798.24291748991095        154.12166064809321     
           1         161   308.98706909979273        671.09948209169431        217.01035178180064     
           1         162   311.76142039961871        726.95555813427734        217.01514296579484     
           1         163   99.007555881312129        770.31871795293659        154.13877379329114     
           1         164   97.510041800072003        805.48630377175721        154.12263173751450     
           1         165   106.06038457586466        780.11629869771286        155.15140988287089     
           1         166   99.186578955756445        672.96415914353588        154.12508305583177     
           1         167   98.093530173862177        676.31048921081333        154.13803578386666     
           1         168   99.594854418533728        757.91438213693027        154.12166064809321     
           1         169   106.45141801034670        825.94205785070824        154.19158207119403     
           1         170   236.35058851845315        848.36732256432902        164.50342634965770     
           1         171   109.49811814050017        658.69031066092862        155.32175577459603     
           1         172   110.14829271814075        709.46869487790616        155.32175577459603     
           1         173   100.05944783798191        716.93002326736189        154.12166064809321     
           1         174   103.96672277137201        788.02516737629890        155.07833203002480     
           1         175   309.97188447350948        889.94930532541673        217.01035178180064     
           1         176   4451.5388349090472        903.36799156713857        4394.8468809730366     
           1         177   111.77166670995177        704.22059430157833        155.50377460228492     
           1         178   99.776494368990953        760.82360215759832        154.13192820325330     
           1         179   100.43417277630087        757.70394665939386        154.12166064809321     
           1         180   310.00589144829638        813.28110911937881        217.01035178180064     
           1         181   312.62221659067438        719.64430067176420        217.02472579391710     
           1         182   233.48972239353685        726.90650826472609        164.47599748453362     
           1         183   97.607542945115739        730.26835513427750        154.14659455570086     
           1         184   99.485889325196766        793.11373798656155        154.13192820325330     
           1         185   101.31665643665043        788.30868267380629        154.13427245778129     
           1         186   101.43025117615070        686.34365745600530        154.14111804018302     
           1         187   97.593179495303232        733.05997993129517        154.11578621393875     
           1         188   113.31209276204969        741.04903790572257        155.64064507598002     
           1         189   97.933320012669711        758.55048754291909        154.12947770369169     
           1         190   101.03190054607447        847.84532313427724        154.13215974157896     
           1         191   97.917233194877994        672.22405063065275        154.11236361811788     
           1         192   103.15236805294815        738.26145233201555        154.13827924061997     
           1         193   101.06064242252526        733.27972979816627        154.14111804018302     
           1         194   133.91999895164369        771.97837431167648        155.32175577459603     
           1         195   309.85659311391299        802.70386703693578        217.01035178180064     
           1         196   97.240009020445243        719.05643914253437        154.10756170377709     
           1         197   107.47945220913971        704.31075963427725        155.35566123788223     
           1         198   101.13293930480044        780.03750514923934        154.14242666471819     
           1         199   98.961663749519687        736.66003434273523        154.12166064809321     
           1         200   99.678901750402375        815.44356788784296        154.12166064809321     
           1         201   242.96338942100945        676.93521954827293        164.49470833345887     
           1         202   99.696965835308774        727.74855973078650        154.12166064809321     
           1         203   104.33744323342903        746.88861658646567        154.14400572931896     
           1         204   98.922142900748995        805.42378991784699        154.12166064809321     
           1         205   99.337786518658049        763.97716982479585        154.12166064809321     
           1         206   106.05973009417905        697.26203104083697        154.17446971167729     
           1         207   99.616019193571660        696.50211544004014        154.14733140330858     
           1         208   98.792552833588971        751.85367810060291        154.12263173751450     
           1         209   100.97048539636492        789.86806154433839        154.13192820325330     
           1         210   101.20722347606880        774.19725817859910        154.13558193863895     
           1         211   99.693295273023310        628.71030641784660        154.12166064809321     
           1         212   105.39910823007489        696.19515004031518        155.19071468531183     
           1         213   311.73521996223440        719.79666948672661        217.01035178180064     
           1         214   99.211297257102586        757.78660325622138        154.12166064809321     
           1         215   98.991885169009379        799.89822791802101        154.12166064809321     
           1         216   99.294458051457724        656.24876464893157        154.12166064809321     
           1         217   310.09852853620066        691.82897036909696        217.02472579391710     
           1         218   99.433143997942793        725.62392141784687        154.12166064809321     
           1         219   7540.1674607686764        936.18785653819998        7028.7349104052309     
           1         220   105.64264758672627        805.35344800590997        154.18302554555240     
           1         221   18752.717147322877        787.26202270199985        18052.610488969123     
           1         222   99.068332159789762        660.61311681715199        154.13877379329114     
           1         223   99.262200801694121        701.41241731334787        154.12508305583177     
           1         224   21162.133285198441        887.23725109599991        20813.019772559186     
           1         225   134.92792935863716        782.48503241784670        155.32175577459603     
           1         226   35326.041890516870        808.64531408500011        34292.823690924342     
           1         227   131.53564504089491        719.55817378524239        155.32175577459603     
           1         228   310.54731693769543        710.03066326271085        217.01035178180064     
           1         229   313.05711370540041        765.94259747877732        217.01366580065309     
           1         230   22473.737041402863        958.77848216499990        21187.120523155285     
           1         231   99.713683144287643        688.92128292867221        154.12508305583177     
           1         232   103.12810369275564        749.99650663427735        154.16111664182145     
           1         233   99.117847429445476        741.49800557901574        154.13877379329114     
           1         234   100.77012376849208        768.00460415999123        154.14927183342942     
           1         235   98.329752142382461        817.67813810403106        154.11236361811788     
           1         236   96.332925677379407        646.78222873122695        154.10413894012521     
           1         237   306.96148603578069        718.06852036803821        217.00200043718269     
           1         238   98.353654098223501        786.79462531902936        154.11236361811788     
           1         239   100.11402092733479        791.36037213427755        154.12166064809321     
           1         240   100.05901233658645        791.78206166499456        154.12166064809321     
           1         241   308.19383256787654        696.25144803564774        217.01035178180064     
           1         242   100.01640316565519        696.50324215992975        154.12166064809321     
           1         243   117.45757414700965        749.80916107635437        155.48684322257350     
           1         244   99.568337024547532        820.40402883149000        154.12166064809321     
           1         245   43941.590805377200        977.39782128000024        42347.144063892985     
           1         246   470.76531217278068        685.78196913427723        219.44329475141279     
           1         247   99.550790308966540        747.92457719521190        154.12166064809321     
           1         248   242.18964854076535        734.12141852319996        164.52025656923291     
           1         249   101.13479797674246        803.85233329683547        154.13215974157896     
           1         250   99.567758102157114        795.09173351671438        154.12166064809321     
           1         251   100.89218172898856        672.89402355294737        154.13558193863895     
           1         252   50679.246080446930        833.37757769999985        49024.777166453503     
           1         253   100.03154726148919        759.99390513427750        154.12166064809321     
           1         254   100.57008088335745        765.07673669609449        154.13877379329114     
           1         255   99.581412919423528        836.65484941973011        154.12166064809321     
           1         256   99.815440717056731        671.46140667133966        154.12166064809321     
           1         257   98.991744013310637        726.59844719808711        154.12166064809321     
           1         258   99.213210300937774        760.59512693088641        154.13192820325330     
           1         259   111.10383664281586        799.59934814985911        155.21617314785613     
           1         260   318.00000336270313        807.23648441784667        217.02998474909668     
           1         261   99.472647193263356        710.91639336753246        154.12166064809321     
           1         262   103.74339103109175        679.41502489322897        154.12400491407487     
           1         263   470.09345226636452        743.47876325427728        313.73209734930714     
           1         264   102.95517228259928        757.69624831856015        154.14242666471819     
           1         265   1391.6718834915118        750.43928018784663        1327.3883711097526     
           1         266   96.645549131815670        679.19909155147695        154.10413894012521     
           1         267   99.516994524052521        698.80628791784670        154.12166064809321     
           1         268   100.16580346261357        681.74115131283929        154.12166064809321     
           1         269   303.04125368130497        754.32805384973506        216.99720898730268     
           1         270   101.13023004405639        777.38347041983025        154.12166064809321     
           1         271   100.36090030442912        672.28533332980055        154.12166064809321     
           1         272   102.32093327411673        730.61027034546350        154.13485704767405     
           1         273   99.079176504867888        723.36705121173463        154.19869159071706     
           1         274   238.86054304695401        749.55228191784681        164.50120444981474     
           1         275   99.215260629699941        783.79501549262716        154.12166064809321     
           1         276   97.742681233969506        673.75541602496503        154.14659455570086     
           1         277   110.88424959126066        711.22816563225149        155.32514581506828     
           1         278   100.34203871624977        739.06589174179339        154.13877379329114     
           1         279   98.439680121921114        718.03053050994845        154.11616609329829     
           1         280   101.09042375059789        757.14742909712288        154.15782891681565     
           1         281   99.072901192583814        624.73428641784665        154.12166064809321     
           1         282   97.898828404995854        695.40123060370070        154.12947770369169     
           1         283   447.42881880332658        731.19112009204002        220.94814728101576     
           1         284   99.107599324247445        805.48079638352533        154.12166064809321     
           1         285   99.106501214323075        780.10985172155983        154.12166064809321     
           1         286   103.49797458613052        672.95881347570162        154.16967313557285     
           1         287   98.138656759648740        663.05589349223271        154.11578621393875     
           1         288   101.49633851507278        749.52954141784687        154.20918594494688     
           1         289   96.277859669592758        816.82401919646873        154.10756170377709     
           1         290   99.283241829124719        804.13167669739903        154.11236361811788     
           1         291   100.10640627567987        654.34117908095732        154.12166064809321     
           1         292   96.672466711190921        702.48563506874461        154.12125386481935     
           1         293   110.90050161841154        716.92439077562813        155.32175577459603     
           1         294   98.946436918645972        780.63652653769577        154.13877379329114     
           1         295   99.471588251894275        854.01620213427736        154.13192820325330     
           1         296   100.31649530177181        694.75068384362737        154.12166064809321     
           1         297   99.364764972013987        699.50399578540100        154.12508305583177     
           1         298   100.93036094096193        760.81919774314747        154.20062471048172     
           1         299   99.156343059499235        757.69804733263516        154.12508305583177     
           1         300   99.036422777727040        813.27487627021890        154.14733140330858     
           1         301   100.15999695934795        719.61856118718526        154.12166064809321     
           1         302   99.628338012856346        716.43665463427737        154.12166064809321     
           1         303   247.22293011968321        731.10228893106319        164.48626437683751     
           1         304   101.23970409875784        793.10947892426827        154.13427245778129     
           1         305   105.28921536245331        788.30426734682464        155.32175577459603     
           1         306   99.906971507367871        686.33761747462859        154.14659455570086     
           1         307   103.09915567900910        712.87605725800017        154.14967564065637     
           1         308   101.14589104801756        734.01182458268090        154.11781912233872     
           1         309   98.198005683324638        758.59293813427746        154.11578621393875     
           1         310   101.95761964447750        847.84302320380880        154.13215974157896     
           1         311   99.186841931434600        672.21953417792463        154.12508305583177     
           1         312   97.657372600470381        738.25663949737020        154.11236361811788     
           1         313   100.84498117491978        733.27345608080100        154.14927183342942     
           1         314   99.574557101003947        790.96172553600002        154.12508305583177     
           1         315   102.49381120109224        825.12159464583920        154.14927183342942     
           1         316   100.38874864571723        701.81734113427729        154.12166064809321     
           1         317   99.001434748414923        699.59631004122400        154.12166064809321     
           1         318   101.25801973080556        753.51280842655251        154.14927183342942     
           1         319   102.56000977853489        728.41902543595324        154.13558193863895     
           1         320   98.004692401543565        803.25630031178594        154.13803578386666     
           1         321   308.12117690268713        675.85348492926505        217.01035178180064     
           1         322   98.974403371935594        722.21346410456931        154.13877379329114     
           1         323   377.54043758188732        675.61249770141603        220.20599836916736     
           1         324   101.56245064217217        779.51736950932752        154.13427245778129     
           1         325   101.47521185986058        743.23653853080395        154.20103577080411     
           1         326   99.961204798553126        686.23166196084424        154.12166064809321     
           1         327   99.407241203008681        690.98991013596822        154.13877379329114     
           1         328   99.430717014924710        734.19265625927346        154.12166064809321     
           1         329   99.743515641625820        792.34711609363592        154.12166064809321     
           1         330   100.79601538249379        784.24555613427754        154.12400491407487     
           1         331   99.570436487894980        646.74958959569744        154.13192820325330     
           1         332   243.55167255164497        677.14660163832127        164.49470833345887     
           1         333   312.87702499878054        725.61235358810211        217.04628940051040     
           1         334   99.017496605494586        751.67497190037705        154.14733140330858     
           1         335   99.759033673211761        806.29358170449404        154.12166064809321     
           1         336   361.86976105272430        650.98636038080349        218.73049729544746     
           1         337   99.655031661671160        680.21742891784675        154.13877379329114     
           1         338   314.14563969946096        699.39838329478380        217.01366580065309     
           1         339   98.958229878984710        760.81486892144051        154.12508305583177     
           1         340   112.70407849211055        827.78429565583542        155.33192623322634     
           1         341   98.928007027989892        706.84747922797692        154.12166064809321     
           1         342   98.975287155086477        685.49449104471796        154.12166064809321     
           1         343   351.01613197975024        734.92243649230011        218.72100533710216     
           1         344   96.723332931001394        717.75450191784682        154.13837155586978     
           1         345   99.412464078419632        790.19739463073472        154.14733140330858     
           1         346   99.364395693624218        698.21087314622503        154.15588970501261     
           1         347   98.977662690659741        720.68573891092569        154.12508305583177     
           1         348   99.773964750409078        716.61224871195748        154.12166064809321     
           1         349   100.86677713152302        764.31161481724644        154.14927183342942     
           1         350   99.187459022241214        777.08329182250270        154.13192820325330     
           1         351   99.521835050009983        691.91508213427733        154.12508305583177     
           1         352   100.22012066118603        773.43102883510130        154.12166064809321     
           1         353   311.94884546617430        766.16393765691373        217.01035178180064     
           1         354   99.350754254653381        761.01586385913652        154.13192820325330     
           1         355   99.485241045039729        825.38623969257981        154.12166064809321     
           1         356   318.24238457294189        665.89192418451046        217.02998474909668     
           1         357   306.60869517154907        718.04352092788099        217.01035178180064     
           1         358   101.24081543629147        786.84289513427757        154.13558193863895     
           1         359   99.202784623572839        791.35791964079965        154.12166064809321     
           1         360   99.166752330954210        791.77781516612231        154.12166064809321     
           1         361   99.565313519716469        696.24730239569851        154.14733140330858     
           1         362   99.456943667616812        696.49775298309942        154.12166064809321     
           1         363   99.197335092766366        749.80348177773351        154.12508305583177     
           1         364   97.585067996821977        798.07751575965813        154.11578621393875     
           1         365   244.91621380012313        803.66852013427729        164.48626437683751     
           1         366   102.94733422489955        666.66465660470931        154.14400572931896     
           1         367   313.78954179515512        747.92004641728488        217.02803979657759     
           1         368   101.86992570647209        734.11697261615404        154.13215974157896     
           1         369   102.49048225929882        803.84638487862287        154.12400491407487     
           1         370   98.811078097466506        795.08552846205555        154.13157088004345     
           1         371   98.704862406293458        678.10948560734130        154.18939879172675     
           1         372   310.63478875008502        708.96130413427738        217.01035178180064     
           1         373   99.482888479579060        786.21450318469010        154.12166064809321     
           1         374   99.389748594931532        766.32506225900261        154.12508305583177     
           1         375   96.469267224024904        846.52142020908673        154.10756170377709     
           1         376   108.19480202888101        647.85564190542209        154.19513224894379     
           1         377   105.29842343323165        719.93019814140860        154.14710304567450     
           1         378   98.962598521504844        739.33164490493198        154.13877379329114     
           1         379   99.244728003189152        792.23810913427747        154.12166064809321     
           1         380   103.06285831482897        807.23431467627756        154.14967564065637     
           1         381   103.42034223812463        710.91209401236893        154.12400491407487     
           1         382   102.78710305113705        679.41099645259226        154.12400491407487     
           1         383   107.07677403315387        761.93501490067638        155.35566123788223     
           1         384   110.31107725404114        757.69005374580297        155.32175577459603     
           1         385   243.21400675112596        678.26021043569335        96.600117127291583     
           1         386   310.96329281931799        697.60463141784669        217.01035178180064     
           1         387   101.63508286949084        712.04082091238558        154.14242666471819     
           1         388   105.72471333006861        709.09363268294078        155.32175577459603     
           1         389   240.39990435997439        762.55951905870188        164.49470833345887     
           1         390   99.287560301665565        817.14173503054451        154.12508305583177     
           1         391   104.06386305872233        688.03583619461619        154.15427194483638     
           1         392   377.37490570293340        651.47492767433619        218.15329585584058     
           1         393   97.864241720775212        744.11598885070828        154.11236361811788     
           1         394   98.934665862506861        767.20977716984078        154.12166064809321     
           1         395   296.43729645815574        745.30731853648967        165.36714735633413     
           1         396   112.19353872335287        694.74082534033755        155.39805887879922     
           1         397   99.378622344266432        736.11500611742213        154.12508305583177     
           1         398   315.54579051433484        772.59150392587685        217.12104073435924     
           1         399   99.916893379692183        748.54071173872762        154.12166064809321     
           1         400   98.114987040268190        796.95185413427737        154.11578621393875     
           1         401   99.353119151382614        646.79653764193108        154.14733140330858     
           1         402   104.09822857873203        725.81443668467523        154.21246598149696     
           1         403   101.46714145218301        790.70734813098784        154.12400491407487     
           1         404   366.78028258779489        813.70977770286549        218.72100533710216     
           1         405   99.218328970635511        792.25881687977187        154.12508305583177     
           1         406   99.355559454984402        676.63775295949995        154.13192820325330     
           1         407   101.62012013893246        686.85644763427729        154.15823393281596     
           1         408   376.68549311932554        756.00214270847960        218.73049729544746     
           1         409   101.75888819034896        853.46765327191440        154.14927183342942     
           1         410   103.22978115170112        843.89035184696502        154.13485704767405     
           1         411   101.29650697146958        671.68558473223436        154.14111804018302     
           2           1   99.563923030304281        746.02634913427732        226.51982959251038     
           2           2   106.76195659018778        730.00205520171698        226.53904361819298     
           2           3   100.47491533583600        812.13131781794505        226.50676869314964     
           2           4   103.99579031810532        879.73257045303069        226.53737282440363     
           2           5   99.407883374147303        892.08531921217389        226.50676869314964     
           2           6   99.547971968209822        719.57133198657971        226.50676869314964     
           2           7   99.959665506519926        770.51415193997877        226.50676869314964     
           2           8   718.76290403846815        847.81994000000009        638.09516578636442     
           2           9   99.274999957204614        839.62383399145313        226.50676869314964     
           2          10   99.926535639169799        892.78563188813780        226.51982959251038     
           2          11   99.641694744348840        734.54369391175521        226.52853749189003     
           2          12   235.52948151604110        750.95830325015083        240.82471875908041     
           2          13   97.971466858988293        843.51970419447957        226.52115937066444     
           2          14   97.233147504153976        824.34636712880501        226.49281544219289     
           2          15   101.05251589209273        905.20474613427723        226.51504278640189     
           2          16   98.480531254763449        722.31364423035450        226.51245119111283     
           2          17   99.599061635299975        763.09433259513492        226.53942307845429     
           2          18   99.698259688250602        784.43033082992019        226.50676869314964     
           2          19   99.483640427224344        857.64608070867075        226.51112219964656     
           2          20   99.419823464732431        858.14572420330421        226.60475322191093     
           2          21   96.489140074184647        745.22438740673249        226.49281544219289     
           2          22   99.651358336623005        736.66703763427734        226.52853749189003     
           2          23   100.26695564212403        814.09646003950354        226.53942307845429     
           2          24   100.17495619483660        829.90240306341491        226.51112219964656     
           2          25   99.314516086764755        832.19614438817291        226.50676869314964     
           2          26   99.216230624015893        686.61110849241607        226.50676869314964     
           2          27   104.63474574832689        742.39850241470356        226.55869122428038     
           2          28   100.46349682106342        707.56589125372864        226.51112219964656     
           2          29   99.934529465908895        794.29629813427755        226.53942307845429     
           2          30   479.15522614063480        818.09641973827740        387.81647483409199     
           2          31   3428.2750036873354        831.96290993549997        3243.0293054278050     
           2          32   98.312007259267588        708.97303045125409        226.52115937066444     
           2          33   98.800252299301832        727.99354100676146        226.53204530742835     
           2          34   99.350086391032633        708.61200586777238        226.53942307845429     
           2          35   100.28453900523678        783.35426596376840        226.50676869314964     
           2          36   101.45391547085218        662.21232041784663        226.51939613710101     
           2          37   101.35679115746990        703.24412809368050        226.51504278640189     
           2          38   100.14740642045950        761.50972104613186        226.50676869314964     
           2          39   99.377328372998008        753.81829965364170        226.50676869314964     
           2          40   99.906140587378133        778.37803636699721        226.52853749189003     
           2          41   99.759944927773930        667.42455816565223        226.50676869314964     
           2          42   101.16638413168940        703.15502213196885        226.51939613710101     
           2          43   99.764156739237094        742.60527513427746        226.51982959251038     
           2          44   99.353898587503849        768.84241279437288        226.52853749189003     
           2          45   102.01895895845807        746.75895744697868        226.52865778990488     
           2          46   100.43784648434300        645.66787458766566        226.59386288533025     
           2          47   4776.7228650106781        780.95737460713883        4504.5846429820576     
           2          48   100.46170803426728        724.40778827638599        226.50676869314964     
           2          49   3707.9843373225058        897.42869186070800        3602.4916509990935     
           2          50   427.08732254607872        939.51210713427736        274.48208578188400     
           2          51   99.346820166525944        653.98189103348830        226.50676869314964     
           2          52   106.90188499184264        703.96686683670464        226.55712155224907     
           2          53   99.332701475412875        690.41634456144322        226.51112219964656     
           2          54   101.30184495605124        779.79519280667307        226.55858199193196     
           2          55   100.78397902643889        850.21512775618999        226.51112219964656     
           2          56   106.49533590014117        678.80737888842157        226.53624081825350     
           2          57   99.326465879369607        685.90784485070799        226.50676869314964     
           2          58   101.48795700285557        733.41183112553949        226.55030945654721     
           2          59   99.689412147214142        747.03310732668274        226.50676869314964     
           2          60   96.865924902832859        812.36731536013212        226.51458557095052     
           2          61   5302.0366282316509        779.64743786250006        5055.8003102836647     
           2          62   101.80984224186570        726.93088522777862        226.60475322191093     
           2          63   105.87603568331390        730.22546947510250        226.53904361819298     
           2          64   103.32508343879859        793.11584613427749        226.53737282440363     
           2          65   97.599140081518840        788.31316996072519        226.50587713957802     
           2          66   299.55701547240807        686.34832117505994        271.40797416418786     
           2          67   96.533596776176807        753.24348489750423        226.50587713957802     
           2          68   99.295944436269551        748.06798881068403        226.50676869314964     
           2          69   99.357096270925993        761.88395660213541        226.50384856956694     
           2          70   101.81783040974965        825.35939906754948        226.53681080617767     
           2          71   99.450415741240349        665.91443313427726        226.50676869314964     
           2          72   103.59332063814017        718.08906407965742        226.54608006584454     
           2          73   99.685496733323305        744.35692682139415        226.50676869314964     
           2          74   97.878666233218283        764.99475699637821        226.53204530742835     
           2          75   101.17666928862390        789.21875956510655        226.51112219964656     
           2          76   99.408764257923394        714.59768782959259        226.50676869314964     
           2          77   99.484710795335047        703.13223809192584        226.51982959251038     
           2          78   103.65798290285443        771.06643513427753        226.52866608950160     
           2          79   99.833159852823684        764.19878759381390        226.52853749189003     
           2          80   347.95573132022844        815.64476544048546        274.46041727496970     
           2          81   99.280946427888779        696.05650501216780        226.50676869314964     
           2          82   98.432779841443519        734.41128037112878        226.50374351806417     
           2          83   101.20588716900450        728.82572765161990        226.51112219964656     
           2          84   100.74865782410528        783.95991864255143        226.51112219964656     
           2          85   374.55893620280705        753.00845955212401        274.54820599056870     
           2          86   101.40805023974494        678.15190902461188        226.50688899213216     
           2          87   100.13089818733087        707.02572507277375        226.50676869314964     
           2          88   310.51113747673435        754.17214925185033        271.44812385548198     
           2          89   99.627374692168615        775.81572507601049        226.51112219964656     
           2          90   100.02989316702082        809.76308433265456        226.50676869314964     
           2          91   102.55441726093056        634.22207183756154        226.51124249843500     
           2          92   97.773311028604553        716.37480891784662        226.52115937066444     
           2          93   99.429391375881821        719.80155864692961        226.55030945654721     
           2          94   99.392226249637645        765.15175447177603        226.50676869314964     
           2          95   100.89610507469308        823.26747396179405        226.52126442144606     
           2          96   240.56590402998063        662.56630913008405        240.80489145271179     
           2          97   101.43961358243067        674.66849719635388        226.51504278640189     
           2          98   101.08339053612819        705.17085622101092        226.52865778990488     
           2          99   99.540154538234717        754.71075341784672        226.50676869314964     
           2         100   99.502548735490095        781.99127403642387        226.55030945654721     
           2         101   97.916970277001553        685.86941870384078        226.51458557095052     
           2         102   101.92390056024610        680.79624594590882        226.50688899213216     
           2         103   99.421364653519021        708.43069755601766        226.53942307845429     
           2         104   96.589321710087688        727.15202768721861        226.53635886549500     
           2         105   97.844085880656337        790.15410177513832        226.51245119111283     
           2         106   99.839193640357351        698.21857413427722        226.50676869314964     
           2         107   120.64137087138717        739.74089801343735        226.56889036197583     
           2         108   102.68569562624997        717.04908735891092        226.53694825367009     
           2         109   99.446725553637791        765.94808997378300        226.50676869314964     
           2         110   103.07898555145755        745.06469713643185        226.54769600328353     
           2         111   99.824286453450583        672.66705654672489        226.53942307845429     
           2         112   101.19371600254181        730.56216471392872        226.51939613710101     
           2         113   99.490443821983163        752.57325513427747        226.53942307845429     
           2         114   244.62198798801816        748.14114783220805        240.82800540720666     
           2         115   99.653097631988672        795.23876653916818        226.51255624225502     
           2         116   110.46213308927977        656.75228555633362        226.63474042793601     
           2         117   324.88471804821785        756.34916685448525        252.64217401342970     
           2         118   375.51964992124817        808.05841714251619        271.48426330111312     
           2         119   419.57677214286127        858.02244273141605        274.50071464000808     
           2         120   101.09461359916624        791.78420813427749        226.55858199193196     
           2         121   110.15986836707641        696.25576214205114        226.54929978067895     
           2         122   107.03886709116051        696.50793644934720        226.62177439830620     
           2         123   101.35124251713425        749.81535045767828        226.51939613710101     
           2         124   99.724092407081486        820.41058303739237        226.51112219964656     
           2         125   103.55057938552680        823.53825419950169        226.51518023493199     
           2         126   101.45434415977107        668.70988234657671        226.52865778990488     
           2         127   583.18893182608781        805.58441641784657        649.43984553964401     
           2         128   98.130183312583682        727.11268698078709        226.54293203570671     
           2         129   98.254267544103755        781.55605462731432        226.52115937066444     
           2         130   96.680848736898540        830.64044766562245        226.52547182247477     
           2         131   97.908664352521868        678.45860221286136        226.49938987147203     
           2         132   966.32475255106317        798.75571332984657        712.70152517939607     
           2         133   12014.839714443566        896.22677312799988        11554.902120310355     
           2         134   97.837239993959514        765.07901913427736        226.53204530742835     
           2         135   99.519282700164851        836.65971203352353        226.51982959251038     
           2         136   4943.0940718651682        802.98995001196931        4661.0742524931202     
           2         137   98.105534776320027        709.42348125254341        226.52115937066444     
           2         138   99.222065081485724        740.19905006127112        226.50676869314964     
           2         139   102.03106382747170        819.74743413840599        226.60213386312932     
           2         140   242.00898010992458        797.29683029911291        240.80489145271179     
           2         141   6633.5622713975517        767.54043899999988        6055.0001159771800     
           2         142   17035.513331727539        810.85646454863854        16431.596535064997     
           2         143   102.54204280025658        751.78048538641667        226.55858199193196     
           2         144   96.727150516854664        770.58198407694113        226.49716921470207     
           2         145   101.63578264119062        824.48145708165941        226.52810321837796     
           2         146   123.47062758241943        686.60584100215613        226.63421082985928     
           2         147   99.290973321772782        742.37711021466123        226.50676869314964     
           2         148   114.21967784533092        707.60722141784686        226.54059367905853     
           2         149   111.75243329298881        794.29375543646393        226.55869122428038     
           2         150   10635.401542489792        972.57894055500014        9973.1635420075654     
           2         151   16070.530854164313        740.21102402827728        15478.461156544850     
           2         152   101.08897806671203        728.34961026271537        226.51504278640189     
           2         153   99.781404239463754        743.43560291536005        226.50676869314964     
           2         154   111.67080111925834        738.75472829203409        226.53624081825350     
           2         155   99.902567903230320        793.40482713427741        226.50676869314964     
           2         156   102.36598506746607        689.51266465377967        226.55858199193196     
           2         157   99.838503511850689        721.46954705388043        226.51112219964656     
           2         158   303.86452675651543        773.79841998704580        271.40028404451772     
           2         159   110.74075113691136        776.98553579631323        226.54766383232550     
           2         160   102.04899734457173        798.24291748991095        226.51504278640189     
           2         161   310.19465415652240        671.09948209169431        271.52609702678228     
           2         162   312.62221125800835        726.95555813427734        271.43513161137275     
           2         163   99.272971524259006        770.31871795293659        226.50676869314964     
           2         164   99.300388497410623        805.48630377175721        226.51112219964656     
           2         165   110.54236652193981        780.11629869771286        226.53624081825350     
           2         166   99.468998987179987        672.96415914353588        226.50676869314964     
           2         167   99.900297396116883        676.31048921081333        226.50676869314964     
           2         168   99.915040856032590        757.91438213693027        226.53942307845429     
           2         169   104.03364020842855        825.94205785070824        226.52431291199201     
           2         170   244.27229092422147        848.36732256432902        240.81888742703276     
           2         171   109.68928410196308        658.69031066092862        226.53624081825350     
           2         172   110.33255789522295        709.46869487790616        226.54059367905853     
           2         173   102.25891125985036        716.93002326736189        226.52810321837796     
           2         174   108.28276368908152        788.02516737629890        226.53624081825350     
           2         175   316.75802792177348        889.94930532541673        271.43467951667145     
           2         176   4451.4865181226069        903.36799156713857        4360.1104569041290     
           2         177   106.63682290933572        704.22059430157833        226.55869122428038     
           2         178   100.05255393908519        760.82360215759832        226.51982959251038     
           2         179   100.69547142608599        757.70394665939386        226.50676869314964     
           2         180   310.86454834297996        813.28110911937881        271.41434597230375     
           2         181   313.42888904993896        719.64430067176420        271.43513161137275     
           2         182   234.14743262709064        726.90650826472609        240.79004444675911     
           2         183   103.38106606160376        730.26835513427750        226.56785038575060     
           2         184   99.754907043495322        793.11373798656155        226.50676869314964     
           2         185   101.59153071600248        788.30868267380629        226.52865778990488     
           2         186   101.66994153815671        686.34365745600530        226.50688899213216     
           2         187   99.395875902479077        733.05997993129517        226.50676869314964     
           2         188   107.82796524070874        741.04903790572257        226.55800638899728     
           2         189   99.756960207103006        758.55048754291909        226.51982959251038     
           2         190   99.493466142746954        847.84532313427724        226.50676869314964     
           2         191   99.751224288526060        672.22405063065275        226.50676869314964     
           2         192   101.39587186444926        738.26145233201555        226.51124249843500     
           2         193   101.35294036787010        733.27972979816627        226.55042975359464     
           2         194   138.51654496706695        771.97837431167648        226.56942822997436     
           2         195   310.70265693844209        802.70386703693578        271.40914993780154     
           2         196   100.46878691839069        719.05643914253437        226.50676869314964     
           2         197   105.39959837320163        704.31075963427725        226.55869122428038     
           2         198   96.753318963119654        780.03750514923934        226.49281544219289     
           2         199   99.251900746970136        736.66003434273523        226.50676869314964     
           2         200   99.956565413590681        815.44356788784296        226.50676869314964     
           2         201   243.60277793148657        676.93521954827293        240.80951397528557     
           2         202   99.975355850520927        727.74855973078650        226.50676869314964     
           2         203   100.40957825396983        746.88861658646567        226.51982959251038     
           2         204   99.212821699551341        805.42378991784699        226.50676869314964     
           2         205   99.622312692999316        763.97716982479585        226.50676869314964     
           2         206   98.232391081998614        697.26203104083697        226.59737755175996     
           2         207   98.304514905343311        696.50211544004014        226.50374351806417     
           2         208   97.788191646278364        751.85367810060291        226.57991495370911     
           2         209   101.22322834535338        789.86806154433839        226.50676869314964     
           2         210   99.672103457769310        774.19725817859910        226.52853749189003     
           2         211   100.01097901518314        628.71030641784660        226.53942307845429     
           2         212   105.57824138790807        696.19515004031518        226.53039316836984     
           2         213   312.58143320624072        719.79666948672661        271.40914993780154     
           2         214   97.974508430284189        757.78660325622138        226.50374351806417     
           2         215   99.281511809901374        799.89822791802101        226.50676869314964     
           2         216   99.580335985390150        656.24876464893157        226.50676869314964     
           2         217   316.95069606071650        691.82897036909696        271.47105675272263     
           2         218   99.715652310190720        725.62392141784687        226.50676869314964     
           2         219   7538.6786050052897        936.18785653819998        7062.0901399911618     
           2         220   99.406815217604645        805.35344800590997        226.55030945654721     
           2         221   20760.162094404328        787.26202270199985        19961.795838153444     
           2         222   99.357223271668232        660.61311681715199        226.52853749189003     
           2         223   96.733114696114157        701.41241731334787        226.49716921470207     
           2         224   21161.693592707659        887.23725109599991        20773.760767678465     
           2         225   150.81295120102865        782.48503241784670        226.58779022402211     
           2         226   35324.500054979035        808.64531408500011        34081.408596967325     
           2         227   146.29749216484865        719.55817378524239        226.60737727703642     
           2         228   302.25253700827227        710.03066326271085        271.39238465152584     
           2         229   308.69989140194849        765.94259747877732        271.40041026808882     
           2         230   22472.100286623714        958.77848216499990        21326.979652721508     
           2         231   99.990617898760476        688.92128292867221        226.50676869314964     
           2         232   99.448055637806235        749.99650663427735        226.53942307845429     
           2         233   103.37961340064625        741.49800557901574        226.54608006584454     
           2         234   99.263084029188391        768.00460415999123        226.52853749189003     
           2         235   102.20479315733715        817.67813810403106        226.61302381035435     
           2         236   99.419840628067163        646.78222873122695        226.51112219964656     
           2         237   312.96950260586857        718.06852036803821        271.43513161137275     
           2         238   104.37456963508150        786.79462531902936        226.52431291199201     
           2         239   100.42514941666148        791.36037213427755        226.53942307845429     
           2         240   98.744968548691233        791.78206166499456        226.50374351806417     
           2         241   309.07223045451263        696.25144803564774        271.40914993780154     
           2         242   100.29479698819182        696.50324215992975        226.50676869314964     
           2         243   109.21243903991333        749.80916107635437        226.53870672672156     
           2         244   99.851370763930646        820.40402883149000        226.50676869314964     
           2         245   46154.639500493678        977.39782128000024        44354.683572376838     
           2         246   421.23723152809498        685.78196913427723        271.46014801261219     
           2         247   99.847738028866615        747.92457719521190        226.51982959251038     
           2         248   247.35159245184465        734.12141852319996        240.81831788586376     
           2         249   101.42468076781843        803.85233329683547        226.51939613710101     
           2         250   98.291516983310117        795.09173351671438        226.49938987147203     
           2         251   101.22489170629926        672.89402355294737        226.55858199193196     
           2         252   46013.686555430228        833.37757769999985        44001.059265924145     
           2         253   100.31021161005285        759.99390513427750        226.50676869314964     
           2         254   100.80497643982451        765.07673669609449        226.50676869314964     
           2         255   99.900480338835891        836.65484941973011        226.53942307845429     
           2         256   106.89066403265521        671.46140667133966        226.53469063313136     
           2         257   99.331000711153862        726.59844719808711        226.55030945654721     
           2         258   99.499430200389398        760.59512693088641        226.51982959251038     
           2         259   111.30849007249634        799.59934814985911        226.53039316836984     
           2         260   312.70021550246855        807.23648441784667        271.40914993780154     
           2         261   99.756271349198016        710.91639336753246        226.50676869314964     
           2         262   103.99509732771202        679.41502489322897        226.51124249843500     
           2         263   470.91473302862795        743.47876325427728        373.66495074078222     
           2         264   101.19930053047054        757.69624831856015        226.50676869314964     
           2         265   1391.5184069497664        750.43928018784663        1325.8679879678571     
           2         266   98.280162449391142        679.19909155147695        226.54293203570671     
           2         267   103.86929411638117        698.80628791784670        226.52866608950160     
           2         268   102.35821317094737        681.74115131283929        226.51939613710101     
           2         269   321.14435033891965        754.32805384973506        271.43542550938673     
           2         270   103.39750029373036        777.38347041983025        226.51504278640189     
           2         271   102.66707060225141        672.28533332980055        226.60213386312932     
           2         272   100.65302168843203        730.61027034546350        226.50688899213216     
           2         273   99.273337598824185        723.36705121173463        226.51982959251038     
           2         274   243.34457354853907        749.55228191784681        240.80489145271179     
           2         275   99.502008194744079        783.79501549262716        226.50676869314964     
           2         276   98.017126113470880        673.75541602496503        226.53204530742835     
           2         277   111.07953246119486        711.22816563225149        226.53624081825350     
           2         278   100.58917880405414        739.06589174179339        226.50676869314964     
           2         279   101.91004985037989        718.03053050994845        226.50688899213216     
           2         280   99.512709161077026        757.14742909712288        226.50676869314964     
           2         281   99.361757048141527        624.73428641784665        226.50676869314964     
           2         282   101.56556509460717        695.40123060370070        226.52810321837796     
           2         283   502.46039886156422        731.19112009204002        271.52914372863665     
           2         284   101.24623839211911        805.48079638352533        226.54769600328353     
           2         285   97.889918441243992        780.10985172155983        226.51245119111283     
           2         286   101.56076638234735        672.95881347570162        226.52810321837796     
           2         287   99.983632606435791        663.05589349223271        226.50676869314964     
           2         288   99.814874131588340        749.52954141784687        226.50676869314964     
           2         289   99.344348336839957        816.82401919646873        226.50676869314964     
           2         290   103.23952372771029        804.13167669739903        226.52810321837796     
           2         291   97.444238838923951        654.34117908095732        226.49716921470207     
           2         292   106.47122536426077        702.48563506874461        226.53469063313136     
           2         293   108.26796993105650        716.92439077562813        226.55869122428038     
           2         294   99.212491037731141        780.63652653769577        226.50676869314964     
           2         295   99.741553209989362        854.01620213427736        226.50676869314964     
           2         296   98.977469596698668        694.75068384362737        226.50374351806417     
           2         297   99.645468121789506        699.50399578540100        226.50676869314964     
           2         298   99.316594014526288        760.81919774314747        226.50676869314964     
           2         299   99.453525919282342        757.69804733263516        226.51982959251038     
           2         300   99.338713586300997        813.27487627021890        226.55030945654721     
           2         301   102.37163805132620        719.61856118718526        226.53681080617767     
           2         302   98.442465091889545        716.43665463427737        226.58648686507044     
           2         303   247.85698769164068        731.10228893106319        240.80501945744490     
           2         304   101.48491894369018        793.10947892426827        226.50688899213216     
           2         305   105.49391502199578        788.30426734682464        226.53624081825350     
           2         306   100.19069727741677        686.33761747462859        226.58648686507044     
           2         307   101.47548950178330        712.87605725800017        226.53215035775943     
           2         308   105.53743573074962        734.01182458268090        226.51953358542340     
           2         309   97.156374111543656        758.59293813427746        226.49281544219289     
           2         310   98.813981047960183        847.84302320380880        226.58648686507044     
           2         311   99.493301246848915        672.21953417792463        226.52853749189003     
           2         312   97.949494130097804        738.25663949737020        226.50374351806417     
           2         313   99.305522238791951        733.27345608080100        226.50676869314964     
           2         314   99.852418681542815        790.96172553600002        226.50676869314964     
           2         315   100.80493722338397        825.12159464583920        226.51982959251038     
           2         316   100.66091793921224        701.81734113427729        226.51112219964656     
           2         317   103.24508529373463        699.59631004122400        226.52431291199201     
           2         318   101.55518390442468        753.51280842655251        226.54769600328353     
           2         319   100.85599723319412        728.41902543595324        226.50676869314964     
           2         320   99.804631771579267        803.25630031178594        226.50676869314964     
           2         321   304.33089652986729        675.85348492926505        271.43925922458595     
           2         322   103.23143024854870        722.21346410456931        226.56785038575060     
           2         323   394.20000364816207        675.61249770141603        271.47284529837145     
           2         324   101.79641906091875        779.51736950932752        226.51124249843500     
           2         325   101.60900646019360        743.23653853080395        226.51124249843500     
           2         326   100.23925280335810        686.23166196084424        226.50676869314964     
           2         327   98.125672698181489        690.98991013596822        226.49938987147203     
           2         328   98.169438072864565        734.19265625927346        226.50374351806417     
           2         329   100.02535798869266        792.34711609363592        226.51112219964656     
           2         330   103.08440809291925        784.24555613427754        226.54783345025731     
           2         331   99.836049870678906        646.74958959569744        226.50676869314964     
           2         332   236.85636955571144        677.14660163832127        240.82471875908041     
           2         333   313.57809558176285        725.61235358810211        271.42473849161797     
           2         334   99.270508184990078        751.67497190037705        226.50676869314964     
           2         335   98.460574933063810        806.29358170449404        226.49938987147203     
           2         336   362.06413129664770        650.98636038080349        271.44456178609147     
           2         337   99.913383343072724        680.21742891784675        226.50676869314964     
           2         338   328.90080383394314        699.39838329478380        271.45639787572412     
           2         339   97.737232924583850        760.81486892144051        226.49938987147203     
           2         340   110.10186235803820        827.78429565583542        226.54780672325330     
           2         341   97.729243582616249        706.84747922797692        226.51245119111283     
           2         342   99.265401978578211        685.49449104471796        226.50676869314964     
           2         343   361.90851976106154        734.92243649230011        271.46348189237335     
           2         344   103.93888719942798        717.75450191784682        226.56785038575060     
           2         345   99.660256551780378        790.19739463073472        226.50676869314964     
           2         346   101.43911494906610        698.21087314622503        226.51939613710101     
           2         347   99.299783153854420        720.68573891092569        226.53942307845429     
           2         348   100.06941194654266        716.61224871195748        226.51982959251038     
           2         349   96.560856937548266        764.31161481724644        226.50587713957802     
           2         350   101.28002299890055        777.08329182250270        226.51504278640189     
           2         351   98.282294791002698        691.91508213427733        226.53204530742835     
           2         352   100.48754063917458        773.43102883510130        226.50676869314964     
           2         353   312.79492879871839        766.16393765691373        271.40914993780154     
           2         354   99.620642339311559        761.01586385913652        226.50676869314964     
           2         355   101.62432662652738        825.38623969257981        226.51939613710101     
           2         356   312.97658035987922        665.89192418451046        271.40914993780154     
           2         357   307.51072098658614        718.04352092788099        271.40914993780154     
           2         358   98.155982770406396        786.84289513427757        226.52115937066444     
           2         359   96.683811884771302        791.35791964079965        226.49281544219289     
           2         360   103.55250423277242        791.77781516612231        226.62229003988460     
           2         361   106.53312813588467        696.24730239569851        226.55645682477754     
           2         362   99.755329803486120        696.49775298309942        226.51982959251038     
           2         363   101.30628917646941        749.80348177773351        226.51939613710101     
           2         364   96.597470293601418        798.07751575965813        226.49281544219289     
           2         365   245.52869468838426        803.66852013427729        240.80501945744490     
           2         366   101.08792016485106        666.66465660470931        226.51504278640189     
           2         367   314.55133174187506        747.92004641728488        271.40929448157948     
           2         368   100.23650320766130        734.11697261615404        226.50676869314964     
           2         369   100.93297612881830        803.84638487862287        226.51255624225502     
           2         370   99.065030928744235        795.08552846205555        226.51467707607915     
           2         371   102.44259268904034        678.10948560734130        226.54769600328353     
           2         372   306.52093905537583        708.96130413427738        271.40548024734824     
           2         373   99.766670618577180        786.21450318469010        226.50676869314964     
           2         374   99.669840964113178        766.32506225900261        226.50676869314964     
           2         375   103.60105224298333        846.52142020908673        226.53737282440363     
           2         376   101.21105625949129        647.85564190542209        226.51124249843500     
           2         377   108.41727715157558        719.93019814140860        226.56751947996545     
           2         378   101.04026699397281        739.33164490493198        226.52810321837796     
           2         379   103.57515631651947        792.23810913427747        226.55696483001637     
           2         380   103.30771665583761        807.23431467627756        226.52865778990488     
           2         381   103.72217435120113        710.91209401236893        226.53954337598577     
           2         382   101.23095172840826        679.41099645259226        226.53215035775943     
           2         383   107.24817231981962        761.93501490067638        226.55800638899728     
           2         384   110.59824540466565        757.69005374580297        226.63421082985928     
           2         385   220.79920534421163        678.26021043569335        145.81879600383755     
           2         386   311.81407768880177        697.60463141784669        271.40914993780154     
           2         387   100.05773031167409        712.04082091238558        226.53942307845429     
           2         388   108.36583277093055        709.09363268294078        226.55201645849903     
           2         389   241.05247294346708        762.55951905870188        240.80489145271179     
           2         390   106.18461536700633        817.14173503054451        226.53469063313136     
           2         391   102.07351436004006        688.03583619461619        226.51939613710101     
           2         392   378.03386084012317        651.47492767433619        271.42860026086686     
           2         393   99.694186934471759        744.11598885070828        226.50676869314964     
           2         394   99.225230417296331        767.20977716984078        226.50676869314964     
           2         395   308.76573530973150        745.30731853648967        240.83230112665115     
           2         396   111.96458310600889        694.74082534033755        226.53624081825350     
           2         397   101.52257202730566        736.11500611742213        226.53681080617767     
           2         398   316.13512842712998        772.59150392587685        271.43467951667145     
           2         399   98.622162296805755        748.54071173872762        226.51245119111283     
           2         400   99.958732769267741        796.95185413427737        226.50676869314964     
           2         401   99.601845689649778        646.79653764193108        226.50676869314964     
           2         402   102.02868834691118        725.81443668467523        226.51939613710101     
           2         403   99.995754378675215        790.70734813098784        226.49949492315443     
           2         404   366.85507167572331        813.70977770286549        271.44456178609147     
           2         405   97.977057004235405        792.25881687977187        226.50374351806417     
           2         406   103.65731019435715        676.63775295949995        226.52866608950160     
           2         407   101.83971166760617        686.85644763427729        226.51124249843500     
           2         408   378.52597210684348        756.00214270847960        271.47053958110331     
           2         409   104.29165825779903        853.46765327191440        226.55696483001637     
           2         410   101.47433360393484        843.89035184696502        226.51124249843500     
           2         411   99.840764587748239        671.68558473223436        226.52126442144606     
