  economy_id district_id expected_hires capacity belief_expected_hires
           1           1   3.3146400510882779        17.000000000000000        5.3546271257858900     
           1           2   3.2859085593965456        17.000000000000000        5.3548846594325230     
           1           3   3.4343618600553953        17.000000000000000        5.3549191129456428     
           1           4   3.3244823242499839        17.000000000000000        5.3546271257858900     
           1           5   3.3103636722778615        17.000000000000000        5.3545081620825385     
           1           6   3.3144381194872938        17.000000000000000        5.3545081620825385     
           1           7   3.3277584503273245        17.000000000000000        5.3554004835620113     
           1           8   22.429224982619971        17.000000000000000        16.638424271022302     
           1           9   3.2659204812763165        17.000000000000000        5.3542897860160092     
           1          10   3.2840098107103488        17.000000000000000        5.3551821321818904     
           1          11   3.2762039202640247        17.000000000000000        5.3551821321818904     
           1          12   8.2921448724687181        17.000000000000000        5.7155814427870810     
           1          13   3.2915862392346327        17.000000000000000        5.3552864013863024     
           1          14   3.3592599812044415        17.000000000000000        5.3555253110103482     
           1          15   3.3058530467037484        17.000000000000000        5.3545081620825385     
           1          16   3.3063942832444648        17.000000000000000        5.3547509748093161     
           1          17   3.3148342308654848        17.000000000000000        5.3545081620825385     
           1          18   3.2964925761654338        17.000000000000000        5.3543940670066972     
           1          19   3.3129521237905482        17.000000000000000        5.3548650647248701     
           1          20   3.3076564592688675        17.000000000000000        5.3546271257858900     
           1          21   3.2848672348898802        17.000000000000000        5.3547509748093161     
           1          22   3.2945278241320830        17.000000000000000        5.3543940670066972     
           1          23   3.3343651916601531        17.000000000000000        5.3545081620825385     
           1          24   3.3325696467609278        17.000000000000000        5.3545081620825385     
           1          25   3.2669571951313965        16.000000000000000        5.3542897860160092     
           1          26   3.3047904436688613        16.000000000000000        5.3545081620825385     
           1          27   3.5247731057644565        16.000000000000000        5.3884379273524212     
           1          28   3.3185195350539622        16.000000000000000        5.3549889325655560     
           1          29   3.3811711100608335        16.000000000000000        5.3553644513901997     
           1          30   13.351388690461965        16.000000000000000        8.8297874960134344     
           1          31   57.977648155769259        16.000000000000000        54.721246836359946     
           1          32   3.3230187532728368        16.000000000000000        5.3545081620825385     
           1          33   3.3149755553604816        16.000000000000000        5.3543940670066972     
           1          34   3.3111413363018518        16.000000000000000        5.3568881666580275     
           1          35   3.3359470932690010        16.000000000000000        5.3545081620825385     
           1          36   3.3176861669013160        16.000000000000000        5.3554004835620113     
           1          37   3.2920263995718129        16.000000000000000        5.3545130324301704     
           1          38   3.3583793385492209        16.000000000000000        5.3547519654715998     
           1          39   3.3096504899100894        16.000000000000000        5.3546271257858900     
           1          40   3.3502089306790146        16.000000000000000        5.3547519654715998     
           1          41   3.2788944620817544        16.000000000000000        5.3544087530110112     
           1          42   3.3122549237838670        16.000000000000000        5.3568881666580275     
           1          43   3.2987471142551930        16.000000000000000        5.3549889325655560     
           1          44   3.3339833504266849        16.000000000000000        5.3552278511959797     
           1          45   3.3836946648251893        16.000000000000000        5.3545536081228313     
           1          46   3.3949275675062580        16.000000000000000        5.3548885739094816     
           1          47   83.930150024905217        16.000000000000000        77.479828954550783     
           1          48   3.3409556920255064        16.000000000000000        5.3545081620825385     
           1          49   57.935975685414405        16.000000000000000        56.779420345811161     
           1          50   12.877248977626122        16.000000000000000        7.7089042957763629     
           1          51   3.2686902100573518        16.000000000000000        5.3548846594325230     
           1          52   3.3915020579636743        16.000000000000000        5.3549105106077146     
           1          53   3.3080270053522391        16.000000000000000        5.3545081620825385     
           1          54   3.3666360957412347        16.000000000000000        5.3556619060526147     
           1          55   3.3505398831138544        16.000000000000000        5.3545081620825385     
           1          56   3.5176326397536761        16.000000000000000        5.3883194973098965     
           1          57   3.3119749268968910        16.000000000000000        5.3571857753888166     
           1          58   3.4683888168078965        16.000000000000000        5.3549191129456428     
           1          59   3.2964463558867068        16.000000000000000        5.3545130324301704     
           1          60   3.3181169720344004        16.000000000000000        5.3545081620825385     
           1          61   85.353275960466220        16.000000000000000        79.765170834508510     
           1          62   3.3295351557956461        16.000000000000000        5.3551821321818904     
           1          63   3.3351220020963943        16.000000000000000        5.3558227948551336     
           1          64   3.3090633793625854        16.000000000000000        5.3548650647248701     
           1          65   3.3203342434928467        16.000000000000000        5.3543940670066972     
           1          66   10.262233756218219        16.000000000000000        7.5393862004721788     
           1          67   3.3070247592851452        16.000000000000000        5.3545081620825385     
           1          68   3.3071106481997341        16.000000000000000        5.3545081620825385     
           1          69   3.3579363282951835        16.000000000000000        5.3554459292087335     
           1          70   3.3253919231381954        16.000000000000000        5.3545081620825385     
           1          71   3.2909805397513097        16.000000000000000        5.3552864013863024     
           1          72   3.3164828806368787        16.000000000000000        5.3556979721131226     
           1          73   3.3183700595884971        16.000000000000000        5.3545081620825385     
           1          74   3.3088955149062098        16.000000000000000        5.3545081620825385     
           1          75   3.3621887021122938        16.000000000000000        5.3545081620825385     
           1          76   3.3112702489911845        16.000000000000000        5.3551030190410822     
           1          77   3.3669711041289623        16.000000000000000        5.3551265049611292     
           1          78   3.3423127734838176        16.000000000000000        5.3547519654715998     
           1          79   3.3219865615741218        16.000000000000000        5.3545081620825385     
           1          80   11.432167696629486        16.000000000000000        7.6675167634510979     
           1          81   3.3072042304031251        16.000000000000000        5.3548650647248701     
           1          82   3.3274955115004379        16.000000000000000        5.3545081620825385     
           1          83   3.3629474006251519        16.000000000000000        5.3545081620825385     
           1          84   3.3496645889847567        16.000000000000000        5.3546271257858900     
           1          85   11.688055726694484        16.000000000000000        7.6684679824904629     
           1          86   3.3681215344007853        16.000000000000000        5.3545536081228313     
           1          87   3.3616343055392655        16.000000000000000        5.3573105746019056     
           1          88   10.196100223474362        16.000000000000000        7.5399102850698467     
           1          89   3.3167803031750460        16.000000000000000        5.3546271257858900     
           1          90   3.4190862666619095        16.000000000000000        5.3549191129456428     
           1          91   3.3991902157606830        16.000000000000000        5.3546725717736932     
           1          92   3.3308553824274658        16.000000000000000        5.3546330036510534     
           1          93   3.3640442758332973        16.000000000000000        5.3551265049611292     
           1          94   3.3104186699193550        16.000000000000000        5.3548650647248701     
           1          95   3.4055599748420171        16.000000000000000        5.3554459292087335     
           1          96   8.0113711203334859        16.000000000000000        5.7146352014675452     
           1          97   3.3160844333793400        16.000000000000000        5.3545081620825385     
           1          98   3.3131567960372155        16.000000000000000        5.3543278997229597     
           1          99   3.3155090808980430        16.000000000000000        5.3554004835620113     
           1         100   3.3116787658385660        16.000000000000000        5.3545081620825385     
           1         101   3.3547318227627785        16.000000000000000        5.3545081620825385     
           1         102   3.3842239826460161        16.000000000000000        5.3554459292087335     
           1         103   3.3102081884460728        16.000000000000000        5.3548650647248701     
           1         104   3.3077322083214602        16.000000000000000        5.3545081620825385     
           1         105   3.3085088462412324        16.000000000000000        5.3545081620825385     
           1         106   3.3229321250911368        16.000000000000000        5.3545081620825385     
           1         107   3.9457321652824078        16.000000000000000        5.3889116862539428     
           1         108   3.3484349789647911        16.000000000000000        5.3545536081228313     
           1         109   3.3674464016824976        16.000000000000000        5.3559593847455940     
           1         110   3.4186924857892103        16.000000000000000        5.3547696141498893     
           1         111   3.3213892900943667        16.000000000000000        5.3545081620825385     
           1         112   3.3094414074664509        16.000000000000000        5.3545081620825385     
           1         113   3.3664321182345947        16.000000000000000        5.3551265049611292     
           1         114   8.1274228674805240        16.000000000000000        5.7145083598677955     
           1         115   3.3656783560522361        16.000000000000000        5.3546725717736932     
           1         116   3.5550735785583192        16.000000000000000        5.3886747990565746     
           1         117   11.257763884287883        16.000000000000000        6.9990934219691727     
           1         118   11.999754459038858        16.000000000000000        7.5907485489388371     
           1         119   12.656965475388319        16.000000000000000        7.7057215351366644     
           1         120   3.3058617149742857        16.000000000000000        5.3546271257858900     
           1         121   3.6654598096055357        16.000000000000000        5.3910815058845509     
           1         122   3.3880451052576523        16.000000000000000        5.3548885739094816     
           1         123   3.2915883083150490        16.000000000000000        5.3543940670066972     
           1         124   3.3199511341011125        16.000000000000000        5.3548650647248701     
           1         125   3.4009616578842179        16.000000000000000        5.3555749647114395     
           1         126   3.3972128801692154        16.000000000000000        5.3550395545943443     
           1         127   16.783994463268321        16.000000000000000        14.981138258775314     
           1         128   3.3455204555788756        16.000000000000000        5.3570129705765215     
           1         129   3.3005273035497771        16.000000000000000        5.3555838942371281     
           1         130   3.3365447496936573        16.000000000000000        5.3546330036510534     
           1         131   3.3110348208805687        16.000000000000000        5.3545081620825385     
           1         132   21.970174839994979        16.000000000000000        14.709512122481378     
           1         133   198.68031375640379        16.000000000000000        194.99654298125262     
           1         134   3.3075799130629480        16.000000000000000        5.3545081620825385     
           1         135   3.3140144477653606        16.000000000000000        5.3551030190410822     
           1         136   83.743650315296463        16.000000000000000        81.631775613145663     
           1         137   3.2943056118472871        16.000000000000000        5.3543940670066972     
           1         138   3.3049658323292141        16.000000000000000        5.3545081620825385     
           1         139   3.3296773787995626        16.000000000000000        5.3548650647248701     
           1         140   7.9579454152193989        16.000000000000000        5.7168128291128877     
           1         141   139.94760241548693        16.000000000000000        129.05635493551063     
           1         142   284.01276066284959        16.000000000000000        277.86306293736897     
           1         143   3.3720746748708401        16.000000000000000        5.3552278511959797     
           1         144   3.2925143768848075        16.000000000000000        5.3547509748093161     
           1         145   3.3019554212471185        16.000000000000000        5.3567741059792340     
           1         146   4.0122212819104659        16.000000000000000        5.3906888341802128     
           1         147   3.3069668425266228        16.000000000000000        5.3545081620825385     
           1         148   3.7507216078685603        16.000000000000000        5.3892078170393276     
           1         149   3.8032051747396216        16.000000000000000        5.3913182813305909     
           1         150   197.36169921943409        16.000000000000000        186.61391365824372     
           1         151   257.13205114783153        16.000000000000000        251.57756058108114     
           1         152   3.3317780389382836        16.000000000000000        5.3546330036510534     
           1         153   3.2987778193080257        16.000000000000000        5.3543940670066972     
           1         154   3.6727277053201073        16.000000000000000        5.3883194973098965     
           1         155   3.3247607607045344        16.000000000000000        5.3545081620825385     
           1         156   3.3396672674264680        16.000000000000000        5.3548650647248701     
           1         157   3.3236521772464118        16.000000000000000        5.3551030190410822     
           1         158   10.275268849695443        16.000000000000000        7.5393862004721788     
           1         159   3.5671858954098865        16.000000000000000        5.3892078170393276     
           1         160   3.3321519933494721        16.000000000000000        5.3545081620825385     
           1         161   10.310867799568516        16.000000000000000        7.5393862004721788     
           1         162   10.389229086288237        16.000000000000000        7.5395527436697805     
           1         163   3.3073275648256999        16.000000000000000        5.3551030190410822     
           1         164   3.2858858000619482        16.000000000000000        5.3547509748093161     
           1         165   3.5745384702363570        16.000000000000000        5.3867812446812886     
           1         166   3.3123177315793613        16.000000000000000        5.3546271257858900     
           1         167   3.3033895323595508        16.000000000000000        5.3552864013863024     
           1         168   3.3240316272289587        16.000000000000000        5.3545081620825385     
           1         169   3.4178562942332924        16.000000000000000        5.3561088609812639     
           1         170   8.0124730676189806        16.000000000000000        5.7155844869055343     
           1         171   3.6127639510194705        16.000000000000000        5.3883194973098965     
           1         172   3.6326979406076907        16.000000000000000        5.3883194973098965     
           1         173   3.3373772880206469        16.000000000000000        5.3545081620825385     
           1         174   3.5078655536536449        16.000000000000000        5.3842319664996605     
           1         175   10.339015199085939        16.000000000000000        7.5393862004721788     
           1         176   57.984541795795884        16.000000000000000        57.242313821226084     
           1         177   3.6319112836405263        16.000000000000000        5.3919102877725082     
           1         178   3.3290551888772506        16.000000000000000        5.3548650647248701     
           1         179   3.3476109796480129        16.000000000000000        5.3545081620825385     
           1         180   10.340051889135756        16.000000000000000        7.5393862004721788     
           1         181   10.413334548151754        16.000000000000000        7.5398858460506073     
           1         182   7.9238120694975738        16.000000000000000        5.7146556968245417     
           1         183   3.2890021561125953        16.000000000000000        5.3555838942371281     
           1         184   3.3210002310915328        16.000000000000000        5.3548650647248701     
           1         185   3.3727018813430503        16.000000000000000        5.3549105106077146     
           1         186   3.3760224094118443        16.000000000000000        5.3551484648189813     
           1         187   3.2883126745640707        16.000000000000000        5.3545130324301704     
           1         188   3.6381711934187906        16.000000000000000        5.3934800080172609     
           1         189   3.2985968141534552        16.000000000000000        5.3549889325655560     
           1         190   3.3381264248316516        16.000000000000000        5.3546330036510534     
           1         191   3.2978524954917496        16.000000000000000        5.3543940670066972     
           1         192   3.3958004017455128        16.000000000000000        5.3548016195311376     
           1         193   3.3656448928793692        16.000000000000000        5.3551484648189813     
           1         194   4.3494111174724344        16.000000000000000        5.3883194973098965     
           1         195   10.335772854425679        16.000000000000000        7.5393862004721788     
           1         196   3.2978207221198517        16.000000000000000        5.3544087530110112     
           1         197   3.5508755890405443        16.000000000000000        5.3895039720362758     
           1         198   3.3410896438702893        16.000000000000000        5.3549899006450978     
           1         199   3.3058316453699508        16.000000000000000        5.3545081620825385     
           1         200   3.3261931006645709        16.000000000000000        5.3545081620825385     
           1         201   8.1006784033983497        16.000000000000000        5.7148888969430711     
           1         202   3.3268521622591583        16.000000000000000        5.3545081620825385     
           1         203   3.3965508233629276        16.000000000000000        5.3547696141498893     
           1         204   3.3046945758729867        16.000000000000000        5.3545081620825385     
           1         205   3.3165884503690211        16.000000000000000        5.3545081620825385     
           1         206   3.4074188732043633        16.000000000000000        5.3555139389055002     
           1         207   3.3247921460077881        16.000000000000000        5.3554004835620113     
           1         208   3.3242976124440724        16.000000000000000        5.3547509748093161     
           1         209   3.3642101071893329        16.000000000000000        5.3548650647248701     
           1         210   3.3430487142296412        16.000000000000000        5.3547519654715998     
           1         211   3.3268675674393400        16.000000000000000        5.3545081620825385     
           1         212   3.5222048977704512        16.000000000000000        5.3861212235956790     
           1         213   10.391329931826306        16.000000000000000        7.5393862004721788     
           1         214   3.3129700720904709        16.000000000000000        5.3545081620825385     
           1         215   3.3066846419712479        16.000000000000000        5.3545081620825385     
           1         216   3.3153817151636424        16.000000000000000        5.3545081620825385     
           1         217   10.343118050739974        16.000000000000000        7.5398858460506073     
           1         218   3.3192711439755302        16.000000000000000        5.3545081620825385     
           1         219   142.05551091605554        16.000000000000000        132.43568818171988     
           1         220   3.3972274860675991        16.000000000000000        5.3558113879279654     
           1         221   333.63985462303026        16.000000000000000        320.71977867477636     
           1         222   3.3090459260667640        16.000000000000000        5.3551030190410822     
           1         223   3.3144503243874164        16.000000000000000        5.3546271257858900     
           1         224   362.28730758689505        16.000000000000000        356.16445898418158     
           1         225   4.3928189709911631        16.000000000000000        5.3883194973098965     
           1         226   558.18698073251676        16.000000000000000        541.26761310242591     
           1         227   4.2956583760227716        16.000000000000000        5.3883194973098965     
           1         228   10.356771621253603        16.000000000000000        7.5393862004721788     
           1         229   10.428534658677684        16.000000000000000        7.5394504461840359     
           1         230   389.01826731905652        16.000000000000000        366.04345833021273     
           1         231   3.3274901608392797        16.000000000000000        5.3546271257858900     
           1         232   3.3654088357297529        16.000000000000000        5.3553644513901997     
           1         233   3.3104586043213722        16.000000000000000        5.3551030190410822     
           1         234   3.3311979818527551        16.000000000000000        5.3552278511959797     
           1         235   3.3100066611503665        16.000000000000000        5.3543940670066972     
           1         236   3.2696034022980474        16.000000000000000        5.3542897860160092     
           1         237   10.326814777118241        16.000000000000000        7.5393914553629511     
           1         238   3.3110168537238494        16.000000000000000        5.3543940670066972     
           1         239   3.3390026781428443        16.000000000000000        5.3545081620825385     
           1         240   3.3374128027057166        16.000000000000000        5.3545081620825385     
           1         241   10.288533292937430        16.000000000000000        7.5393862004721788     
           1         242   3.3362196770749577        16.000000000000000        5.3545081620825385     
           1         243   3.7891430558860622        16.000000000000000        5.3913182813305909     
           1         244   3.3232728648978842        16.000000000000000        5.3545081620825385     
           1         245   725.70418653757281        16.000000000000000        698.38558626255679     
           1         246   14.460667073163396        16.000000000000000        7.5992137911807323     
           1         247   3.3227457050760907        16.000000000000000        5.3545081620825385     
           1         248   8.0780584585593438        16.000000000000000        5.7157769600189541     
           1         249   3.3410226326076362        16.000000000000000        5.3546330036510534     
           1         250   3.3232199961817348        16.000000000000000        5.3545081620825385     
           1         251   3.3343855359185888        16.000000000000000        5.3547519654715998     
           1         252   780.63068202425541        16.000000000000000        754.26977192138656     
           1         253   3.3366369393548245        16.000000000000000        5.3545081620825385     
           1         254   3.3518158401173896        16.000000000000000        5.3551030190410822     
           1         255   3.3236370232370098        16.000000000000000        5.3545081620825385     
           1         256   3.3302312264573954        16.000000000000000        5.3545081620825385     
           1         257   3.3066951919625103        16.000000000000000        5.3545081620825385     
           1         258   3.3130765954385981        16.000000000000000        5.3548650647248701     
           1         259   3.6839997991144484        16.000000000000000        5.3870099256579289     
           1         260   10.480422351573210        16.000000000000000        7.5397292233272681     
           1         261   3.3205105645860034        16.000000000000000        5.3545081620825385     
           1         262   3.4379536009587990        16.000000000000000        5.3545536081228313     
           1         263   14.894612824361081        16.000000000000000        10.834747700076958     
           1         264   3.3913533867103158        16.000000000000000        5.3549899006450978     
           1         265   27.497388618848333        16.000000000000000        26.227241005237687     
           1         266   3.2791841932564925        16.000000000000000        5.3542897860160092     
           1         267   3.3216289647784274        16.000000000000000        5.3545081620825385     
           1         268   3.3403263928745668        16.000000000000000        5.3545081620825385     
           1         269   10.208738498539352        16.000000000000000        7.5392249097337372     
           1         270   3.3669383106078774        16.000000000000000        5.3545081620825385     
           1         271   3.3462095740745506        16.000000000000000        5.3545081620825385     
           1         272   3.3734992130067574        16.000000000000000        5.3546826577657383     
           1         273   3.3100024748265544        16.000000000000000        5.3571857753888166     
           1         274   8.0380061958120503        16.000000000000000        5.7153379396834980     
           1         275   3.3131000763134941        16.000000000000000        5.3545081620825385     
           1         276   3.2930291238175524        16.000000000000000        5.3555838942371281     
           1         277   3.6516659477464901        16.000000000000000        5.3884379273524212     
           1         278   3.3458336218462157        16.000000000000000        5.3551030190410822     
           1         279   3.3333741510244024        16.000000000000000        5.3546848120976032     
           1         280   3.3400298936673676        16.000000000000000        5.3555253110103482     
           1         281   3.3090230535281013        16.000000000000000        5.3545081620825385     
           1         282   3.2974467606533633        16.000000000000000        5.3549889325655560     
           1         283   13.607861548034041        16.000000000000000        7.6215361371786363     
           1         284   3.3099754261590655        16.000000000000000        5.3545081620825385     
           1         285   3.3099643619951435        16.000000000000000        5.3545081620825385     
           1         286   3.3753219514063710        16.000000000000000        5.3556619060526147     
           1         287   3.3045914902786526        16.000000000000000        5.3545130324301704     
           1         288   3.3519605129529313        16.000000000000000        5.3573105746019056     
           1         289   3.2679245103214050        16.000000000000000        5.3544087530110112     
           1         290   3.3381547661786444        16.000000000000000        5.3543940670066972     
           1         291   3.3388274433977139        16.000000000000000        5.3545081620825385     
           1         292   3.2802186397035138        16.000000000000000        5.3548846594325230     
           1         293   3.6382194068148874        16.000000000000000        5.3883194973098965     
           1         294   3.3055667569411558        16.000000000000000        5.3551030190410822     
           1         295   3.3205792991357161        16.000000000000000        5.3548650647248701     
           1         296   3.3449555335851713        16.000000000000000        5.3545081620825385     
           1         297   3.3174433180634533        16.000000000000000        5.3546271257858900     
           1         298   3.3362409592351270        16.000000000000000        5.3570129705765215     
           1         299   3.3114250404094459        16.000000000000000        5.3546271257858900     
           1         300   3.3082446491198056        16.000000000000000        5.3554004835620113     
           1         301   3.3402851570213290        16.000000000000000        5.3545081620825385     
           1         302   3.3248100527638025        16.000000000000000        5.3545081620825385     
           1         303   8.2166649201830317        16.000000000000000        5.7145568932202995     
           1         304   3.3701198121031468        16.000000000000000        5.3549105106077146     
           1         305   3.4883768147998393        16.000000000000000        5.3883194973098965     
           1         306   3.3565334107723004        16.000000000000000        5.3555838942371281     
           1         307   3.4216783502205153        16.000000000000000        5.3554459292087335     
           1         308   3.3914320290393269        16.000000000000000        5.3545546428834170     
           1         309   3.3064215630210301        16.000000000000000        5.3545130324301704     
           1         310   3.3633224146400162        16.000000000000000        5.3546330036510534     
           1         311   3.3122844254034272        16.000000000000000        5.3546271257858900     
           1         312   3.2901875716716180        16.000000000000000        5.3543940670066972     
           1         313   3.3332565137612371        16.000000000000000        5.3552278511959797     
           1         314   3.3234879551341510        16.000000000000000        5.3546271257858900     
           1         315   3.3790665950280254        16.000000000000000        5.3552278511959797     
           1         316   3.3468102897483472        16.000000000000000        5.3545081620825385     
           1         317   3.3069742207550452        16.000000000000000        5.3545081620825385     
           1         318   3.3446510636773725        16.000000000000000        5.3552278511959797     
           1         319   3.3803508736806944        16.000000000000000        5.3547519654715998     
           1         320   3.3007471091187082        16.000000000000000        5.3552864013863024     
           1         321   10.286414290988493        16.000000000000000        7.5393862004721788     
           1         322   3.3063761644504228        16.000000000000000        5.3551030190410822     
           1         323   11.992133906594397        16.000000000000000        7.6104360960256159     
           1         324   3.3785289280005935        16.000000000000000        5.3549105106077146     
           1         325   3.3767985276375234        16.000000000000000        5.3572312202484671     
           1         326   3.3346350365200568        16.000000000000000        5.3545081620825385     
           1         327   3.3188071462554558        16.000000000000000        5.3551030190410822     
           1         328   3.3191252979722994        16.000000000000000        5.3545081620825385     
           1         329   3.3281117396787900        16.000000000000000        5.3545081620825385     
           1         330   3.3581376634432609        16.000000000000000        5.3545536081228313     
           1         331   3.3233008126717145        16.000000000000000        5.3548650647248701     
           1         332   8.1151085097442763        16.000000000000000        5.7148888969430711     
           1         333   10.421265957707996        16.000000000000000        7.5406354043435808     
           1         334   3.3076958853873042        16.000000000000000        5.3554004835620113     
           1         335   3.3285851002243256        16.000000000000000        5.3545081620825385     
           1         336   11.764489801441204        16.000000000000000        7.5880098217178711     
           1         337   3.3259198536082426        16.000000000000000        5.3551030190410822     
           1         338   10.454474548097378        16.000000000000000        7.5394504461840359     
           1         339   3.3057679892105760        16.000000000000000        5.3546271257858900     
           1         340   3.7016805686324066        16.000000000000000        5.3886747990565746     
           1         341   3.3048635782263860        16.000000000000000        5.3545081620825385     
           1         342   3.3062243904323556        16.000000000000000        5.3545081620825385     
           1         343   11.498079427698306        16.000000000000000        7.5876782063137052     
           1         344   3.2817953876893462        16.000000000000000        5.3554796289612359     
           1         345   3.3190387774880503        16.000000000000000        5.3554004835620113     
           1         346   3.3177219410470884        16.000000000000000        5.3556979721131226     
           1         347   3.3063218285567930        16.000000000000000        5.3546271257858900     
           1         348   3.3292116951217694        16.000000000000000        5.3545081620825385     
           1         349   3.3338631950417064        16.000000000000000        5.3552278511959797     
           1         350   3.3124036329967397        16.000000000000000        5.3548650647248701     
           1         351   3.3219076357465021        16.000000000000000        5.3546271257858900     
           1         352   3.3417055685899251        16.000000000000000        5.3545081620825385     
           1         353   10.397461788176017        16.000000000000000        7.5393862004721788     
           1         354   3.3170759425616150        16.000000000000000        5.3548650647248701     
           1         355   3.3206754827250622        16.000000000000000        5.3545081620825385     
           1         356   10.489161080266740        16.000000000000000        7.5397292233272681     
           1         357   10.243169019427594        16.000000000000000        7.5393862004721788     
           1         358   3.3438803384019051        16.000000000000000        5.3547519654715998     
           1         359   3.3127352784502273        16.000000000000000        5.3545081620825385     
           1         360   3.3116684107373473        16.000000000000000        5.3545081620825385     
           1         361   3.3233473004962453        16.000000000000000        5.3554004835620113     
           1         362   3.3200497916937293        16.000000000000000        5.3545081620825385     
           1         363   3.3125912116021197        16.000000000000000        5.3546271257858900     
           1         364   3.2880676709334464        16.000000000000000        5.3545130324301704     
           1         365   8.1521802807045312        16.000000000000000        5.7145568932202995     
           1         366   3.3604396599913904        16.000000000000000        5.3547696141498893     
           1         367   10.445976102533253        16.000000000000000        7.5399500915399056     
           1         368   3.3608490379016116        16.000000000000000        5.3546330036510534     
           1         369   3.4044654978581836        16.000000000000000        5.3545536081228313     
           1         370   3.3449456949478291        16.000000000000000        5.3552202455323918     
           1         371   3.3217980930574194        16.000000000000000        5.3570717190089532     
           1         372   10.359260666455462        16.000000000000000        7.5393862004721788     
           1         373   3.3208099585475885        16.000000000000000        5.3545081620825385     
           1         374   3.3181630947361329        16.000000000000000        5.3546271257858900     
           1         375   3.2737974643308112        16.000000000000000        5.3544087530110112     
           1         376   3.4610769744005196        16.000000000000000        5.3561682009516423     
           1         377   3.4218729259432235        16.000000000000000        5.3548238861182726     
           1         378   3.3060277808307261        16.000000000000000        5.3551030190410822     
           1         379   3.3138362439088169        16.000000000000000        5.3545081620825385     
           1         380   3.4206799865579609        16.000000000000000        5.3554459292087335     
           1         381   3.4308399633148743        16.000000000000000        5.3545536081228313     
           1         382   3.4131914420744964        16.000000000000000        5.3545536081228313     
           1         383   3.5416851569973096        16.000000000000000        5.3895039720362758     
           1         384   3.6377468745925841        16.000000000000000        5.3883194973098965     
           1         385   7.2324038348694337        16.000000000000000        3.3237898217518937     
           1         386   10.368896184523535        16.000000000000000        7.5393862004721788     
           1         387   3.3548808483927219        16.000000000000000        5.3549899006450978     
           1         388   3.5006288294156906        16.000000000000000        5.3883194973098965     
           1         389   8.0263405608011489        16.000000000000000        5.7148888969430711     
           1         390   3.3151250985798222        16.000000000000000        5.3546271257858900     
           1         391   3.3900552724586768        16.000000000000000        5.3551265049611292     
           1         392   12.088231940173786        16.000000000000000        7.5768026010375982     
           1         393   3.2963910851964853        16.000000000000000        5.3543940670066972     
           1         394   3.3050566491189239        16.000000000000000        5.3545081620825385     
           1         395   9.4983147598753650        16.000000000000000        5.7434331122766435     
           1         396   3.6813172191103267        16.000000000000000        5.3909851102652588     
           1         397   3.3178419551045892        16.000000000000000        5.3546271257858900     
           1         398   10.415001142823215        16.000000000000000        7.5428945061240364     
           1         399   3.3332905731760216        16.000000000000000        5.3545081620825385     
           1         400   3.3039313778024741        16.000000000000000        5.3545130324301704     
           1         401   3.3173354378245175        16.000000000000000        5.3554004835620113     
           1         402   3.3916916159163772        16.000000000000000        5.3571495398619575     
           1         403   3.3763615113160523        16.000000000000000        5.3545536081228313     
           1         404   11.888849353819095        16.000000000000000        7.5876782063137052     
           1         405   3.3132274474177525        16.000000000000000        5.3546271257858900     
           1         406   3.3171637903736011        16.000000000000000        5.3548650647248701     
           1         407   3.3827651303711592        16.000000000000000        5.3557434176286423     
           1         408   12.214114826458236        16.000000000000000        7.5880098217178711     
           1         409   3.3584038563519059        16.000000000000000        5.3552278511959797     
           1         410   3.3981442450448309        16.000000000000000        5.3546826577657383     
           1         411   3.3716517326927451        16.000000000000000        5.3551484648189813     
           2           1   3.3249148859902831        17.000000000000000        7.8705038442473088     
           2           2   3.4279050655708927        17.000000000000000        7.8705161865158191     
           2           3   3.3511359453567020        17.000000000000000        7.8700498969452468     
           2           4   3.3903794276979826        17.000000000000000        7.8707049104986142     
           2           5   3.3203394223476494        17.000000000000000        7.8700498969452468     
           2           6   3.3243655002222865        17.000000000000000        7.8700498969452468     
           2           7   3.3361999841387484        17.000000000000000        7.8700498969452468     
           2           8   17.968657120849961        17.000000000000000        15.646299240140372     
           2           9   3.3165174612108692        17.000000000000000        7.8700498969452468     
           2          10   3.3353356568485752        17.000000000000000        7.8705038442473088     
           2          11   3.3271892140922348        17.000000000000000        7.8708064977800190     
           2          12   7.9896369200168724        17.000000000000000        8.3678659917747247     
           2          13   3.3011107018283377        17.000000000000000        7.8707179119686819     
           2          14   3.2985855740267178        17.000000000000000        7.8698798224644717     
           2          15   3.3407737485591658        17.000000000000000        7.8701462249417355     
           2          16   3.3161352211656023        17.000000000000000        7.8704152559611460     
           2          17   3.3260780859917904        17.000000000000000        7.8711848394453314     
           2          18   3.3286763416926028        17.000000000000000        7.8700498969452468     
           2          19   3.3225475487138456        17.000000000000000        7.8702012083130928     
           2          20   3.3214749388024005        17.000000000000000        7.8734554670306380     
           2          21   3.2754997643842558        17.000000000000000        7.8698798224644717     
           2          22   3.3275272013522033        17.000000000000000        7.8708064977800190     
           2          23   3.3454338166978888        17.000000000000000        7.8711848394453314     
           2          24   3.3425271312677425        17.000000000000000        7.8702012083130928     
           2          25   3.3176504121541939        16.000000000000000        7.8700498969452468     
           2          26   3.3148197256632836        16.000000000000000        7.8700498969452468     
           2          27   3.5018162105263895        16.000000000000000        7.8718682536732185     
           2          28   3.3508820256211025        16.000000000000000        7.8702012083130928     
           2          29   3.3357749224942426        16.000000000000000        7.8711848394453314     
           2          30   13.392765817805536        16.000000000000000        10.842880972042293     
           2          31   57.977582746070922        16.000000000000000        54.829478955497208     
           2          32   3.3112958679596987        16.000000000000000        7.8707179119686819     
           2          33   3.3259777844392096        16.000000000000000        7.8710962567273572     
           2          34   3.3189340351824943        16.000000000000000        7.8711848394453314     
           2          35   3.3456874394407983        16.000000000000000        7.8700498969452468     
           2          36   3.3519121038279405        16.000000000000000        7.8702975349637709     
           2          37   3.3491875210258217        16.000000000000000        7.8701462249417355     
           2          38   3.3416779227510949        16.000000000000000        7.8700498969452468     
           2          39   3.3194545635457637        16.000000000000000        7.8700498969452468     
           2          40   3.3347410563224527        16.000000000000000        7.8708064977800190     
           2          41   3.3304868161338961        16.000000000000000        7.8700498969452468     
           2          42   3.3439402146389061        16.000000000000000        7.8702975349637709     
           2          43   3.3306302997490067        16.000000000000000        7.8705038442473088     
           2          44   3.3189604867474118        16.000000000000000        7.8708064977800190     
           2          45   3.3938637237491873        16.000000000000000        7.8708088319380787     
           2          46   3.3504422579288025        16.000000000000000        7.8730769603289943     
           2          47   83.954283609926364        16.000000000000000        79.153192041117322     
           2          48   3.3506984310222743        16.000000000000000        7.8700498969452468     
           2          49   57.946898611524482        16.000000000000000        56.296838346988942     
           2          50   12.849025934547004        16.000000000000000        9.5355075638305724     
           2          51   3.3185741925380641        16.000000000000000        7.8700498969452468     
           2          52   3.4657307510186866        16.000000000000000        7.8713886426074327     
           2          53   3.3181964040533272        16.000000000000000        7.8702012083130928     
           2          54   3.3480780315191403        16.000000000000000        7.8716595231506217     
           2          55   3.3602473739051946        16.000000000000000        7.8702012083130928     
           2          56   3.5258959530476144        16.000000000000000        7.8708670159288143     
           2          57   3.3179923659852770        16.000000000000000        7.8700498969452468     
           2          58   3.3802783739848064        16.000000000000000        7.8715632086119047     
           2          59   3.3284515849148044        16.000000000000000        7.8700498969452468     
           2          60   3.2872914756529075        16.000000000000000        7.8706364351754932     
           2          61   86.040113189263934        16.000000000000000        82.051849748094185     
           2          62   3.3889053503885549        16.000000000000000        7.8734554670306380     
           2          63   3.4053956095805993        16.000000000000000        7.8705161865158191     
           2          64   3.3728914266508103        16.000000000000000        7.8707049104986142     
           2          65   3.3098208787972836        16.000000000000000        7.8703337768924158     
           2          66   10.167926979325154        16.000000000000000        9.4305318444799937     
           2          67   3.2769440940965251        16.000000000000000        7.8703337768924158     
           2          68   3.3171188283692232        16.000000000000000        7.8700498969452468     
           2          69   3.3422339882590881        16.000000000000000        7.8701147692457658     
           2          70   3.3620299711297350        16.000000000000000        7.8709028190473767     
           2          71   3.3215636803378081        16.000000000000000        7.8700498969452468     
           2          72   3.3800698305640404        16.000000000000000        7.8710075584120398     
           2          73   3.3282219951687422        16.000000000000000        7.8700498969452468     
           2          74   3.2984050257646529        16.000000000000000        7.8710962567273572     
           2          75   3.3718332153116073        16.000000000000000        7.8702012083130928     
           2          76   3.3203556572833857        16.000000000000000        7.8700498969452468     
           2          77   3.3226059796483653        16.000000000000000        7.8705038442473088     
           2          78   3.3814828771258538        16.000000000000000        7.8704022801836997     
           2          79   3.3327568073317866        16.000000000000000        7.8708064977800190     
           2          80   11.466226025818719        16.000000000000000        9.5359259322346812     
           2          81   3.3166860472917161        16.000000000000000        7.8700498969452468     
           2          82   3.3148095970743525        16.000000000000000        7.8701126175520653     
           2          83   3.3726596324635012        16.000000000000000        7.8702012083130928     
           2          84   3.3592704152450841        16.000000000000000        7.8702012083130928     
           2          85   12.019253148219544        16.000000000000000        9.5383896393390675     
           2          86   3.3776493832805747        16.000000000000000        7.8700522311159817     
           2          87   3.3409063506345316        16.000000000000000        7.8700498969452468     
           2          88   10.360799031624866        16.000000000000000        9.4315489732987619     
           2          89   3.3266982928282012        16.000000000000000        7.8702012083130928     
           2          90   3.3382891157241148        16.000000000000000        7.8700498969452468     
           2          91   3.4085424583279238        16.000000000000000        7.8702035424812955     
           2          92   3.2951808315243425        16.000000000000000        7.8707179119686819     
           2          93   3.3213090913044057        16.000000000000000        7.8715632086119047     
           2          94   3.3198551315970612        16.000000000000000        7.8700498969452468     
           2          95   3.3880910624103637        16.000000000000000        7.8707200636526879     
           2          96   8.0350675670853295        16.000000000000000        8.3668418668956210     
           2          97   3.3514458502171238        16.000000000000000        7.8701462249417355     
           2          98   3.3688961639699353        16.000000000000000        7.8708088319380787     
           2          99   3.3240955075573067        16.000000000000000        7.8700498969452468     
           2         100   3.3234118351676987        16.000000000000000        7.8715632086119047     
           2         101   3.3196005391941790        16.000000000000000        7.8706364351754932     
           2         102   3.3923540052147572        16.000000000000000        7.8700522311159817     
           2         103   3.3209878315543304        16.000000000000000        7.8711848394453314     
           2         104   3.2788307767857519        16.000000000000000        7.8713931578827463     
           2         105   3.2972443647788774        16.000000000000000        7.8704152559611460     
           2         106   3.3327750449631202        16.000000000000000        7.8700498969452468     
           2         107   3.9505712540497768        16.000000000000000        7.8720018872726101     
           2         108   3.3861258372380134        16.000000000000000        7.8709053519969441     
           2         109   3.3214510763490592        16.000000000000000        7.8700498969452468     
           2         110   3.3976412681878037        16.000000000000000        7.8712811573483235     
           2         111   3.3326018067695502        16.000000000000000        7.8711848394453314     
           2         112   3.3446949593831463        16.000000000000000        7.8702975349637709     
           2         113   3.3229216511703203        16.000000000000000        7.8711848394453314     
           2         114   8.1519083082569708        16.000000000000000        8.3676452205735359     
           2         115   3.3509681340817052        16.000000000000000        7.8704174076500086     
           2         116   3.6041193796909421        16.000000000000000        7.8740389329782330     
           2         117   10.813345464631634        16.000000000000000        8.7781007319468110     
           2         118   11.993707491530939        16.000000000000000        9.4322534679986827     
           2         119   12.688710482584716        16.000000000000000        9.5356813554187259     
           2         120   3.3423650874841182        16.000000000000000        7.8716595231506217     
           2         121   3.6229901028343479        16.000000000000000        7.8713209347628927     
           2         122   3.4356763854338532        16.000000000000000        7.8733918549048001     
           2         123   3.3490785493516073        16.000000000000000        7.8702975349637709     
           2         124   3.3294884582754292        16.000000000000000        7.8702012083130928     
           2         125   3.4090560968212413        16.000000000000000        7.8701487579046159     
           2         126   3.3785049422100513        16.000000000000000        7.8708088319380787     
           2         127   15.751776269220816        16.000000000000000        15.740880961786456     
           2         128   3.3058969900532973        16.000000000000000        7.8714746289872517     
           2         129   3.3094815496420074        16.000000000000000        7.8707179119686819     
           2         130   3.2816017450091617        16.000000000000000        7.8710147827786283     
           2         131   3.2990880508936002        16.000000000000000        7.8699613049467869     
           2         132   21.977723545476636        16.000000000000000        16.752306436391375     
           2         133   198.66751456919138        16.000000000000000        190.88373473710732     
           2         134   3.2971689684499745        16.000000000000000        7.8710962567273572     
           2         135   3.3235851594825507        16.000000000000000        7.8705038442473088     
           2         136   83.445408522457569        16.000000000000000        78.207060353230204     
           2         137   3.3051118310383734        16.000000000000000        7.8707179119686819     
           2         138   3.3149969977894762        16.000000000000000        7.8700498969452468     
           2         139   3.3686726639686269        16.000000000000000        7.8731732614117451     
           2         140   8.0761473061031559        16.000000000000000        8.3668418668956210     
           2         141   139.91061682379521        16.000000000000000        127.16672770081080     
           2         142   284.01756738890055        16.000000000000000        272.06439549988926     
           2         143   3.3824570933808547        16.000000000000000        7.8716595231506217     
           2         144   3.2828920386885225        16.000000000000000        7.8700311362076159     
           2         145   3.3569290937031897        16.000000000000000        7.8706001682062725     
           2         146   4.0169819042599499        16.000000000000000        7.8742723726821531     
           2         147   3.3169777887687371        16.000000000000000        7.8700498969452468     
           2         148   3.7544035862321095        16.000000000000000        7.8710183178065583     
           2         149   3.7192608501893858        16.000000000000000        7.8718682536732185     
           2         150   197.29920682540683        16.000000000000000        184.92196230310881     
           2         151   257.47666629531568        16.000000000000000        247.82671016480484     
           2         152   3.3417825804715511        16.000000000000000        7.8701462249417355     
           2         153   3.3310864101891178        16.000000000000000        7.8700498969452468     
           2         154   3.6784991220372176        16.000000000000000        7.8708670159288143     
           2         155   3.3346068789622532        16.000000000000000        7.8700498969452468     
           2         156   3.3772248282444068        16.000000000000000        7.8716595231506217     
           2         157   3.3327927965980875        16.000000000000000        7.8702012083130928     
           2         158   10.237609268120186        16.000000000000000        9.4300879400170228     
           2         159   3.6111170920679183        16.000000000000000        7.8710121041606316     
           2         160   3.3681794373726071        16.000000000000000        7.8701462249417355     
           2         161   10.353481815887292        16.000000000000000        9.4342590280443801     
           2         162   10.420218869086174        16.000000000000000        9.4310974116232060     
           2         163   3.3164611021854378        16.000000000000000        7.8700498969452468     
           2         164   3.3172664355531452        16.000000000000000        7.8702012083130928     
           2         165   3.6459629915714316        16.000000000000000        7.8708670159288143     
           2         166   3.3220963816747426        16.000000000000000        7.8700498969452468     
           2         167   3.3344573364825596        16.000000000000000        7.8700498969452468     
           2         168   3.3352220020149366        16.000000000000000        7.8711848394453314     
           2         169   3.3915731424097340        16.000000000000000        7.8702509716256221     
           2         170   8.1416629296396881        16.000000000000000        8.3673263487962952     
           2         171   3.6204701884042625        16.000000000000000        7.8708670159288143     
           2         172   3.6403077069882972        16.000000000000000        7.8710183178065583     
           2         173   3.3742677092049753        16.000000000000000        7.8706001682062725     
           2         174   3.5788379074955170        16.000000000000000        7.8708670159288143     
           2         175   10.452737359066898        16.000000000000000        9.4308519219350568     
           2         176   57.984396536313099        16.000000000000000        56.787211494549361     
           2         177   3.5590390022603362        16.000000000000000        7.8718682536732185     
           2         178   3.3387544263228146        16.000000000000000        7.8705038442473088     
           2         179   3.3569721741019896        16.000000000000000        7.8700498969452468     
           2         180   10.370380017231829        16.000000000000000        9.4303749807458370     
           2         181   10.442693845521461        16.000000000000000        9.4310974116232060     
           2         182   7.9465994789651457        16.000000000000000        8.3666608986008129     
           2         183   3.3747047600010540        16.000000000000000        7.8717642551966485     
           2         184   3.3303433977822512        16.000000000000000        7.8700498969452468     
           2         185   3.3825420704507829        16.000000000000000        7.8708088319380787     
           2         186   3.3846017192774887        16.000000000000000        7.8700522311159817     
           2         187   3.3199840351168364        16.000000000000000        7.8700498969452468     
           2         188   3.5657049099400959        16.000000000000000        7.8716235693210512     
           2         189   3.3304981124085717        16.000000000000000        7.8705038442473088     
           2         190   3.3227456631246013        16.000000000000000        7.8700498969452468     
           2         191   3.3300976143123826        16.000000000000000        7.8700498969452468     
           2         192   3.3768764423116608        16.000000000000000        7.8702035424812955     
           2         193   3.3760712370658057        16.000000000000000        7.8715655427572662     
           2         194   4.4226437973651613        16.000000000000000        7.8717686463210210     
           2         195   10.365612892716602        16.000000000000000        9.4301943860647750     
           2         196   3.3510596038897820        16.000000000000000        7.8700498969452468     
           2         197   3.5236801906575157        16.000000000000000        7.8718682536732185     
           2         198   3.2836793563183120        16.000000000000000        7.8698798224644717     
           2         199   3.3158532888067227        16.000000000000000        7.8700498969452468     
           2         200   3.3359282047724719        16.000000000000000        7.8700498969452468     
           2         201   8.1231706845539104        16.000000000000000        8.3670025283087153     
           2         202   3.3366025497743430        16.000000000000000        7.8700498969452468     
           2         203   3.3488994983517220        16.000000000000000        7.8705038442473088     
           2         204   3.3147263425288904        16.000000000000000        7.8700498969452468     
           2         205   3.3264794135301550        16.000000000000000        7.8700498969452468     
           2         206   3.3093241471317616        16.000000000000000        7.8733669028708491     
           2         207   3.3108983411958155        16.000000000000000        7.8701126175520653     
           2         208   3.3163380125510096        16.000000000000000        7.8729069333480917     
           2         209   3.3731735710078032        16.000000000000000        7.8700498969452468     
           2         210   3.3281029088775718        16.000000000000000        7.8708064977800190     
           2         211   3.3380003681749271        16.000000000000000        7.8711848394453314     
           2         212   3.5295813423191427        16.000000000000000        7.8708846707641715     
           2         213   10.421164261483865        16.000000000000000        9.4301943860647750     
           2         214   3.3010704714066605        16.000000000000000        7.8701126175520653     
           2         215   3.3166923862071021        16.000000000000000        7.8700498969452468     
           2         216   3.3253035209523425        16.000000000000000        7.8700498969452468     
           2         217   10.459126935781820        16.000000000000000        9.4321162924377120     
           2         218   3.3291162280666859        16.000000000000000        7.8700498969452468     
           2         219   142.03009892581798        16.000000000000000        133.06889864852147     
           2         220   3.3206586639659719        16.000000000000000        7.8715632086119047     
           2         221   334.20153624932635        16.000000000000000        321.08102744811526     
           2         222   3.3190377373233306        16.000000000000000        7.8708064977800190     
           2         223   3.2830626399195495        16.000000000000000        7.8700311362076159     
           2         224   362.27807190046269        16.000000000000000        355.57777000204243     
           2         225   4.6281252480972999        16.000000000000000        7.8717945344542448     
           2         226   558.15861313643109        16.000000000000000        538.12383932198122     
           2         227   4.5145548093319299        16.000000000000000        7.8724754539531894     
           2         228   10.251628121405798        16.000000000000000        9.4299900362293858     
           2         229   10.382407085906253        16.000000000000000        9.4300905253613152     
           2         230   388.98429763049182        16.000000000000000        368.81392813945826     
           2         231   3.3371429802109489        16.000000000000000        7.8700498969452468     
           2         232   3.3217303489721450        16.000000000000000        7.8711848394453314     
           2         233   3.3744010887712812        16.000000000000000        7.8710075584120398     
           2         234   3.3163474000745952        16.000000000000000        7.8708064977800190     
           2         235   3.3732108716734843        16.000000000000000        7.8735517647497035     
           2         236   3.3207167578509997        16.000000000000000        7.8702012083130928     
           2         237   10.433104294611212        16.000000000000000        9.4310974116232060     
           2         238   3.4005767019401820        16.000000000000000        7.8702509716256221     
           2         239   3.3499856740718461        16.000000000000000        7.8711848394453314     
           2         240   3.3241868456169774        16.000000000000000        7.8701126175520653     
           2         241   10.319112228544371        16.000000000000000        9.4301943860647750     
           2         242   3.3459694656357444        16.000000000000000        7.8700498969452468     
           2         243   3.6683490452744292        16.000000000000000        7.8713668212195680     
           2         244   3.3331294601579007        16.000000000000000        7.8700498969452468     
           2         245   725.99670964009090        16.000000000000000        697.06536324673561     
           2         246   13.743660306371110        16.000000000000000        9.4317179502145834     
           2         247   3.3331137822588404        16.000000000000000        7.8705038442473088     
           2         248   8.1617933146421500        16.000000000000000        8.3671050249659551     
           2         249   3.3510967265820586        16.000000000000000        7.8702975349637709     
           2         250   3.3105392481254223        16.000000000000000        7.8699613049467869     
           2         251   3.3459545917326574        16.000000000000000        7.8716595231506217     
           2         252   779.53080216837520        16.000000000000000        744.81626901051766     
           2         253   3.3463932594473542        16.000000000000000        7.8700498969452468     
           2         254   3.3602476215509789        16.000000000000000        7.8700498969452468     
           2         255   3.3348013372762875        16.000000000000000        7.8711848394453314     
           2         256   3.4309333938390454        16.000000000000000        7.8703648795499781     
           2         257   3.3184806711523591        16.000000000000000        7.8715632086119047     
           2         258   3.3230073046440571        16.000000000000000        7.8705038442473088     
           2         259   3.6916394881826085        16.000000000000000        7.8708846707641715     
           2         260   10.423395726118741        16.000000000000000        9.4301943860647750     
           2         261   3.3303806107564662        16.000000000000000        7.8700498969452468     
           2         262   3.4472583233544403        16.000000000000000        7.8702035424812955     
           2         263   14.927666571428830        16.000000000000000        12.981819653713448     
           2         264   3.3719786666328160        16.000000000000000        7.8700498969452468     
           2         265   27.494391024786225        16.000000000000000        26.197233702673380     
           2         266   3.3103773153435756        16.000000000000000        7.8714746289872517     
           2         267   3.3870369444032895        16.000000000000000        7.8704022801836997     
           2         268   3.3768527061974214        16.000000000000000        7.8702975349637709     
           2         269   10.477900883923471        16.000000000000000        9.4306165746757671     
           2         270   3.4043802213673668        16.000000000000000        7.8701462249417355     
           2         271   3.3864715773004086        16.000000000000000        7.8731732614117451     
           2         272   3.3559963277779743        16.000000000000000        7.8700522311159817     
           2         273   3.3165767167123250        16.000000000000000        7.8705038442473088     
           2         274   8.1148437176915262        16.000000000000000        8.3668418668956210     
           2         275   3.3230418355904332        16.000000000000000        7.8700498969452468     
           2         276   3.3025359277096840        16.000000000000000        7.8710962567273572     
           2         277   3.6593976343634544        16.000000000000000        7.8708670159288143     
           2         278   3.3545432611869357        16.000000000000000        7.8700498969452468     
           2         279   3.3902881528377158        16.000000000000000        7.8700522311159817     
           2         280   3.3232806327086202        16.000000000000000        7.8700498969452468     
           2         281   3.3190131021941247        16.000000000000000        7.8700498969452468     
           2         282   3.3549332199674158        16.000000000000000        7.8706001682062725     
           2         283   14.365549712314571        16.000000000000000        9.4323043917553679     
           2         284   3.3464017413900620        16.000000000000000        7.8712811573483235     
           2         285   3.2985992823193331        16.000000000000000        7.8704152559611460     
           2         286   3.3549421953549712        16.000000000000000        7.8706001682062725     
           2         287   3.3369071412552014        16.000000000000000        7.8700498969452468     
           2         288   3.3320609541389410        16.000000000000000        7.8700498969452468     
           2         289   3.3185122394204662        16.000000000000000        7.8700498969452468     
           2         290   3.4006199766810621        16.000000000000000        7.8706001682062725     
           2         291   3.3052218516048359        16.000000000000000        7.8700311362076159     
           2         292   3.4204305844815361        16.000000000000000        7.8703648795499781     
           2         293   3.6018352436797314        16.000000000000000        7.8718682536732185     
           2         294   3.3147150606541680        16.000000000000000        7.8700498969452468     
           2         295   3.3299446065499341        16.000000000000000        7.8700498969452468     
           2         296   3.3312745118839269        16.000000000000000        7.8701126175520653     
           2         297   3.3271826783401397        16.000000000000000        7.8700498969452468     
           2         298   3.3177110278233433        16.000000000000000        7.8700498969452468     
           2         299   3.3217344045867416        16.000000000000000        7.8705038442473088     
           2         300   3.3187039929485480        16.000000000000000        7.8715632086119047     
           2         301   3.3775275039089911        16.000000000000000        7.8709028190473767     
           2         302   3.3155204312818096        16.000000000000000        7.8729883930764828     
           2         303   8.2394904642843265        16.000000000000000        8.3668443505816814     
           2         304   3.3789777353968646        16.000000000000000        7.8700522311159817     
           2         305   3.4964201767020002        16.000000000000000        7.8708670159288143     
           2         306   3.3669952886985657        16.000000000000000        7.8729883930764828     
           2         307   3.4032881435219204        16.000000000000000        7.8710984084052980     
           2         308   3.4605523805503093        16.000000000000000        7.8703000679239912     
           2         309   3.2962230419600624        16.000000000000000        7.8698798224644717     
           2         310   3.3265158952247487        16.000000000000000        7.8729883930764828     
           2         311   3.3229347391416013        16.000000000000000        7.8708064977800190     
           2         312   3.3003209695615388        16.000000000000000        7.8701126175520653     
           2         313   3.3173903334376407        16.000000000000000        7.8700498969452468     
           2         314   3.3331618328978343        16.000000000000000        7.8700498969452468     
           2         315   3.3609684434644396        16.000000000000000        7.8705038442473088     
           2         316   3.3564808628291676        16.000000000000000        7.8702012083130928     
           2         317   3.3706402241623068        16.000000000000000        7.8702509716256221     
           2         318   3.3549906286914566        16.000000000000000        7.8712811573483235     
           2         319   3.3620579155672816        16.000000000000000        7.8700498969452468     
           2         320   3.3317125507252148        16.000000000000000        7.8700498969452468     
           2         321   10.252114310035273        16.000000000000000        9.4314425384017628     
           2         322   3.3707627247200698        16.000000000000000        7.8717642551966485     
           2         323   12.247800892990961        16.000000000000000        9.4316143441714964     
           2         324   3.3872542495292457        16.000000000000000        7.8702035424812955     
           2         325   3.3819779145810887        16.000000000000000        7.8702035424812955     
           2         326   3.3443765525682054        16.000000000000000        7.8700498969452468     
           2         327   3.3055865046383350        16.000000000000000        7.8699613049467869     
           2         328   3.3067929193371679        16.000000000000000        7.8701126175520653     
           2         329   3.3380061596976409        16.000000000000000        7.8702012083130928     
           2         330   3.3968365840765298        16.000000000000000        7.8712836902912251     
           2         331   3.3325665162911342        16.000000000000000        7.8700498969452468     
           2         332   8.0300073978032298        16.000000000000000        8.3678659917747247     
           2         333   10.446899037734257        16.000000000000000        9.4307361857535685     
           2         334   3.3163854933091841        16.000000000000000        7.8700498969452468     
           2         335   3.3155056096536626        16.000000000000000        7.8699613049467869     
           2         336   11.778411885472012        16.000000000000000        9.4311761847311502     
           2         337   3.3348907041182847        16.000000000000000        7.8700498969452468     
           2         338   10.677503560157408        16.000000000000000        9.4313422957510014     
           2         339   3.2939641985682391        16.000000000000000        7.8699613049467869     
           2         340   3.6653839456021302        16.000000000000000        7.8714899305515278     
           2         341   3.2938102667707536        16.000000000000000        7.8704152559611460     
           2         342   3.3162432373914030        16.000000000000000        7.8700498969452468     
           2         343   11.674373309034991        16.000000000000000        9.4315310935186769     
           2         344   3.3892482518568623        16.000000000000000        7.8717642551966485     
           2         345   3.3276075213765810        16.000000000000000        7.8700498969452468     
           2         346   3.3514848228084499        16.000000000000000        7.8702975349637709     
           2         347   3.3174905417609866        16.000000000000000        7.8711848394453314     
           2         348   3.3395455535289131        16.000000000000000        7.8705038442473088     
           2         349   3.2777896395842818        16.000000000000000        7.8703337768924158     
           2         350   3.3470556288559652        16.000000000000000        7.8701462249417355     
           2         351   3.3104573705741753        16.000000000000000        7.8710962567273572     
           2         352   3.3512050371722850        16.000000000000000        7.8700498969452468     
           2         353   10.427293774551051        16.000000000000000        9.4301943860647750     
           2         354   3.3264393997014525        16.000000000000000        7.8700498969452468     
           2         355   3.3564243741475055        16.000000000000000        7.8702975349637709     
           2         356   10.432888253106986        16.000000000000000        9.4301943860647750     
           2         357   10.274288798949369        16.000000000000000        9.4301943860647750     
           2         358   3.3065580388200129        16.000000000000000        7.8707179119686819     
           2         359   3.2815257355534957        16.000000000000000        7.8698798224644717     
           2         360   3.3798035628640575        16.000000000000000        7.8736564785013883     
           2         361   3.4221858522283397        16.000000000000000        7.8711214583752849     
           2         362   3.3304508049748955        16.000000000000000        7.8705038442473088     
           2         363   3.3477959998075515        16.000000000000000        7.8702975349637709     
           2         364   3.2788484072180339        16.000000000000000        7.8698798224644717     
           2         365   8.1745874661310580        16.000000000000000        8.3668443505816814     
           2         366   3.3417609447754426        16.000000000000000        7.8701462249417355     
           2         367   10.473467326978218        16.000000000000000        9.4301971906592463     
           2         368   3.3438524372635894        16.000000000000000        7.8700498969452468     
           2         369   3.3874240861062130        16.000000000000000        7.8704174076500086     
           2         370   3.3539884824715580        16.000000000000000        7.8706384193296941     
           2         371   3.3790810255418822        16.000000000000000        7.8712811573483235     
           2         372   10.317543585223993        16.000000000000000        9.4302685361848759     
           2         373   3.3306836736053991        16.000000000000000        7.8700498969452468     
           2         374   3.3278883095569074        16.000000000000000        7.8700498969452468     
           2         375   3.3801064845339210        16.000000000000000        7.8707049104986142     
           2         376   3.3718293232762329        16.000000000000000        7.8702035424812955     
           2         377   3.4694445286023363        16.000000000000000        7.8715027746614510     
           2         378   3.3405640107821344        16.000000000000000        7.8706001682062725     
           2         379   3.3795858702918991        16.000000000000000        7.8713858930536098     
           2         380   3.4295698509700303        16.000000000000000        7.8708088319380787     
           2         381   3.4416791656222978        16.000000000000000        7.8711871735970371     
           2         382   3.3966071936989866        16.000000000000000        7.8710984084052980     
           2         383   3.5486170289919956        16.000000000000000        7.8716235693210512     
           2         384   3.6492114452655557        16.000000000000000        7.8742723726821531     
           2         385   6.9351703918412904        16.000000000000000        5.0664491157632501     
           2         386   10.398836413195108        16.000000000000000        9.4301943860647750     
           2         387   3.3392653542655326        16.000000000000000        7.8711848394453314     
           2         388   3.5437686361342973        16.000000000000000        7.8711634037917939     
           2         389   8.0489868077029261        16.000000000000000        8.3668418668956210     
           2         390   3.4130491064847637        16.000000000000000        7.8703648795499781     
           2         391   3.3690506450093678        16.000000000000000        7.8702975349637709     
           2         392   12.114952917294366        16.000000000000000        9.4309439804810875     
           2         393   3.3285882615256912        16.000000000000000        7.8700498969452468     
           2         394   3.3150857874670669        16.000000000000000        7.8700498969452468     
           2         395   9.6810560145794398        16.000000000000000        8.3676272294294343     
           2         396   3.6777717009260100        16.000000000000000        7.8708670159288143     
           2         397   3.3539893681196253        16.000000000000000        7.8709028190473767     
           2         398   10.435570728433126        16.000000000000000        9.4308519219350568     
           2         399   3.3205570740002113        16.000000000000000        7.8704152559611460     
           2         400   3.3362381481676695        16.000000000000000        7.8700498969452468     
           2         401   3.3259258220874677        16.000000000000000        7.8700498969452468     
           2         402   3.3677309518815446        16.000000000000000        7.8702975349637709     
           2         403   3.3604157380834971        16.000000000000000        7.8699634566429113     
           2         404   11.900451325373934        16.000000000000000        9.4311761847311502     
           2         405   3.3011609216851521        16.000000000000000        7.8701126175520653     
           2         406   3.3815020860846072        16.000000000000000        7.8704022801836997     
           2         407   3.3905969130225375        16.000000000000000        7.8702035424812955     
           2         408   12.266782163688372        16.000000000000000        9.4320791532854411     
           2         409   3.3986855596648593        16.000000000000000        7.8713858930536098     
           2         410   3.3793301191585647        16.000000000000000        7.8702035424812955     
           2         411   3.3559605680516276        16.000000000000000        7.8707200636526879     
