  economy_id district_id omega1 omega2 
           1           1   1.1499999761581421        30.000000000000000     
           1           2  0.89999997615814209        50.000000000000000     
           1           3   1.1499999761581421        0.0000000000000000     
           1           4   1.0499999523162842        75.000000000000000     
           1           5   1.1000000238418579        30.000000000000000     
           1           6  0.89999997615814209        30.000000000000000     
           1           7   1.0000000000000000        75.000000000000000     
           1           8   1.0499999523162842        0.0000000000000000     
           1           9  0.89999997615814209        0.0000000000000000     
           1          10  0.89999997615814209        75.000000000000000     
           1          11  0.89999997615814209        75.000000000000000     
           1          12   1.1499999761581421        50.000000000000000     
           1          13  0.94999998807907104        75.000000000000000     
           1          14   1.0499999523162842        75.000000000000000     
           1          15  0.89999997615814209        225.00000000000000     
           1          16  0.94999998807907104        30.000000000000000     
           1          17   1.0000000000000000        200.00000000000000     
           1          18   1.1000000238418579        10.000000000000000     
           1          19   1.0000000000000000        200.00000000000000     
           1          20   1.0499999523162842        200.00000000000000     
           1          21  0.94999998807907104        30.000000000000000     
           1          22   1.1000000238418579        100.00000000000000     
           1          23   1.1000000238418579        10.000000000000000     
           1          24   1.1499999761581421        75.000000000000000     
           1          25  0.89999997615814209        0.0000000000000000     
           1          26   1.0499999523162842        100.00000000000000     
           1          27  0.94999998807907104        10.000000000000000     
           1          28  0.94999998807907104        50.000000000000000     
           1          29   1.1000000238418579        50.000000000000000     
           1          30   1.0000000000000000        100.00000000000000     
           1          31   1.0499999523162842        30.000000000000000     
           1          32   1.0499999523162842        50.000000000000000     
           1          33  0.94999998807907104        0.0000000000000000     
           1          34   1.0000000000000000        200.00000000000000     
           1          35   1.1499999761581421        200.00000000000000     
           1          36   1.0000000000000000        75.000000000000000     
           1          37  0.94999998807907104        10.000000000000000     
           1          38   1.0499999523162842        225.00000000000000     
           1          39   1.1000000238418579        200.00000000000000     
           1          40   1.0499999523162842        10.000000000000000     
           1          41  0.89999997615814209        10.000000000000000     
           1          42   1.0000000000000000        200.00000000000000     
           1          43  0.94999998807907104        50.000000000000000     
           1          44   1.0499999523162842        50.000000000000000     
           1          45   1.0000000000000000        30.000000000000000     
           1          46   1.1000000238418579        10.000000000000000     
           1          47  0.89999997615814209        30.000000000000000     
           1          48  0.94999998807907104        30.000000000000000     
           1          49  0.94999998807907104        30.000000000000000     
           1          50   1.0499999523162842        225.00000000000000     
           1          51  0.89999997615814209        50.000000000000000     
           1          52   1.0499999523162842        30.000000000000000     
           1          53  0.89999997615814209        75.000000000000000     
           1          54   1.1000000238418579        75.000000000000000     
           1          55   1.1499999761581421        10.000000000000000     
           1          56  0.89999997615814209        100.00000000000000     
           1          57   1.0000000000000000        225.00000000000000     
           1          58   1.1499999761581421        0.0000000000000000     
           1          59   1.1000000238418579        200.00000000000000     
           1          60   1.0499999523162842        100.00000000000000     
           1          61  0.94999998807907104        10.000000000000000     
           1          62  0.89999997615814209        75.000000000000000     
           1          63   1.0499999523162842        100.00000000000000     
           1          64   1.1499999761581421        10.000000000000000     
           1          65  0.94999998807907104        225.00000000000000     
           1          66  0.94999998807907104        225.00000000000000     
           1          67  0.89999997615814209        50.000000000000000     
           1          68  0.94999998807907104        200.00000000000000     
           1          69  0.94999998807907104        75.000000000000000     
           1          70   1.1499999761581421        225.00000000000000     
           1          71  0.94999998807907104        75.000000000000000     
           1          72   1.0000000000000000        100.00000000000000     
           1          73   1.0000000000000000        100.00000000000000     
           1          74   1.1499999761581421        50.000000000000000     
           1          75  0.89999997615814209        50.000000000000000     
           1          76  0.89999997615814209        225.00000000000000     
           1          77   1.1000000238418579        30.000000000000000     
           1          78   1.1000000238418579        225.00000000000000     
           1          79   1.1499999761581421        30.000000000000000     
           1          80  0.94999998807907104        200.00000000000000     
           1          81   1.1000000238418579        200.00000000000000     
           1          82   1.0499999523162842        225.00000000000000     
           1          83  0.89999997615814209        225.00000000000000     
           1          84   1.1499999761581421        100.00000000000000     
           1          85  0.89999997615814209        75.000000000000000     
           1          86   1.1499999761581421        75.000000000000000     
           1          87   1.0499999523162842        225.00000000000000     
           1          88  0.89999997615814209        50.000000000000000     
           1          89   1.1000000238418579        225.00000000000000     
           1          90   1.1499999761581421        0.0000000000000000     
           1          91   1.1000000238418579        200.00000000000000     
           1          92   1.0499999523162842        0.0000000000000000     
           1          93   1.1000000238418579        30.000000000000000     
           1          94   1.0000000000000000        30.000000000000000     
           1          95   1.0000000000000000        75.000000000000000     
           1          96   1.0000000000000000        10.000000000000000     
           1          97  0.94999998807907104        225.00000000000000     
           1          98  0.94999998807907104        200.00000000000000     
           1          99   1.0000000000000000        75.000000000000000     
           1         100  0.94999998807907104        225.00000000000000     
           1         101   1.1000000238418579        200.00000000000000     
           1         102   1.0499999523162842        200.00000000000000     
           1         103   1.1000000238418579        200.00000000000000     
           1         104   1.1499999761581421        75.000000000000000     
           1         105  0.89999997615814209        100.00000000000000     
           1         106  0.94999998807907104        0.0000000000000000     
           1         107   1.0000000000000000        50.000000000000000     
           1         108  0.89999997615814209        100.00000000000000     
           1         109   1.1000000238418579        100.00000000000000     
           1         110   1.1000000238418579        0.0000000000000000     
           1         111  0.89999997615814209        100.00000000000000     
           1         112   1.1499999761581421        10.000000000000000     
           1         113   1.1000000238418579        30.000000000000000     
           1         114   1.0000000000000000        0.0000000000000000     
           1         115  0.94999998807907104        50.000000000000000     
           1         116   1.0499999523162842        225.00000000000000     
           1         117   1.1499999761581421        100.00000000000000     
           1         118   1.0499999523162842        10.000000000000000     
           1         119   1.1499999761581421        200.00000000000000     
           1         120   1.1000000238418579        200.00000000000000     
           1         121   1.0499999523162842        30.000000000000000     
           1         122   1.1000000238418579        10.000000000000000     
           1         123   1.1000000238418579        0.0000000000000000     
           1         124   1.0000000000000000        30.000000000000000     
           1         125   1.0499999523162842        75.000000000000000     
           1         126   1.1499999761581421        0.0000000000000000     
           1         127   1.0499999523162842        30.000000000000000     
           1         128   1.0499999523162842        200.00000000000000     
           1         129  0.94999998807907104        100.00000000000000     
           1         130   1.0499999523162842        0.0000000000000000     
           1         131   1.1000000238418579        100.00000000000000     
           1         132   1.0000000000000000        225.00000000000000     
           1         133   1.0000000000000000        200.00000000000000     
           1         134   1.1499999761581421        30.000000000000000     
           1         135   1.1000000238418579        100.00000000000000     
           1         136   1.0499999523162842        0.0000000000000000     
           1         137  0.94999998807907104        0.0000000000000000     
           1         138  0.89999997615814209        200.00000000000000     
           1         139   1.1499999761581421        200.00000000000000     
           1         140  0.89999997615814209        200.00000000000000     
           1         141  0.94999998807907104        200.00000000000000     
           1         142   1.1499999761581421        50.000000000000000     
           1         143   1.1499999761581421        10.000000000000000     
           1         144  0.94999998807907104        30.000000000000000     
           1         145  0.94999998807907104        200.00000000000000     
           1         146   1.0000000000000000        200.00000000000000     
           1         147  0.94999998807907104        50.000000000000000     
           1         148   1.0000000000000000        75.000000000000000     
           1         149   1.1000000238418579        225.00000000000000     
           1         150   1.0499999523162842        10.000000000000000     
           1         151   1.0000000000000000        10.000000000000000     
           1         152   1.0499999523162842        0.0000000000000000     
           1         153  0.94999998807907104        0.0000000000000000     
           1         154  0.89999997615814209        50.000000000000000     
           1         155   1.1499999761581421        10.000000000000000     
           1         156   1.0000000000000000        30.000000000000000     
           1         157   1.0499999523162842        0.0000000000000000     
           1         158   1.0499999523162842        100.00000000000000     
           1         159  0.89999997615814209        50.000000000000000     
           1         160   1.1499999761581421        75.000000000000000     
           1         161   1.1499999761581421        100.00000000000000     
           1         162   1.1499999761581421        30.000000000000000     
           1         163   1.0000000000000000        50.000000000000000     
           1         164  0.94999998807907104        30.000000000000000     
           1         165  0.89999997615814209        225.00000000000000     
           1         166   1.0499999523162842        100.00000000000000     
           1         167  0.94999998807907104        75.000000000000000     
           1         168   1.0499999523162842        225.00000000000000     
           1         169   1.1499999761581421        100.00000000000000     
           1         170  0.89999997615814209        100.00000000000000     
           1         171   1.1000000238418579        200.00000000000000     
           1         172  0.89999997615814209        200.00000000000000     
           1         173   1.0499999523162842        30.000000000000000     
           1         174  0.89999997615814209        10.000000000000000     
           1         175   1.1499999761581421        200.00000000000000     
           1         176   1.0000000000000000        200.00000000000000     
           1         177   1.1499999761581421        200.00000000000000     
           1         178   1.0000000000000000        30.000000000000000     
           1         179   1.1000000238418579        30.000000000000000     
           1         180   1.1499999761581421        0.0000000000000000     
           1         181   1.1499999761581421        100.00000000000000     
           1         182  0.89999997615814209        30.000000000000000     
           1         183  0.94999998807907104        100.00000000000000     
           1         184   1.1000000238418579        225.00000000000000     
           1         185   1.0499999523162842        10.000000000000000     
           1         186   1.0000000000000000        50.000000000000000     
           1         187   1.1000000238418579        30.000000000000000     
           1         188   1.1000000238418579        10.000000000000000     
           1         189  0.94999998807907104        50.000000000000000     
           1         190   1.0499999523162842        0.0000000000000000     
           1         191  0.94999998807907104        0.0000000000000000     
           1         192   1.0499999523162842        10.000000000000000     
           1         193   1.0000000000000000        50.000000000000000     
           1         194   1.0000000000000000        75.000000000000000     
           1         195  0.89999997615814209        200.00000000000000     
           1         196  0.89999997615814209        10.000000000000000     
           1         197   1.0000000000000000        100.00000000000000     
           1         198   1.0499999523162842        30.000000000000000     
           1         199   1.0000000000000000        0.0000000000000000     
           1         200  0.94999998807907104        30.000000000000000     
           1         201   1.1000000238418579        100.00000000000000     
           1         202   1.0499999523162842        225.00000000000000     
           1         203   1.1000000238418579        0.0000000000000000     
           1         204   1.0000000000000000        0.0000000000000000     
           1         205  0.94999998807907104        100.00000000000000     
           1         206   1.1499999761581421        50.000000000000000     
           1         207   1.1000000238418579        225.00000000000000     
           1         208  0.94999998807907104        30.000000000000000     
           1         209   1.0000000000000000        30.000000000000000     
           1         210   1.0499999523162842        10.000000000000000     
           1         211   1.1499999761581421        10.000000000000000     
           1         212   1.1000000238418579        100.00000000000000     
           1         213   1.1499999761581421        200.00000000000000     
           1         214   1.0499999523162842        75.000000000000000     
           1         215  0.94999998807907104        10.000000000000000     
           1         216   1.1000000238418579        0.0000000000000000     
           1         217   1.1499999761581421        75.000000000000000     
           1         218   1.1499999761581421        75.000000000000000     
           1         219   1.0000000000000000        30.000000000000000     
           1         220   1.1499999761581421        75.000000000000000     
           1         221  0.94999998807907104        225.00000000000000     
           1         222   1.1000000238418579        10.000000000000000     
           1         223  0.94999998807907104        30.000000000000000     
           1         224  0.89999997615814209        100.00000000000000     
           1         225   1.1499999761581421        225.00000000000000     
           1         226   1.1499999761581421        50.000000000000000     
           1         227  0.89999997615814209        100.00000000000000     
           1         228   1.0499999523162842        100.00000000000000     
           1         229   1.1499999761581421        50.000000000000000     
           1         230  0.89999997615814209        225.00000000000000     
           1         231   1.1499999761581421        10.000000000000000     
           1         232   1.1000000238418579        50.000000000000000     
           1         233   1.1000000238418579        50.000000000000000     
           1         234   1.0499999523162842        50.000000000000000     
           1         235  0.94999998807907104        0.0000000000000000     
           1         236  0.89999997615814209        0.0000000000000000     
           1         237  0.94999998807907104        10.000000000000000     
           1         238   1.1000000238418579        225.00000000000000     
           1         239   1.1000000238418579        30.000000000000000     
           1         240   1.1000000238418579        10.000000000000000     
           1         241   1.0499999523162842        0.0000000000000000     
           1         242  0.89999997615814209        50.000000000000000     
           1         243  0.89999997615814209        30.000000000000000     
           1         244  0.94999998807907104        0.0000000000000000     
           1         245   1.0499999523162842        10.000000000000000     
           1         246   1.1499999761581421        50.000000000000000     
           1         247   1.1000000238418579        10.000000000000000     
           1         248   1.1499999761581421        200.00000000000000     
           1         249   1.0499999523162842        0.0000000000000000     
           1         250   1.0499999523162842        75.000000000000000     
           1         251   1.0499999523162842        10.000000000000000     
           1         252   1.1000000238418579        0.0000000000000000     
           1         253   1.1499999761581421        100.00000000000000     
           1         254   1.0000000000000000        200.00000000000000     
           1         255   1.0000000000000000        100.00000000000000     
           1         256  0.94999998807907104        225.00000000000000     
           1         257   1.0000000000000000        0.0000000000000000     
           1         258   1.1000000238418579        100.00000000000000     
           1         259  0.94999998807907104        75.000000000000000     
           1         260   1.0499999523162842        10.000000000000000     
           1         261   1.0499999523162842        0.0000000000000000     
           1         262   1.0000000000000000        75.000000000000000     
           1         263  0.89999997615814209        30.000000000000000     
           1         264   1.0499999523162842        30.000000000000000     
           1         265   1.0000000000000000        30.000000000000000     
           1         266  0.89999997615814209        0.0000000000000000     
           1         267   1.0000000000000000        0.0000000000000000     
           1         268   1.0499999523162842        200.00000000000000     
           1         269  0.89999997615814209        225.00000000000000     
           1         270   1.1499999761581421        50.000000000000000     
           1         271   1.1000000238418579        0.0000000000000000     
           1         272  0.89999997615814209        75.000000000000000     
           1         273   1.0000000000000000        225.00000000000000     
           1         274  0.94999998807907104        75.000000000000000     
           1         275   1.0499999523162842        75.000000000000000     
           1         276  0.94999998807907104        100.00000000000000     
           1         277   1.1000000238418579        30.000000000000000     
           1         278  0.89999997615814209        0.0000000000000000     
           1         279   1.1499999761581421        75.000000000000000     
           1         280   1.0499999523162842        75.000000000000000     
           1         281   1.0000000000000000        225.00000000000000     
           1         282   1.1499999761581421        100.00000000000000     
           1         283   1.1000000238418579        50.000000000000000     
           1         284  0.89999997615814209        75.000000000000000     
           1         285   1.1000000238418579        50.000000000000000     
           1         286   1.1000000238418579        75.000000000000000     
           1         287   1.1000000238418579        30.000000000000000     
           1         288   1.0499999523162842        225.00000000000000     
           1         289   1.1499999761581421        30.000000000000000     
           1         290   1.1000000238418579        75.000000000000000     
           1         291  0.89999997615814209        10.000000000000000     
           1         292  0.89999997615814209        50.000000000000000     
           1         293  0.89999997615814209        0.0000000000000000     
           1         294   1.0000000000000000        50.000000000000000     
           1         295   1.1000000238418579        30.000000000000000     
           1         296   1.1000000238418579        100.00000000000000     
           1         297   1.1499999761581421        100.00000000000000     
           1         298   1.0499999523162842        200.00000000000000     
           1         299  0.94999998807907104        200.00000000000000     
           1         300   1.1000000238418579        200.00000000000000     
           1         301   1.0499999523162842        200.00000000000000     
           1         302   1.1499999761581421        10.000000000000000     
           1         303   1.1499999761581421        100.00000000000000     
           1         304   1.1000000238418579        200.00000000000000     
           1         305  0.89999997615814209        10.000000000000000     
           1         306  0.94999998807907104        100.00000000000000     
           1         307  0.89999997615814209        10.000000000000000     
           1         308  0.94999998807907104        10.000000000000000     
           1         309  0.94999998807907104        10.000000000000000     
           1         310   1.1000000238418579        30.000000000000000     
           1         311   1.0000000000000000        200.00000000000000     
           1         312  0.94999998807907104        0.0000000000000000     
           1         313   1.0499999523162842        50.000000000000000     
           1         314   1.0499999523162842        10.000000000000000     
           1         315   1.1000000238418579        0.0000000000000000     
           1         316   1.0000000000000000        10.000000000000000     
           1         317   1.1000000238418579        200.00000000000000     
           1         318  0.94999998807907104        225.00000000000000     
           1         319   1.1000000238418579        50.000000000000000     
           1         320  0.94999998807907104        75.000000000000000     
           1         321   1.0499999523162842        0.0000000000000000     
           1         322   1.1000000238418579        200.00000000000000     
           1         323  0.94999998807907104        0.0000000000000000     
           1         324   1.1499999761581421        30.000000000000000     
           1         325   1.0000000000000000        225.00000000000000     
           1         326   1.1499999761581421        225.00000000000000     
           1         327   1.1000000238418579        30.000000000000000     
           1         328  0.89999997615814209        75.000000000000000     
           1         329   1.1000000238418579        50.000000000000000     
           1         330   1.1000000238418579        50.000000000000000     
           1         331  0.89999997615814209        10.000000000000000     
           1         332   1.1499999761581421        225.00000000000000     
           1         333   1.0000000000000000        75.000000000000000     
           1         334   1.0000000000000000        75.000000000000000     
           1         335   1.1000000238418579        75.000000000000000     
           1         336   1.0000000000000000        50.000000000000000     
           1         337  0.94999998807907104        50.000000000000000     
           1         338   1.0499999523162842        100.00000000000000     
           1         339   1.1000000238418579        100.00000000000000     
           1         340  0.89999997615814209        30.000000000000000     
           1         341   1.1499999761581421        200.00000000000000     
           1         342   1.1000000238418579        75.000000000000000     
           1         343   1.1499999761581421        225.00000000000000     
           1         344  0.89999997615814209        100.00000000000000     
           1         345   1.0000000000000000        75.000000000000000     
           1         346   1.0000000000000000        100.00000000000000     
           1         347  0.89999997615814209        225.00000000000000     
           1         348  0.89999997615814209        0.0000000000000000     
           1         349   1.0499999523162842        50.000000000000000     
           1         350  0.89999997615814209        75.000000000000000     
           1         351   1.1499999761581421        50.000000000000000     
           1         352   1.0499999523162842        100.00000000000000     
           1         353  0.89999997615814209        10.000000000000000     
           1         354   1.0000000000000000        30.000000000000000     
           1         355   1.0499999523162842        200.00000000000000     
           1         356   1.0499999523162842        10.000000000000000     
           1         357   1.1499999761581421        200.00000000000000     
           1         358   1.0499999523162842        10.000000000000000     
           1         359   1.1499999761581421        200.00000000000000     
           1         360   1.1000000238418579        30.000000000000000     
           1         361   1.0000000000000000        75.000000000000000     
           1         362   1.1499999761581421        100.00000000000000     
           1         363   1.0000000000000000        10.000000000000000     
           1         364   1.0499999523162842        200.00000000000000     
           1         365   1.0000000000000000        100.00000000000000     
           1         366   1.1000000238418579        0.0000000000000000     
           1         367   1.0000000000000000        200.00000000000000     
           1         368   1.0499999523162842        0.0000000000000000     
           1         369   1.0000000000000000        100.00000000000000     
           1         370   1.1000000238418579        225.00000000000000     
           1         371  0.94999998807907104        225.00000000000000     
           1         372   1.1000000238418579        75.000000000000000     
           1         373   1.1499999761581421        100.00000000000000     
           1         374   1.1000000238418579        200.00000000000000     
           1         375  0.89999997615814209        10.000000000000000     
           1         376   1.1499999761581421        100.00000000000000     
           1         377   1.1000000238418579        0.0000000000000000     
           1         378   1.1499999761581421        225.00000000000000     
           1         379  0.94999998807907104        225.00000000000000     
           1         380  0.89999997615814209        200.00000000000000     
           1         381   1.1499999761581421        75.000000000000000     
           1         382   1.0499999523162842        225.00000000000000     
           1         383   1.1499999761581421        200.00000000000000     
           1         384   1.1499999761581421        10.000000000000000     
           1         385   1.0499999523162842        50.000000000000000     
           1         386   1.0499999523162842        10.000000000000000     
           1         387   1.0499999523162842        30.000000000000000     
           1         388   1.0499999523162842        200.00000000000000     
           1         389   1.0000000000000000        30.000000000000000     
           1         390   1.1000000238418579        225.00000000000000     
           1         391  0.89999997615814209        200.00000000000000     
           1         392  0.94999998807907104        30.000000000000000     
           1         393   1.1499999761581421        200.00000000000000     
           1         394   1.1499999761581421        0.0000000000000000     
           1         395  0.94999998807907104        50.000000000000000     
           1         396   1.0000000000000000        225.00000000000000     
           1         397  0.94999998807907104        50.000000000000000     
           1         398   1.0499999523162842        200.00000000000000     
           1         399   1.1499999761581421        0.0000000000000000     
           1         400   1.0499999523162842        200.00000000000000     
           1         401   1.0000000000000000        75.000000000000000     
           1         402   1.1000000238418579        200.00000000000000     
           1         403   1.1000000238418579        200.00000000000000     
           1         404  0.94999998807907104        30.000000000000000     
           1         405  0.89999997615814209        75.000000000000000     
           1         406   1.0000000000000000        30.000000000000000     
           1         407   1.0499999523162842        225.00000000000000     
           1         408  0.89999997615814209        30.000000000000000     
           1         409   1.0499999523162842        50.000000000000000     
           1         410   1.1499999761581421        100.00000000000000     
           1         411   1.0000000000000000        50.000000000000000     
           2           1  0.94999998807907104        200.00000000000000     
           2           2   1.1499999761581421        10.000000000000000     
           2           3   1.0000000000000000        50.000000000000000     
           2           4   1.1000000238418579        30.000000000000000     
           2           5   1.1499999761581421        75.000000000000000     
           2           6   1.1499999761581421        30.000000000000000     
           2           7   1.0000000000000000        0.0000000000000000     
           2           8  0.89999997615814209        225.00000000000000     
           2           9   1.1000000238418579        75.000000000000000     
           2          10  0.94999998807907104        10.000000000000000     
           2          11   1.1499999761581421        100.00000000000000     
           2          12  0.89999997615814209        75.000000000000000     
           2          13  0.94999998807907104        50.000000000000000     
           2          14  0.89999997615814209        0.0000000000000000     
           2          15  0.94999998807907104        100.00000000000000     
           2          16   1.1499999761581421        225.00000000000000     
           2          17   1.0000000000000000        75.000000000000000     
           2          18  0.94999998807907104        100.00000000000000     
           2          19  0.94999998807907104        225.00000000000000     
           2          20   1.0000000000000000        225.00000000000000     
           2          21  0.89999997615814209        0.0000000000000000     
           2          22   1.0499999523162842        225.00000000000000     
           2          23  0.94999998807907104        200.00000000000000     
           2          24   1.1499999761581421        50.000000000000000     
           2          25   1.0000000000000000        0.0000000000000000     
           2          26   1.0499999523162842        200.00000000000000     
           2          27  0.89999997615814209        200.00000000000000     
           2          28  0.89999997615814209        30.000000000000000     
           2          29   1.1000000238418579        225.00000000000000     
           2          30   1.0000000000000000        100.00000000000000     
           2          31   1.1000000238418579        200.00000000000000     
           2          32   1.0499999523162842        200.00000000000000     
           2          33  0.94999998807907104        75.000000000000000     
           2          34  0.89999997615814209        75.000000000000000     
           2          35   1.1000000238418579        75.000000000000000     
           2          36   1.0499999523162842        10.000000000000000     
           2          37   1.1499999761581421        100.00000000000000     
           2          38   1.1000000238418579        50.000000000000000     
           2          39   1.0499999523162842        200.00000000000000     
           2          40   1.1000000238418579        100.00000000000000     
           2          41   1.1000000238418579        75.000000000000000     
           2          42   1.0499999523162842        10.000000000000000     
           2          43  0.89999997615814209        75.000000000000000     
           2          44  0.89999997615814209        10.000000000000000     
           2          45   1.1499999761581421        10.000000000000000     
           2          46   1.0000000000000000        200.00000000000000     
           2          47   1.0499999523162842        50.000000000000000     
           2          48  0.94999998807907104        30.000000000000000     
           2          49   1.1000000238418579        50.000000000000000     
           2          50   1.1000000238418579        100.00000000000000     
           2          51   1.1499999761581421        225.00000000000000     
           2          52   1.1000000238418579        75.000000000000000     
           2          53  0.89999997615814209        10.000000000000000     
           2          54   1.0499999523162842        100.00000000000000     
           2          55   1.0499999523162842        225.00000000000000     
           2          56  0.89999997615814209        225.00000000000000     
           2          57   1.1000000238418579        0.0000000000000000     
           2          58   1.0000000000000000        100.00000000000000     
           2          59   1.1499999761581421        200.00000000000000     
           2          60   1.1499999761581421        50.000000000000000     
           2          61   1.1499999761581421        225.00000000000000     
           2          62   1.0000000000000000        225.00000000000000     
           2          63   1.1499999761581421        10.000000000000000     
           2          64   1.1000000238418579        30.000000000000000     
           2          65  0.89999997615814209        30.000000000000000     
           2          66  0.89999997615814209        30.000000000000000     
           2          67   1.1499999761581421        200.00000000000000     
           2          68   1.1499999761581421        0.0000000000000000     
           2          69  0.94999998807907104        10.000000000000000     
           2          70   1.0499999523162842        75.000000000000000     
           2          71   1.0499999523162842        200.00000000000000     
           2          72   1.1000000238418579        50.000000000000000     
           2          73   1.1499999761581421        75.000000000000000     
           2          74  0.94999998807907104        75.000000000000000     
           2          75   1.0499999523162842        0.0000000000000000     
           2          76  0.94999998807907104        100.00000000000000     
           2          77   1.0000000000000000        30.000000000000000     
           2          78   1.1000000238418579        30.000000000000000     
           2          79   1.1499999761581421        30.000000000000000     
           2          80  0.94999998807907104        200.00000000000000     
           2          81  0.94999998807907104        225.00000000000000     
           2          82  0.94999998807907104        10.000000000000000     
           2          83   1.0000000000000000        10.000000000000000     
           2          84   1.0000000000000000        10.000000000000000     
           2          85   1.0499999523162842        200.00000000000000     
           2          86  0.94999998807907104        200.00000000000000     
           2          87  0.94999998807907104        75.000000000000000     
           2          88   1.1499999761581421        100.00000000000000     
           2          89   1.0000000000000000        10.000000000000000     
           2          90   1.1499999761581421        30.000000000000000     
           2          91   1.1000000238418579        30.000000000000000     
           2          92  0.94999998807907104        50.000000000000000     
           2          93   1.0000000000000000        100.00000000000000     
           2          94   1.1000000238418579        100.00000000000000     
           2          95  0.89999997615814209        225.00000000000000     
           2          96   1.1000000238418579        30.000000000000000     
           2          97  0.89999997615814209        225.00000000000000     
           2          98   1.1000000238418579        10.000000000000000     
           2          99   1.0499999523162842        100.00000000000000     
           2         100   1.1000000238418579        75.000000000000000     
           2         101  0.89999997615814209        50.000000000000000     
           2         102  0.94999998807907104        75.000000000000000     
           2         103   1.0000000000000000        75.000000000000000     
           2         104  0.89999997615814209        100.00000000000000     
           2         105   1.1000000238418579        225.00000000000000     
           2         106   1.1000000238418579        10.000000000000000     
           2         107  0.89999997615814209        225.00000000000000     
           2         108   1.0499999523162842        50.000000000000000     
           2         109   1.0499999523162842        225.00000000000000     
           2         110   1.0499999523162842        75.000000000000000     
           2         111   1.0000000000000000        75.000000000000000     
           2         112  0.94999998807907104        75.000000000000000     
           2         113  0.94999998807907104        225.00000000000000     
           2         114   1.1000000238418579        10.000000000000000     
           2         115  0.94999998807907104        30.000000000000000     
           2         116   1.0499999523162842        200.00000000000000     
           2         117  0.89999997615814209        50.000000000000000     
           2         118   1.0499999523162842        50.000000000000000     
           2         119   1.0000000000000000        0.0000000000000000     
           2         120   1.1000000238418579        75.000000000000000     
           2         121  0.94999998807907104        225.00000000000000     
           2         122   1.1499999761581421        200.00000000000000     
           2         123   1.0499999523162842        10.000000000000000     
           2         124   1.1000000238418579        10.000000000000000     
           2         125   1.0499999523162842        0.0000000000000000     
           2         126   1.1000000238418579        100.00000000000000     
           2         127  0.94999998807907104        50.000000000000000     
           2         128   1.1000000238418579        30.000000000000000     
           2         129  0.94999998807907104        50.000000000000000     
           2         130  0.89999997615814209        75.000000000000000     
           2         131  0.94999998807907104        0.0000000000000000     
           2         132   1.0000000000000000        0.0000000000000000     
           2         133  0.94999998807907104        225.00000000000000     
           2         134  0.94999998807907104        75.000000000000000     
           2         135   1.0000000000000000        30.000000000000000     
           2         136   1.0000000000000000        10.000000000000000     
           2         137  0.94999998807907104        50.000000000000000     
           2         138  0.89999997615814209        100.00000000000000     
           2         139   1.0499999523162842        200.00000000000000     
           2         140  0.94999998807907104        75.000000000000000     
           2         141  0.94999998807907104        100.00000000000000     
           2         142   1.0000000000000000        10.000000000000000     
           2         143   1.0499999523162842        100.00000000000000     
           2         144  0.94999998807907104        200.00000000000000     
           2         145   1.0499999523162842        30.000000000000000     
           2         146   1.0000000000000000        225.00000000000000     
           2         147  0.94999998807907104        30.000000000000000     
           2         148  0.94999998807907104        75.000000000000000     
           2         149  0.94999998807907104        75.000000000000000     
           2         150   1.1000000238418579        50.000000000000000     
           2         151   1.0499999523162842        200.00000000000000     
           2         152  0.89999997615814209        225.00000000000000     
           2         153   1.1000000238418579        50.000000000000000     
           2         154   1.1000000238418579        75.000000000000000     
           2         155  0.89999997615814209        75.000000000000000     
           2         156   1.1000000238418579        200.00000000000000     
           2         157   1.0000000000000000        10.000000000000000     
           2         158  0.94999998807907104        0.0000000000000000     
           2         159   1.0499999523162842        0.0000000000000000     
           2         160   1.0499999523162842        0.0000000000000000     
           2         161   1.0000000000000000        225.00000000000000     
           2         162   1.0000000000000000        50.000000000000000     
           2         163  0.89999997615814209        75.000000000000000     
           2         164   1.1499999761581421        0.0000000000000000     
           2         165   1.1000000238418579        200.00000000000000     
           2         166  0.89999997615814209        200.00000000000000     
           2         167  0.89999997615814209        30.000000000000000     
           2         168   1.0499999523162842        200.00000000000000     
           2         169   1.1000000238418579        225.00000000000000     
           2         170   1.0000000000000000        30.000000000000000     
           2         171   1.1499999761581421        50.000000000000000     
           2         172  0.89999997615814209        30.000000000000000     
           2         173   1.0499999523162842        30.000000000000000     
           2         174   1.1499999761581421        75.000000000000000     
           2         175   1.1499999761581421        200.00000000000000     
           2         176   1.1499999761581421        100.00000000000000     
           2         177  0.94999998807907104        75.000000000000000     
           2         178   1.0000000000000000        30.000000000000000     
           2         179   1.1499999761581421        100.00000000000000     
           2         180   1.0000000000000000        30.000000000000000     
           2         181   1.0499999523162842        200.00000000000000     
           2         182  0.89999997615814209        0.0000000000000000     
           2         183   1.1000000238418579        100.00000000000000     
           2         184   1.1000000238418579        50.000000000000000     
           2         185   1.1499999761581421        200.00000000000000     
           2         186   1.1000000238418579        30.000000000000000     
           2         187  0.94999998807907104        10.000000000000000     
           2         188  0.94999998807907104        200.00000000000000     
           2         189   1.1000000238418579        30.000000000000000     
           2         190   1.0000000000000000        0.0000000000000000     
           2         191   1.1000000238418579        75.000000000000000     
           2         192  0.89999997615814209        0.0000000000000000     
           2         193   1.0000000000000000        100.00000000000000     
           2         194   1.0499999523162842        50.000000000000000     
           2         195   1.1499999761581421        100.00000000000000     
           2         196   1.0499999523162842        75.000000000000000     
           2         197  0.94999998807907104        75.000000000000000     
           2         198  0.89999997615814209        0.0000000000000000     
           2         199   1.1000000238418579        30.000000000000000     
           2         200   1.1000000238418579        225.00000000000000     
           2         201   1.1499999761581421        30.000000000000000     
           2         202  0.89999997615814209        225.00000000000000     
           2         203   1.0499999523162842        225.00000000000000     
           2         204  0.89999997615814209        100.00000000000000     
           2         205  0.94999998807907104        200.00000000000000     
           2         206  0.94999998807907104        225.00000000000000     
           2         207  0.94999998807907104        200.00000000000000     
           2         208  0.89999997615814209        200.00000000000000     
           2         209   1.0000000000000000        75.000000000000000     
           2         210   1.0000000000000000        50.000000000000000     
           2         211   1.0000000000000000        75.000000000000000     
           2         212  0.94999998807907104        10.000000000000000     
           2         213   1.0000000000000000        225.00000000000000     
           2         214   1.1000000238418579        75.000000000000000     
           2         215   1.1499999761581421        50.000000000000000     
           2         216   1.0499999523162842        200.00000000000000     
           2         217   1.0499999523162842        100.00000000000000     
           2         218   1.1000000238418579        30.000000000000000     
           2         219   1.0000000000000000        100.00000000000000     
           2         220   1.0000000000000000        100.00000000000000     
           2         221   1.0499999523162842        10.000000000000000     
           2         222  0.89999997615814209        75.000000000000000     
           2         223  0.89999997615814209        10.000000000000000     
           2         224   1.0000000000000000        200.00000000000000     
           2         225   1.1499999761581421        30.000000000000000     
           2         226   1.0499999523162842        10.000000000000000     
           2         227   1.1499999761581421        75.000000000000000     
           2         228   1.1499999761581421        10.000000000000000     
           2         229   1.1499999761581421        10.000000000000000     
           2         230   1.1000000238418579        75.000000000000000     
           2         231  0.89999997615814209        30.000000000000000     
           2         232   1.1499999761581421        200.00000000000000     
           2         233   1.1000000238418579        50.000000000000000     
           2         234   1.1000000238418579        200.00000000000000     
           2         235   1.0499999523162842        225.00000000000000     
           2         236   1.1000000238418579        50.000000000000000     
           2         237   1.1499999761581421        0.0000000000000000     
           2         238   1.1000000238418579        0.0000000000000000     
           2         239   1.0000000000000000        75.000000000000000     
           2         240  0.94999998807907104        10.000000000000000     
           2         241   1.1000000238418579        225.00000000000000     
           2         242   1.1499999761581421        30.000000000000000     
           2         243  0.89999997615814209        50.000000000000000     
           2         244  0.94999998807907104        200.00000000000000     
           2         245   1.0499999523162842        75.000000000000000     
           2         246  0.89999997615814209        200.00000000000000     
           2         247   1.0000000000000000        30.000000000000000     
           2         248   1.0499999523162842        10.000000000000000     
           2         249  0.89999997615814209        75.000000000000000     
           2         250  0.94999998807907104        0.0000000000000000     
           2         251   1.0499999523162842        100.00000000000000     
           2         252   1.0000000000000000        10.000000000000000     
           2         253   1.0499999523162842        225.00000000000000     
           2         254   1.0000000000000000        0.0000000000000000     
           2         255   1.0000000000000000        75.000000000000000     
           2         256   1.1499999761581421        0.0000000000000000     
           2         257   1.0499999523162842        100.00000000000000     
           2         258   1.1000000238418579        30.000000000000000     
           2         259  0.94999998807907104        10.000000000000000     
           2         260   1.1499999761581421        10.000000000000000     
           2         261   1.1000000238418579        75.000000000000000     
           2         262   1.0000000000000000        10.000000000000000     
           2         263  0.94999998807907104        50.000000000000000     
           2         264   1.1499999761581421        200.00000000000000     
           2         265   1.0000000000000000        200.00000000000000     
           2         266  0.94999998807907104        100.00000000000000     
           2         267   1.1000000238418579        10.000000000000000     
           2         268  0.89999997615814209        100.00000000000000     
           2         269   1.1000000238418579        10.000000000000000     
           2         270   1.1499999761581421        30.000000000000000     
           2         271   1.0499999523162842        200.00000000000000     
           2         272  0.89999997615814209        75.000000000000000     
           2         273   1.0000000000000000        30.000000000000000     
           2         274   1.1000000238418579        200.00000000000000     
           2         275   1.0499999523162842        30.000000000000000     
           2         276  0.94999998807907104        75.000000000000000     
           2         277   1.1000000238418579        50.000000000000000     
           2         278   1.1499999761581421        75.000000000000000     
           2         279  0.94999998807907104        75.000000000000000     
           2         280   1.1000000238418579        225.00000000000000     
           2         281   1.1499999761581421        30.000000000000000     
           2         282   1.0499999523162842        30.000000000000000     
           2         283   1.1000000238418579        0.0000000000000000     
           2         284   1.0499999523162842        75.000000000000000     
           2         285   1.0499999523162842        225.00000000000000     
           2         286   1.0499999523162842        30.000000000000000     
           2         287  0.94999998807907104        225.00000000000000     
           2         288   1.0499999523162842        10.000000000000000     
           2         289   1.0000000000000000        10.000000000000000     
           2         290   1.0499999523162842        30.000000000000000     
           2         291  0.89999997615814209        10.000000000000000     
           2         292   1.1499999761581421        0.0000000000000000     
           2         293  0.94999998807907104        75.000000000000000     
           2         294   1.0499999523162842        50.000000000000000     
           2         295   1.1499999761581421        75.000000000000000     
           2         296  0.94999998807907104        10.000000000000000     
           2         297  0.89999997615814209        50.000000000000000     
           2         298   1.0000000000000000        0.0000000000000000     
           2         299   1.1000000238418579        50.000000000000000     
           2         300   1.1499999761581421        30.000000000000000     
           2         301   1.1499999761581421        225.00000000000000     
           2         302  0.94999998807907104        200.00000000000000     
           2         303   1.0000000000000000        0.0000000000000000     
           2         304  0.94999998807907104        100.00000000000000     
           2         305   1.1000000238418579        0.0000000000000000     
           2         306  0.94999998807907104        200.00000000000000     
           2         307   1.1000000238418579        225.00000000000000     
           2         308   1.0499999523162842        10.000000000000000     
           2         309  0.89999997615814209        0.0000000000000000     
           2         310  0.94999998807907104        200.00000000000000     
           2         311   1.1499999761581421        75.000000000000000     
           2         312   1.1499999761581421        10.000000000000000     
           2         313  0.89999997615814209        30.000000000000000     
           2         314   1.0000000000000000        100.00000000000000     
           2         315   1.0000000000000000        30.000000000000000     
           2         316  0.89999997615814209        0.0000000000000000     
           2         317  0.89999997615814209        225.00000000000000     
           2         318   1.0499999523162842        75.000000000000000     
           2         319   1.0000000000000000        0.0000000000000000     
           2         320   1.1000000238418579        75.000000000000000     
           2         321  0.94999998807907104        75.000000000000000     
           2         322   1.1000000238418579        100.00000000000000     
           2         323  0.89999997615814209        0.0000000000000000     
           2         324   1.1000000238418579        30.000000000000000     
           2         325   1.0499999523162842        200.00000000000000     
           2         326   1.1499999761581421        0.0000000000000000     
           2         327  0.94999998807907104        0.0000000000000000     
           2         328  0.94999998807907104        10.000000000000000     
           2         329   1.1000000238418579        10.000000000000000     
           2         330   1.0499999523162842        75.000000000000000     
           2         331   1.1499999761581421        200.00000000000000     
           2         332  0.89999997615814209        75.000000000000000     
           2         333   1.0000000000000000        30.000000000000000     
           2         334  0.89999997615814209        225.00000000000000     
           2         335   1.1499999761581421        75.000000000000000     
           2         336   1.1000000238418579        30.000000000000000     
           2         337  0.89999997615814209        200.00000000000000     
           2         338   1.1000000238418579        100.00000000000000     
           2         339   1.0499999523162842        225.00000000000000     
           2         340  0.94999998807907104        50.000000000000000     
           2         341   1.1000000238418579        200.00000000000000     
           2         342   1.1000000238418579        0.0000000000000000     
           2         343   1.1499999761581421        225.00000000000000     
           2         344   1.1000000238418579        100.00000000000000     
           2         345  0.89999997615814209        0.0000000000000000     
           2         346   1.0499999523162842        75.000000000000000     
           2         347   1.0000000000000000        75.000000000000000     
           2         348   1.1499999761581421        50.000000000000000     
           2         349  0.89999997615814209        30.000000000000000     
           2         350   1.1000000238418579        10.000000000000000     
           2         351  0.89999997615814209        225.00000000000000     
           2         352   1.1499999761581421        225.00000000000000     
           2         353   1.0499999523162842        225.00000000000000     
           2         354   1.1000000238418579        75.000000000000000     
           2         355   1.0499999523162842        10.000000000000000     
           2         356   1.0000000000000000        225.00000000000000     
           2         357   1.0499999523162842        30.000000000000000     
           2         358  0.94999998807907104        50.000000000000000     
           2         359  0.89999997615814209        0.0000000000000000     
           2         360   1.1000000238418579        225.00000000000000     
           2         361   1.1499999761581421        50.000000000000000     
           2         362   1.0000000000000000        30.000000000000000     
           2         363   1.0499999523162842        10.000000000000000     
           2         364  0.89999997615814209        0.0000000000000000     
           2         365   1.0499999523162842        30.000000000000000     
           2         366   1.0499999523162842        0.0000000000000000     
           2         367   1.0499999523162842        30.000000000000000     
           2         368   1.1000000238418579        225.00000000000000     
           2         369   1.0000000000000000        225.00000000000000     
           2         370  0.89999997615814209        100.00000000000000     
           2         371   1.0499999523162842        75.000000000000000     
           2         372  0.94999998807907104        10.000000000000000     
           2         373   1.1499999761581421        75.000000000000000     
           2         374   1.1000000238418579        50.000000000000000     
           2         375   1.1000000238418579        30.000000000000000     
           2         376  0.94999998807907104        30.000000000000000     
           2         377   1.1499999761581421        75.000000000000000     
           2         378   1.1499999761581421        200.00000000000000     
           2         379   1.1499999761581421        10.000000000000000     
           2         380   1.1000000238418579        30.000000000000000     
           2         381   1.1499999761581421        100.00000000000000     
           2         382  0.94999998807907104        75.000000000000000     
           2         383  0.89999997615814209        10.000000000000000     
           2         384   1.0000000000000000        225.00000000000000     
           2         385  0.94999998807907104        30.000000000000000     
           2         386   1.1499999761581421        0.0000000000000000     
           2         387   1.0000000000000000        75.000000000000000     
           2         388   1.1000000238418579        225.00000000000000     
           2         389  0.94999998807907104        0.0000000000000000     
           2         390   1.1499999761581421        0.0000000000000000     
           2         391  0.89999997615814209        225.00000000000000     
           2         392   1.1000000238418579        75.000000000000000     
           2         393   1.1499999761581421        75.000000000000000     
           2         394   1.0499999523162842        100.00000000000000     
           2         395   1.1499999761581421        75.000000000000000     
           2         396  0.94999998807907104        225.00000000000000     
           2         397   1.1499999761581421        200.00000000000000     
           2         398   1.0499999523162842        30.000000000000000     
           2         399  0.94999998807907104        30.000000000000000     
           2         400  0.89999997615814209        30.000000000000000     
           2         401   1.0000000000000000        225.00000000000000     
           2         402   1.1499999761581421        0.0000000000000000     
           2         403  0.94999998807907104        225.00000000000000     
           2         404  0.94999998807907104        75.000000000000000     
           2         405   1.1499999761581421        50.000000000000000     
           2         406   1.1000000238418579        10.000000000000000     
           2         407   1.1499999761581421        30.000000000000000     
           2         408   1.0000000000000000        50.000000000000000     
           2         409   1.1000000238418579        75.000000000000000     
           2         410   1.1000000238418579        200.00000000000000     
           2         411  0.94999998807907104        50.000000000000000     
