  economy_id district_id expected_hires capacity belief_expected_hires
           1           1   3.3777429119489728        17.000000000000000        5.3489988227343757     
           1           2   3.2731107011039091        17.000000000000000        5.3490676865761104     
           1           3   3.4095262608961758        17.000000000000000        5.3488938727818249     
           1           4   3.3322795474863400        17.000000000000000        5.3491557741301348     
           1           5   3.3428302782257613        17.000000000000000        5.3489985766411792     
           1           6   3.2608457501458541        17.000000000000000        5.3489977183433375     
           1           7   3.3108479378837510        17.000000000000000        5.3491555539479032     
           1           8   22.363515503178050        17.000000000000000        9.3982909019246765     
           1           9   3.2532234575281604        17.000000000000000        5.3488927683584686     
           1          10   3.2710501602796214        17.000000000000000        5.3491551486403335     
           1          11   3.2631699255872855        17.000000000000000        5.3491551486403335     
           1          12   8.2312380786925736        17.000000000000000        5.6916970463542098     
           1          13   3.2766577517881714        17.000000000000000        5.3491553456672625     
           1          14   3.3399503461302769        17.000000000000000        5.3491557741301348     
           1          15   3.2553162625773289        17.000000000000000        5.3496799624026776     
           1          16   3.2919105833139306        17.000000000000000        5.3489979153788969     
           1          17   3.3006201049805415        17.000000000000000        5.3495928937744726     
           1          18   3.3521590744329446        17.000000000000000        5.3489286096860909     
           1          19   3.2981777805792643        17.000000000000000        5.3495928937744726     
           1          20   3.3156975310825496        17.000000000000000        5.3495931139296626     
           1          21   3.2701374930785101        17.000000000000000        5.3489979153788969     
           1          22   3.3508452302545209        17.000000000000000        5.3492434709139438     
           1          23   3.3696263606559436        17.000000000000000        5.3489286096860909     
           1          24   3.3998578126825536        17.000000000000000        5.3491562529828895     
           1          25   3.2542713568802704        16.000000000000000        5.3488927683584686     
           1          26   3.3116474428309890        16.000000000000000        5.3492432381492954     
           1          27   3.4800411820383581        16.000000000000000        5.3584163101898827     
           1          28   3.3039997176857585        16.000000000000000        5.3490678836078347     
           1          29   3.3591065125847379        16.000000000000000        5.3490685448572162     
           1          30   13.294808493656820        16.000000000000000        6.2797226751159201     
           1          31   57.979277742579740        16.000000000000000        55.361646061927210     
           1          32   3.3304934527158525        16.000000000000000        5.3490683120811804     
           1          33   3.3007319006449696        16.000000000000000        5.3488929653997914     
           1          34   3.2933071273853356        16.000000000000000        5.3495928937744726     
           1          35   3.4053419459688561        16.000000000000000        5.3495935927239966     
           1          36   3.3006686719306542        16.000000000000000        5.3491555539479032     
           1          37   3.2774916173796020        16.000000000000000        5.3489279484109069     
           1          38   3.3420076130912619        16.000000000000000        5.3496805878008713     
           1          39   3.3438344156878075        16.000000000000000        5.3495933466715861     
           1          40   3.3312180216174045        16.000000000000000        5.3489283769010134     
           1          41   3.2662686596062080        16.000000000000000        5.3489277513715274     
           1          42   3.2944356889909465        16.000000000000000        5.3495928937744726     
           1          43   3.2840509553510691        16.000000000000000        5.3490678836078347     
           1          44   3.3145601624150256        16.000000000000000        5.3490683120811804     
           1          45   3.3682547037742916        16.000000000000000        5.3490119723447185     
           1          46   3.3732919260381942        16.000000000000000        5.3489286096860909     
           1          47   83.920464764710971        16.000000000000000        79.118483700712773     
           1          48   3.3037194130309819        16.000000000000000        5.3489979153788969     
           1          49   57.930367326482916        16.000000000000000        55.397493331870159     
           1          50   13.218305835697084        16.000000000000000        5.9604764156788592     
           1          51   3.2557239354020036        16.000000000000000        5.3490676865761104     
           1          52   3.4029804957664163        16.000000000000000        5.3490129533027231     
           1          53   3.2555083985142286        16.000000000000000        5.3491551486403335     
           1          54   3.3442677660792883        16.000000000000000        5.3491560069004498     
           1          55   3.4204846315306749        16.000000000000000        5.3489288557841048     
           1          56   3.4485736650480936        16.000000000000000        5.3584129853851303     
           1          57   3.2939994522459499        16.000000000000000        5.3496803676510210     
           1          58   3.4439404842590875        16.000000000000000        5.3488938727818249     
           1          59   3.3540889160930170        16.000000000000000        5.3495933466715861     
           1          60   3.3258599998356608        16.000000000000000        5.3492432381492954     
           1          61   85.260350584008890        16.000000000000000        81.164252785853677     
           1          62   3.3171095124767018        16.000000000000000        5.3491551486403335     
           1          63   3.3154150517029133        16.000000000000000        5.3492432381492954     
           1          64   3.3703642144805883        16.000000000000000        5.3489288557841048     
           1          65   3.3088760176001544        16.000000000000000        5.3496801594007986     
           1          66   10.157716019069811        16.000000000000000        5.8586528481684947     
           1          67   3.2542989702697924        16.000000000000000        5.3490676865761104     
           1          68   3.2732235659485958        16.000000000000000        5.3495926855191822     
           1          69   3.3192055073581748        16.000000000000000        5.3491684752790407     
           1          70   3.3932636735653636        16.000000000000000        5.3496810665835399     
           1          71   3.2760456896247683        16.000000000000000        5.3491553456672625     
           1          72   3.2993055263743525        16.000000000000000        5.3492430179724879     
           1          73   3.3030160956297676        16.000000000000000        5.3492430179724879     
           1          74   3.3712643197665693        16.000000000000000        5.3490687909456218     
           1          75   3.3050379621641359        16.000000000000000        5.3490676865761104     
           1          76   3.2594693779843795        16.000000000000000        5.3496799624026776     
           1          77   3.3448835467628957        16.000000000000000        5.3489985766411792     
           1          78   3.3522759211231832        16.000000000000000        5.3496808205371043     
           1          79   3.3867154435844511        16.000000000000000        5.3489988227343757     
           1          80   11.327669924922063        16.000000000000000        5.9550392741825950     
           1          81   3.3406650971988143        16.000000000000000        5.3495933466715861     
           1          82   3.3373389767590433        16.000000000000000        5.3496805878008713     
           1          83   3.3078797032569849        16.000000000000000        5.3496799624026776     
           1          84   3.4202006955869559        16.000000000000000        5.3492437169903271     
           1          85   11.647029674227280        16.000000000000000        5.9545665815525055     
           1          86   3.4426070153478685        16.000000000000000        5.3491725191480368     
           1          87   3.3414935640632653        16.000000000000000        5.3496805878008713     
           1          88   10.156608184592406        16.000000000000000        5.8579830508518560     
           1          89   3.3521729009284922        16.000000000000000        5.3496808205371043     
           1          90   3.3940974086641984        16.000000000000000        5.3488938727818249     
           1          91   3.4461453782020453        16.000000000000000        5.3496087611905745     
           1          92   3.3116976074100757        16.000000000000000        5.3488933938940715     
           1          93   3.3419148117045459        16.000000000000000        5.3489985766411792     
           1          94   3.2935987337565455        16.000000000000000        5.3489981236687427     
           1          95   3.3893138917144374        16.000000000000000        5.3491694026541028     
           1          96   7.9709585088830543        16.000000000000000        5.6915475450283788     
           1          97   3.2821396369126945        16.000000000000000        5.3496801594007986     
           1          98   3.3225739322025065        16.000000000000000        5.3496058152061305     
           1          99   3.2984761908128832        16.000000000000000        5.3491555539479032     
           1         100   3.2779117910022331        16.000000000000000        5.3496801594007986     
           1         101   3.3954332302252421        16.000000000000000        5.3495933466715861     
           1         102   3.3960991582553834        16.000000000000000        5.3496077234988064     
           1         103   3.3440623673357233        16.000000000000000        5.3495933466715861     
           1         104   3.3701509899858642        16.000000000000000        5.3491562529828895     
           1         105   3.2562574665895392        16.000000000000000        5.3492426126748098     
           1         106   3.2860371434688034        16.000000000000000        5.3488929653997914     
           1         107   3.9321521738444538        16.000000000000000        5.3588895836068859     
           1         108   3.2928469385004688        16.000000000000000        5.3492550625320945     
           1         109   3.3449370226564410        16.000000000000000        5.3492434709139438     
           1         110   3.3972772153066306        16.000000000000000        5.3488936266814315     
           1         111   3.2680700633712085        16.000000000000000        5.3492426126748098     
           1         112   3.3714851121556206        16.000000000000000        5.3489288557841048     
           1         113   3.3443403028299548        16.000000000000000        5.3489985766411792     
           1         114   8.0883501824382105        16.000000000000000        5.6915103566133558     
           1         115   3.3274470968022842        16.000000000000000        5.3490810132045841     
           1         116   3.5787243672995817        16.000000000000000        5.3598509621850514     
           1         117   11.348910229027428        16.000000000000000        5.3243776718813187     
           1         118   11.971812871058972        16.000000000000000        5.8689816076525751     
           1         119   13.726271341952275        16.000000000000000        5.9615427707746349     
           1         120   3.3395440592977779        16.000000000000000        5.3495933466715861     
           1         121   3.6498562621040769        16.000000000000000        5.3591704040151891     
           1         122   3.3663233832601378        16.000000000000000        5.3489286096860909     
           1         123   3.3461771040487243        16.000000000000000        5.3488936266814315     
           1         124   3.3032250395991145        16.000000000000000        5.3489981236687427     
           1         125   3.3820690920442189        16.000000000000000        5.3491703836058671     
           1         126   3.4424258031680961        16.000000000000000        5.3489101388782805     
           1         127   16.696725065259251        16.000000000000000        8.8525758877820167     
           1         128   3.3253474758580217        16.000000000000000        5.3495931139296626     
           1         129   3.2855558452204341        16.000000000000000        5.3492428096968583     
           1         130   3.3174505788682245        16.000000000000000        5.3488933938940715     
           1         131   3.3444151826420159        16.000000000000000        5.3492434709139438     
           1         132   21.899771524623635        16.000000000000000        8.4002698790030781     
           1         133   198.53229767735468        16.000000000000000        189.31097761038660     
           1         134   3.3694450644477758        16.000000000000000        5.3489988227343757     
           1         135   3.3468463040696554        16.000000000000000        5.3492434709139438     
           1         136   83.615354108634435        16.000000000000000        79.156622002756492     
           1         137   3.2798555642881371        16.000000000000000        5.3488929653997914     
           1         138   3.2542101653960511        16.000000000000000        5.3495924885162207     
           1         139   3.3972797691899825        16.000000000000000        5.3495935927239966     
           1         140   7.9249326896067007        16.000000000000000        5.6922537569813851     
           1         141   139.26508082324469        16.000000000000000        130.18797872202148     
           1         142   284.10461962571480        16.000000000000000        273.73745212438143     
           1         143   3.4130832004273017        16.000000000000000        5.3489288557841048     
           1         144   3.2778663216690118        16.000000000000000        5.3489979153788969     
           1         145   3.2863938995860233        16.000000000000000        5.3495926855191822     
           1         146   3.9990450283119152        16.000000000000000        5.3594131553585438     
           1         147   3.2712959235128714        16.000000000000000        5.3490678836078347     
           1         148   3.7368503534854880        16.000000000000000        5.3589768406108620     
           1         149   3.8411845367178632        16.000000000000000        5.3602193291469620     
           1         150   197.05843540146219        16.000000000000000        187.96528441278912     
           1         151   256.93088678744891        16.000000000000000        244.24473697462673     
           1         152   3.3126305177836852        16.000000000000000        5.3488933938940715     
           1         153   3.2843735760683290        16.000000000000000        5.3488929653997914     
           1         154   3.5909232153025217        16.000000000000000        5.3582384281384750     
           1         155   3.3897835335599522        16.000000000000000        5.3489288557841048     
           1         156   3.3231740482545407        16.000000000000000        5.3489981236687427     
           1         157   3.3296264417992818        16.000000000000000        5.3488933938940715     
           1         158   10.298536249544146        16.000000000000000        5.8581750347201513     
           1         159   3.4919515268947663        16.000000000000000        5.3582384281384750     
           1         160   3.3996604491420106        16.000000000000000        5.3491562529828895     
           1         161   10.517397972703650        16.000000000000000        5.8581755596330414     
           1         162   10.610055863256743        16.000000000000000        5.8579077446243666     
           1         163   3.2903489155198757        16.000000000000000        5.3490680918936162     
           1         164   3.2711693685943648        16.000000000000000        5.3489979153788969     
           1         165   3.5628824593108366        16.000000000000000        5.3588494131690672     
           1         166   3.3194892242069400        16.000000000000000        5.3492432381492954     
           1         167   3.2885881753682047        16.000000000000000        5.3491553456672625     
           1         168   3.3336455653433985        16.000000000000000        5.3496805878008713     
           1         169   3.3922562743831257        16.000000000000000        5.3492437169903271     
           1         170   7.9812451203167001        16.000000000000000        5.6918950803414452     
           1         171   3.6832882398911093        16.000000000000000        5.3601320830339638     
           1         172   3.5568960362718154        16.000000000000000        5.3587621236501111     
           1         173   3.3455458588790878        16.000000000000000        5.3489983438606119     
           1         174   3.4972071668057971        16.000000000000000        5.3580987880460045     
           1         175   10.555007284874067        16.000000000000000        5.8585581817363632     
           1         176   57.981946110123573        16.000000000000000        56.033360061663039     
           1         177   3.7116866271185769        16.000000000000000        5.3605191990283299     
           1         178   3.3124639985385764        16.000000000000000        5.3489981236687427     
           1         179   3.3853308702334952        16.000000000000000        5.3489985766411792     
           1         180   10.548878860187893        16.000000000000000        5.8577929719221249     
           1         181   10.641292673481889        16.000000000000000        5.8581755596330414     
           1         182   7.8928687440064431        16.000000000000000        5.6916214912892791     
           1         183   3.2738986385310165        16.000000000000000        5.3492428096968583     
           1         184   3.3565355197382751        16.000000000000000        5.3496808205371043     
           1         185   3.3825874731943837        16.000000000000000        5.3489429863281659     
           1         186   3.3597492197869339        16.000000000000000        5.3490819405830319     
           1         187   3.3424428064308134        16.000000000000000        5.3489985766411792     
           1         188   3.6188765907620977        16.000000000000000        5.3594690773772342     
           1         189   3.2838897904709756        16.000000000000000        5.3490678836078347     
           1         190   3.3190570321956510        16.000000000000000        5.3488933938940715     
           1         191   3.2834554080467071        16.000000000000000        5.3488929653997914     
           1         192   3.3772672170778657        16.000000000000000        5.3489429863281659     
           1         193   3.3492709303377213        16.000000000000000        5.3490819405830319     
           1         194   4.3377626466626307        16.000000000000000        5.3589768406108620     
           1         195   10.170539490601058        16.000000000000000        5.8585569712867764     
           1         196   3.2853650305797610        16.000000000000000        5.3489277513715274     
           1         197   3.5359702945803315        16.000000000000000        5.3590640995965222     
           1         198   3.3218653205565931        16.000000000000000        5.3489983438606119     
           1         199   3.2891359866742484        16.000000000000000        5.3488931736957763     
           1         200   3.2894848850803551        16.000000000000000        5.3489979153788969     
           1         201   8.1909921910453942        16.000000000000000        5.6918827380915324     
           1         202   3.3367111842163233        16.000000000000000        5.3496805878008713     
           1         203   3.3750174243600553        16.000000000000000        5.3488936266814315     
           1         204   3.2879871557971669        16.000000000000000        5.3488931736957763     
           1         205   3.2811282253133225        16.000000000000000        5.3492428096968583     
           1         206   3.3820344722027893        16.000000000000000        5.3490687909456218     
           1         207   3.3600122346911170        16.000000000000000        5.3496808205371043     
           1         208   3.3099482156563620        16.000000000000000        5.3489979153788969     
           1         209   3.3478800597594565        16.000000000000000        5.3489981236687427     
           1         210   3.3239655388757239        16.000000000000000        5.3489283769010134     
           1         211   3.3923218492640856        16.000000000000000        5.3489288557841048     
           1         212   3.6203363431907638        16.000000000000000        5.3597831184117926     
           1         213   10.615650133813576        16.000000000000000        5.8585581817363632     
           1         214   3.3200888369626411        16.000000000000000        5.3491557741301348     
           1         215   3.2705450341130415        16.000000000000000        5.3489279484109069     
           1         216   3.3481463162687559        16.000000000000000        5.3488936266814315     
           1         217   10.553215714229536        16.000000000000000        5.8580799094811704     
           1         218   3.3841315844525592        16.000000000000000        5.3491562529828895     
           1         219   141.94487455892519        16.000000000000000        134.37498754070552     
           1         220   3.3715551519509441        16.000000000000000        5.3491562529828895     
           1         221   333.50039422201326        16.000000000000000        316.36688231149577     
           1         222   3.3401279621436597        16.000000000000000        5.3489286096860909     
           1         223   3.2780677882192815        16.000000000000000        5.3489979153788969     
           1         224   361.60456924923358        16.000000000000000        353.95734979261022     
           1         225   4.6103481544812697        16.000000000000000        5.3606064328708287     
           1         226   558.53668296009891        16.000000000000000        537.24118285092732     
           1         227   4.1852483880144256        16.000000000000000        5.3584129853851303     
           1         228   10.385247171123783        16.000000000000000        5.8581750347201513     
           1         229   10.655014641744788        16.000000000000000        5.8580020926737770     
           1         230   387.95015982360860        16.000000000000000        369.04429537768914     
           1         231   3.3928352828586612        16.000000000000000        5.3489288557841048     
           1         232   3.3431803726435234        16.000000000000000        5.3490685448572162     
           1         233   3.3422025269369202        16.000000000000000        5.3490685448572162     
           1         234   3.3117445122747573        16.000000000000000        5.3490683120811804     
           1         235   3.2957568976910263        16.000000000000000        5.3488929653997914     
           1         236   3.2569446477370985        16.000000000000000        5.3488927683584686     
           1         237   10.282867036593144        16.000000000000000        5.8578302344691773     
           1         238   3.3718525541800459        16.000000000000000        5.3496808205371043     
           1         239   3.3751177442236191        16.000000000000000        5.3489985766411792     
           1         240   3.3730626856557628        16.000000000000000        5.3489286096860909     
           1         241   10.309078521157009        16.000000000000000        5.8577924469579301     
           1         242   3.2810949150784237        16.000000000000000        5.3490676865761104     
           1         243   3.6491901061447587        16.000000000000000        5.3581686074583255     
           1         244   3.2863687994919766        16.000000000000000        5.3488929653997914     
           1         245   725.85653724469296        16.000000000000000        691.69423048303804     
           1         246   14.421097330386081        16.000000000000000        5.8699625943504063     
           1         247   3.3565814540879688        16.000000000000000        5.3489286096860909     
           1         248   8.2428832040261550        16.000000000000000        5.6922549326937162     
           1         249   3.3219761595711694        16.000000000000000        5.3488933938940715     
           1         250   3.3310171952748839        16.000000000000000        5.3491557741301348     
           1         251   3.3152066555763464        16.000000000000000        5.3489283769010134     
           1         252   780.43640246853386        16.000000000000000        744.98216493125972     
           1         253   3.4050073479721172        16.000000000000000        5.3492437169903271     
           1         254   3.3371225576112629        16.000000000000000        5.3495928937744726     
           1         255   3.3083208525962196        16.000000000000000        5.3492430179724879     
           1         256   3.2957139325035172        16.000000000000000        5.3496801594007986     
           1         257   3.2900087856450932        16.000000000000000        5.3488931736957763     
           1         258   3.3461921448276533        16.000000000000000        5.3492434709139438     
           1         259   3.6715577265023045        16.000000000000000        5.3586432017640746     
           1         260   10.422480686241068        16.000000000000000        5.8578307041866031     
           1         261   3.3272258351770403        16.000000000000000        5.3488933938940715     
           1         262   3.4230676967695475        16.000000000000000        5.3491694026541028     
           1         263   14.436060842651349        16.000000000000000        9.0420110321952532     
           1         264   3.3726257583122563        16.000000000000000        5.3489983438606119     
           1         265   27.466858731808912        16.000000000000000        26.622823855428940     
           1         266   3.2666407820496759        16.000000000000000        5.3488927683584686     
           1         267   3.3051210298735478        16.000000000000000        5.3488931736957763     
           1         268   3.3507838392270957        16.000000000000000        5.3495931139296626     
           1         269   10.118264969367008        16.000000000000000        5.8586526322161694     
           1         270   3.4424115666168276        16.000000000000000        5.3490687909456218     
           1         271   3.3827821124338988        16.000000000000000        5.3488936266814315     
           1         272   3.2905441923771583        16.000000000000000        5.3491675984842164     
           1         273   3.2920051750462398        16.000000000000000        5.3496803676510210     
           1         274   8.0026308328021845        16.000000000000000        5.6917890561128761     
           1         275   3.3202194054294814        16.000000000000000        5.3491557741301348     
           1         276   3.2779678592023282        16.000000000000000        5.3492428096968583     
           1         277   3.7251862084895406        16.000000000000000        5.3595388620530748     
           1         278   3.2884938378628865        16.000000000000000        5.3488927683584686     
           1         279   3.4601105342213914        16.000000000000000        5.3491725191480368     
           1         280   3.3205361744647277        16.000000000000000        5.3491557741301348     
           1         281   3.2950376745047594        16.000000000000000        5.3496803676510210     
           1         282   3.3840549781115943        16.000000000000000        5.3492437169903271     
           1         283   14.347747884169891        16.000000000000000        5.8736777457721985     
           1         284   3.2572818433598463        16.000000000000000        5.3491551486403335     
           1         285   3.3426351475599181        16.000000000000000        5.3490685448572162     
           1         286   3.3530486950244054        16.000000000000000        5.3491560069004498     
           1         287   3.3617964502855813        16.000000000000000        5.3489985766411792     
           1         288   3.3316788634031154        16.000000000000000        5.3496805878008713     
           1         289   3.3705686074744907        16.000000000000000        5.3489988227343757     
           1         290   3.4032745035041074        16.000000000000000        5.3491560069004498     
           1         291   3.2829943059477888        16.000000000000000        5.3489277513715274     
           1         292   3.2673682925689991        16.000000000000000        5.3490676865761104     
           1         293   3.5504783600614411        16.000000000000000        5.3580638788152202     
           1         294   3.2885703256895971        16.000000000000000        5.3490680918936162     
           1         295   3.3537588312617932        16.000000000000000        5.3489985766411792     
           1         296   3.3825587688673902        16.000000000000000        5.3492434709139438     
           1         297   3.3818780077883508        16.000000000000000        5.3492437169903271     
           1         298   3.3159449022163776        16.000000000000000        5.3495931139296626     
           1         299   3.2771946633642441        16.000000000000000        5.3495926855191822     
           1         300   3.3409369526387125        16.000000000000000        5.3495933466715861     
           1         301   3.3506853919392490        16.000000000000000        5.3495931139296626     
           1         302   3.3901030051057126        16.000000000000000        5.3489288557841048     
           1         303   8.4167555052233087        16.000000000000000        5.6919003196312259     
           1         304   3.4123112520595815        16.000000000000000        5.3496087611905745     
           1         305   3.4202029592197984        16.000000000000000        5.3580987880460045     
           1         306   3.3421535844989863        16.000000000000000        5.3492428096968583     
           1         307   3.3568492789920401        16.000000000000000        5.3489402011805707     
           1         308   3.3777463206096239        16.000000000000000        5.3489410779836213     
           1         309   3.2920277601726404        16.000000000000000        5.3489279484109069     
           1         310   3.3727612697255855        16.000000000000000        5.3489985766411792     
           1         311   3.2978651390980942        16.000000000000000        5.3495928937744726     
           1         312   3.2756963135417609        16.000000000000000        5.3488929653997914     
           1         313   3.3138258767160096        16.000000000000000        5.3490683120811804     
           1         314   3.3303230617753914        16.000000000000000        5.3489283769010134     
           1         315   3.3879995767113518        16.000000000000000        5.3488936266814315     
           1         316   3.3306530861185690        16.000000000000000        5.3489281567048650     
           1         317   3.3409997106810398        16.000000000000000        5.3495933466715861     
           1         318   3.2841737601640304        16.000000000000000        5.3496801594007986     
           1         319   3.3908673923923089        16.000000000000000        5.3490685448572162     
           1         320   3.2859180996388511        16.000000000000000        5.3491553456672625     
           1         321   10.306834261330811        16.000000000000000        5.8577924469579301     
           1         322   3.3393250232654941        16.000000000000000        5.3495933466715861     
           1         323   12.006862578382144        16.000000000000000        5.8710274117922641     
           1         324   3.4555503358802322        16.000000000000000        5.3490150888582955     
           1         325   3.3595803897361227        16.000000000000000        5.3496942164579746     
           1         326   3.4040792820597634        16.000000000000000        5.3496810665835399     
           1         327   3.3513577022956884        16.000000000000000        5.3489985766411792     
           1         328   3.2656092225690387        16.000000000000000        5.3491551486403335     
           1         329   3.3632614894886141        16.000000000000000        5.3490685448572162     
           1         330   3.3970875885437386        16.000000000000000        5.3490839592519048     
           1         331   3.2681848360242962        16.000000000000000        5.3489277513715274     
           1         332   8.2935584141006178        16.000000000000000        5.6923479210695751     
           1         333   10.370135986356063        16.000000000000000        5.8580791431883643     
           1         334   3.2905724768315907        16.000000000000000        5.3491555539479032     
           1         335   3.3640678759306373        16.000000000000000        5.3491560069004498     
           1         336   11.758692226807437        16.000000000000000        5.8687499143545976     
           1         337   3.2886588192363213        16.000000000000000        5.3490678836078347     
           1         338   10.490971234270029        16.000000000000000        5.8581910498724259     
           1         339   3.3382608361340864        16.000000000000000        5.3492434709139438     
           1         340   3.6145293116415265        16.000000000000000        5.3581686074583255     
           1         341   3.3681744633246899        16.000000000000000        5.3495935927239966     
           1         342   3.3386795455975555        16.000000000000000        5.3491560069004498     
           1         343   11.978351358684545        16.000000000000000        5.8706303334590917     
           1         344   3.2686849313910336        16.000000000000000        5.3492426126748098     
           1         345   3.3020345180809549        16.000000000000000        5.3491555539479032     
           1         346   3.3005572429632526        16.000000000000000        5.3492430179724879     
           1         347   3.2555871048137419        16.000000000000000        5.3496799624026776     
           1         348   3.2740509398161843        16.000000000000000        5.3488927683584686     
           1         349   3.3144383489317226        16.000000000000000        5.3490683120811804     
           1         350   3.2590330537498322        16.000000000000000        5.3491551486403335     
           1         351   3.3867200452390018        16.000000000000000        5.3490687909456218     
           1         352   3.3511446078761624        16.000000000000000        5.3492432381492954     
           1         353   10.220740599626868        16.000000000000000        5.8578300184714589     
           1         354   3.3003244371564917        16.000000000000000        5.3489981236687427     
           1         355   3.3298721147413781        16.000000000000000        5.3495931139296626     
           1         356   10.431174304976485        16.000000000000000        5.8578307041866031     
           1         357   10.438988182510981        16.000000000000000        5.8585581817363632     
           1         358   3.3248184969772248        16.000000000000000        5.3489283769010134     
           1         359   3.3776479184647572        16.000000000000000        5.3495935927239966     
           1         360   3.3443476013265423        16.000000000000000        5.3489985766411792     
           1         361   3.3063977029721543        16.000000000000000        5.3491555539479032     
           1         362   3.3852337584095920        16.000000000000000        5.3492437169903271     
           1         363   3.2959136596278515        16.000000000000000        5.3489281567048650     
           1         364   3.3181338093642103        16.000000000000000        5.3495931139296626     
           1         365   8.1164716770819325        16.000000000000000        5.6918970013360095     
           1         366   3.3384491979906330        16.000000000000000        5.3488936266814315     
           1         367   10.402200355273512        16.000000000000000        5.8585725967935556     
           1         368   3.3420683176295198        16.000000000000000        5.3488933938940715     
           1         369   3.3902305858134758        16.000000000000000        5.3492568666954865     
           1         370   3.4397894654403700        16.000000000000000        5.3496962350768182     
           1         371   3.3063147480296293        16.000000000000000        5.3496801594007986     
           1         372   10.473670341693213        16.000000000000000        5.8580796397217760     
           1         373   3.3861223169636219        16.000000000000000        5.3492437169903271     
           1         374   3.3534385853912725        16.000000000000000        5.3495933466715861     
           1         375   3.2611309837877958        16.000000000000000        5.3489277513715274     
           1         376   3.4359010931542735        16.000000000000000        5.3492599831783645     
           1         377   3.4005128810503487        16.000000000000000        5.3489090410346991     
           1         378   3.3688123220143487        16.000000000000000        5.3496810665835399     
           1         379   3.2799685124410161        16.000000000000000        5.3496801594007986     
           1         380   3.3575965300572896        16.000000000000000        5.3496049384271149     
           1         381   3.5193346572626423        16.000000000000000        5.3491725191480368     
           1         382   3.4290015046736486        16.000000000000000        5.3496951973886979     
           1         383   3.6475163384686451        16.000000000000000        5.3605191990283299     
           1         384   3.7587802670170398        16.000000000000000        5.3598562866443658     
           1         385   7.2309678608274446        16.000000000000000        2.8986331749252940     
           1         386   10.394780455334670        16.000000000000000        5.8578307041866031     
           1         387   3.3358074843419181        16.000000000000000        5.3489983438606119     
           1         388   3.5215808062544665        16.000000000000000        5.3597637043973831     
           1         389   7.9858096889188950        16.000000000000000        5.6916219228621543     
           1         390   3.3503942759681418        16.000000000000000        5.3496808205371043     
           1         391   3.2797148448961146        16.000000000000000        5.3495924885162207     
           1         392   11.959367765318092        16.000000000000000        5.8673090888561097     
           1         393   3.3847519125781349        16.000000000000000        5.3495935927239966     
           1         394   3.3660627570890420        16.000000000000000        5.3488938727818249     
           1         395   9.5120421668855037        16.000000000000000        5.7008724340772581     
           1         396   3.6667762370923334        16.000000000000000        5.3595004242539677     
           1         397   3.2815750674841375        16.000000000000000        5.3490678836078347     
           1         398   10.352927652212765        16.000000000000000        5.8585576568747655     
           1         399   3.3999169174007395        16.000000000000000        5.3488938727818249     
           1         400   3.3358937307501861        16.000000000000000        5.3495931139296626     
           1         401   3.3003133687712696        16.000000000000000        5.3491555539479032     
           1         402   3.3688505530634449        16.000000000000000        5.3495933466715861     
           1         403   3.4200385574894203        16.000000000000000        5.3496087611905745     
           1         404   11.709562322401105        16.000000000000000        5.8683078198766960     
           1         405   3.2601161099721443        16.000000000000000        5.3491551486403335     
           1         406   3.3004205661586439        16.000000000000000        5.3489981236687427     
           1         407   3.3941832004824408        16.000000000000000        5.3496951973886979     
           1         408   11.893033625370554        16.000000000000000        5.8679597591700086     
           1         409   3.3392440845110745        16.000000000000000        5.3490683120811804     
           1         410   3.4449736117685155        16.000000000000000        5.3492599831783645     
           1         411   3.3554042866206673        16.000000000000000        5.3490819405830319     
           2           1   3.2966089584862974        17.000000000000000        4.1501971018330455     
           2           2   3.4100178766593809        17.000000000000000        4.1496705786525236     
           2           3   3.3415582582701764        17.000000000000000        4.1497797283628177     
           2           4   3.3753776914373192        17.000000000000000        4.1497255040400765     
           2           5   3.3908396193618202        17.000000000000000        4.1498517340845114     
           2           6   3.3950479781078071        17.000000000000000        4.1497263177841051     
           2           7   3.3261181877683210        17.000000000000000        4.1496403798825581     
           2           8   16.059256525306104        17.000000000000000        5.7613483057071946     
           2           9   3.3563107376284327        17.000000000000000        4.1498509203703344     
           2          10   3.3041795538360810        17.000000000000000        4.1496675436754753     
           2          11   3.3982086041758821        17.000000000000000        4.1499214117539864     
           2          12   7.9728471221366632        17.000000000000000        4.4066181521047252     
           2          13   3.2927450435357080        17.000000000000000        4.1497790229277145     
           2          14   3.2920921579756968        17.000000000000000        4.1496390017349087     
           2          15   3.2873581734696864        17.000000000000000        4.1499183769996471     
           2          16   3.4140773208666828        17.000000000000000        4.1502698209636275     
           2          17   3.3156356029197473        17.000000000000000        4.1498494046890171     
           2          18   3.2994713676475373        17.000000000000000        4.1499183769996471     
           2          19   3.2950082178627933        17.000000000000000        4.1502667865185643     
           2          20   3.3102061019626907        17.000000000000000        4.1502674918529943     
           2          21   3.2691151066277988        17.000000000000000        4.1496390017349087     
           2          22   3.3425716053007366        17.000000000000000        4.1502682315671908     
           2          23   3.3152945256402764        17.000000000000000        4.1501971018330455     
           2          24   3.4163009482608957        17.000000000000000        4.1497820578057869     
           2          25   3.3076860753046566        16.000000000000000        4.1496403798825581     
           2          26   3.3298930319980591        16.000000000000000        4.1501985469111418     
           2          27   3.4675498189999199        16.000000000000000        4.1502066836084035     
           2          28   3.3008766472317466        16.000000000000000        4.1497226101892162     
           2          29   3.3779239772827401        16.000000000000000        4.1502690073489452     
           2          30   13.361033337130209        16.000000000000000        4.5888846838740873     
           2          31   57.982300798813839        16.000000000000000        55.169719892124881     
           2          32   3.3488265088602893        16.000000000000000        4.1501985469111418     
           2          33   3.3173203307074406        16.000000000000000        4.1498486992683059     
           2          34   3.2714348435107730        16.000000000000000        4.1498480266256346     
           2          35   3.3885232656393440        16.000000000000000        4.1498509203703344     
           2          36   3.3396240812966798        16.000000000000000        4.1496689889774521     
           2          37   3.3952610293173655        16.000000000000000        4.1499214117539864     
           2          38   3.3838285459584863        16.000000000000000        4.1497812440750188     
           2          39   3.3347499048606357        16.000000000000000        4.1501985469111418     
           2          40   3.3759002985036366        16.000000000000000        4.1499205980564104     
           2          41   3.3717683459429848        16.000000000000000        4.1498509203703344     
           2          42   3.3317097094174293        16.000000000000000        4.1496689889774521     
           2          43   3.2826868672762299        16.000000000000000        4.1498480266256346     
           2          44   3.2710811502655681        16.000000000000000        4.1496668709971827     
           2          45   3.4769964301421288        16.000000000000000        4.1496706062994493     
           2          46   3.3391396740085875        16.000000000000000        4.1501978071818639     
           2          47   83.949593360644627        16.000000000000000        79.341898258560164     
           2          48   3.3194939966451993        16.000000000000000        4.1497232828565407     
           2          49   57.959269924340582        16.000000000000000        56.567421153819666     
           2          50   13.554181517083444        16.000000000000000        4.4239745116468612     
           2          51   3.3905401779169297        16.000000000000000        4.1502698209636275     
           2          52   3.4500941828019989        16.000000000000000        4.1498509468096501     
           2          53   3.2710235554894229        16.000000000000000        4.1496668709971827     
           2          54   3.3353066898738257        16.000000000000000        4.1499198221955504     
           2          55   3.3774936893164540        16.000000000000000        4.1502682315671908     
           2          56   3.4623215665379736        16.000000000000000        4.1502763681516504     
           2          57   3.3570631292978330        16.000000000000000        4.1496418956565266     
           2          58   3.3693277948780604        16.000000000000000        4.1499190824059804     
           2          59   3.4018297087431333        16.000000000000000        4.1502001363399774     
           2          60   3.3995719085095488        16.000000000000000        4.1497820578057869     
           2          61   85.983917915792929        16.000000000000000        82.487259905047210     
           2          62   3.3772636592879075        16.000000000000000        4.1502674918529943     
           2          63   3.3877060775598609        16.000000000000000        4.1496705786525236     
           2          64   3.3580069872623253        16.000000000000000        4.1497255040400765     
           2          65   3.3031037929491016        16.000000000000000        4.1497226101892162     
           2          66   10.147539205145394        16.000000000000000        4.3589949016103233     
           2          67   3.3884252123254406        16.000000000000000        4.1502001363399774     
           2          68   3.3861750661547410        16.000000000000000        4.1496427094204620     
           2          69   3.3338147699991483        16.000000000000000        4.1496675668152436     
           2          70   3.3497459928972675        16.000000000000000        4.1498501444936808     
           2          71   3.3369574068574739        16.000000000000000        4.1501985469111418     
           2          72   3.3650175350393021        16.000000000000000        4.1497812440750188     
           2          73   3.4002336888307627        16.000000000000000        4.1498517340845114     
           2          74   3.2899116224990674        16.000000000000000        4.1498486992683059     
           2          75   3.3868156795379090        16.000000000000000        4.1496411197324443     
           2          76   3.2916022941966361        16.000000000000000        4.1499183769996471     
           2          77   3.3124437189049964        16.000000000000000        4.1497239883031662     
           2          78   3.3668901419272999        16.000000000000000        4.1497255040400765     
           2          79   3.4038393630507882        16.000000000000000        4.1497263177841051     
           2          80   11.362565806039058        16.000000000000000        4.4242527915344168     
           2          81   3.2896292024000084        16.000000000000000        4.1502667865185643     
           2          82   3.3065986256374744        16.000000000000000        4.1496675436754753     
           2          83   3.3622513826510461        16.000000000000000        4.1496682491336108     
           2          84   3.3489609506814171        16.000000000000000        4.1496682491336108     
           2          85   11.957179581790959        16.000000000000000        4.4242546661761217     
           2          86   3.3470190189745801        16.000000000000000        4.1501971249729515     
           2          87   3.3106874455979773        16.000000000000000        4.1498486992683059     
           2          88   10.588023501590461        16.000000000000000        4.3592035977810859     
           2          89   3.3166212684615819        16.000000000000000        4.1496682491336108     
           2          90   3.4113297280085098        16.000000000000000        4.1497263177841051     
           2          91   3.4590824068605008        16.000000000000000        4.1497255304793494     
           2          92   3.2868477917318422        16.000000000000000        4.1497790229277145     
           2          93   3.3107532877537054        16.000000000000000        4.1499190824059804     
           2          94   3.3603318957320516        16.000000000000000        4.1499205980564104     
           2          95   3.3600678452097767        16.000000000000000        4.1502661360977147     
           2          96   8.1311455493061704        16.000000000000000        4.4064881563477520     
           2          97   3.2807980409659372        16.000000000000000        4.1502661139581623     
           2          98   3.4122950820789182        16.000000000000000        4.1496697913344658     
           2          99   3.3384416213729740        16.000000000000000        4.1499198221955504     
           2         100   3.3619859613547649        16.000000000000000        4.1498509203703344     
           2         101   3.3127251057906255        16.000000000000000        4.1497783502713554     
           2         102   3.3594412213122955        16.000000000000000        4.1498487224081240     
           2         103   3.3105763629711475        16.000000000000000        4.1498494046890171     
           2         104   3.2718586741463027        16.000000000000000        4.1499177043706901     
           2         105   3.3602849078993540        16.000000000000000        4.1502690073489452     
           2         106   3.3735294775028160        16.000000000000000        4.1496697648952168     
           2         107   3.8516271513913578        16.000000000000000        4.1502763681516504     
           2         108   3.3732956958973994        16.000000000000000        4.1497804934698328     
           2         109   3.3371395168447568        16.000000000000000        4.1502682315671908     
           2         110   3.3846069233695784        16.000000000000000        4.1498501444936808     
           2         111   3.3221178426804863        16.000000000000000        4.1498494046890171     
           2         112   3.2904087518060869        16.000000000000000        4.1498486992683059     
           2         113   3.2942592905432155        16.000000000000000        4.1502667865185643     
           2         114   8.2578505649224709        16.000000000000000        4.4064290154764736     
           2         115   3.3424647958397240        16.000000000000000        4.1497233059963232     
           2         116   3.5888610119760291        16.000000000000000        4.1502097503906992     
           2         117   10.790625041315467        16.000000000000000        3.9561994489664865     
           2         118   11.957803850814026        16.000000000000000        4.3590674159144207     
           2         119   12.643446568624286        16.000000000000000        4.4236839266182910     
           2         120   3.3554141035317802        16.000000000000000        4.1498509203703344     
           2         121   3.5768377630786667        16.000000000000000        4.1502773439305249     
           2         122   3.4166629276158558        16.000000000000000        4.1502001363399774     
           2         123   3.3368106512241988        16.000000000000000        4.1496689889774521     
           2         124   3.3696984151200700        16.000000000000000        4.1496697648952168     
           2         125   3.3964804694521598        16.000000000000000        4.1496411450196637     
           2         126   3.4247511554130816        16.000000000000000        4.1499206244957580     
           2         127   14.772355368941767        16.000000000000000        5.8020088325849084     
           2         128   3.3667512048386263        16.000000000000000        4.1497255040400765     
           2         129   3.3010752323962160        16.000000000000000        4.1497790229277145     
           2         130   3.2747598060827121        16.000000000000000        4.1498480266256346     
           2         131   3.2910187798230619        16.000000000000000        4.1496396744186601     
           2         132   21.949731427219788        16.000000000000000        6.2244908149128246     
           2         133   198.07421406610447        16.000000000000000        188.18964531949678     
           2         134   3.2886822346042099        16.000000000000000        4.1498486992683059     
           2         135   3.3134181308630644        16.000000000000000        4.1497239883031662     
           2         136   83.353694543093738        16.000000000000000        76.036517985278167     
           2         137   3.2967237570627841        16.000000000000000        4.1497790229277145     
           2         138   3.2693837960252545        16.000000000000000        4.1499177043706901     
           2         139   3.3551872311796545        16.000000000000000        4.1501985469111418     
           2         140   8.0034897522101769        16.000000000000000        4.4066188667985333     
           2         141   139.23014119678837        16.000000000000000        127.06013616050572     
           2         142   283.99654447558504        16.000000000000000        272.43519069739040     
           2         143   3.3694218820170594        16.000000000000000        4.1499198221955504     
           2         144   3.2962365761060410        16.000000000000000        4.1501971018330455     
           2         145   3.3444973176400610        16.000000000000000        4.1497247281349532     
           2         146   3.9996710462242611        16.000000000000000        4.1502783654481901     
           2         147   3.2875710798166025        16.000000000000000        4.1497232828565407     
           2         148   3.7028900320195173        16.000000000000000        4.1498592576593643     
           2         149   3.7074795540989212        16.000000000000000        4.1498592576593643     
           2         150   197.72867080141424        16.000000000000000        185.03046285209561     
           2         151   257.43796213979681        16.000000000000000        245.54489982113427     
           2         152   3.2725343258243234        16.000000000000000        4.1502661139581623     
           2         153   3.3721465793943350        16.000000000000000        4.1497812440750188     
           2         154   3.7533263774600956        16.000000000000000        4.1498624686033736     
           2         155   3.2868230128874631        16.000000000000000        4.1498480266256346     
           2         156   3.3935943738177818        16.000000000000000        4.1501993227087013     
           2         157   3.3226752183015544        16.000000000000000        4.1496682491336108     
           2         158   10.212538000896577        16.000000000000000        4.3589078406780519     
           2         159   3.5968091945138361        16.000000000000000        4.1496523246399608     
           2         160   3.3558382294673961        16.000000000000000        4.1496411197324443     
           2         161   10.318210688512824        16.000000000000000        4.3595668921619968     
           2         162   10.387681344528511        16.000000000000000        4.3590548630043857     
           2         163   3.2704068502605921        16.000000000000000        4.1498480266256346     
           2         164   3.3861600021664180        16.000000000000000        4.1496427094204620     
           2         165   3.7190178009389601        16.000000000000000        4.1502108700086460     
           2         166   3.2769999039641244        16.000000000000000        4.1501964292589317     
           2         167   3.2860879012123752        16.000000000000000        4.1497226101892162     
           2         168   3.3498607761635575        16.000000000000000        4.1501985469111418     
           2         169   3.3793801120199691        16.000000000000000        4.1502690073489452     
           2         170   8.1161700835217783        16.000000000000000        4.4064865715527510     
           2         171   3.7384615599301090        16.000000000000000        4.1497939648093256     
           2         172   3.5646642322755988        16.000000000000000        4.1497328655996926     
           2         173   3.3617089301997698        16.000000000000000        4.1497247281349532     
           2         174   3.6911940364602898        16.000000000000000        4.1498636408928977     
           2         175   10.605876083499668        16.000000000000000        4.3594961885880394     
           2         176   57.989070440981969        16.000000000000000        56.857276706267029     
           2         177   3.5490232384346561        16.000000000000000        4.1498592576593643     
           2         178   3.3285046889415373        16.000000000000000        4.1497239883031662     
           2         179   3.4347141132344370        16.000000000000000        4.1499214117539864     
           2         180   10.339540503143526        16.000000000000000        4.3589963499362474     
           2         181   10.495479837666334        16.000000000000000        4.3594945181811475     
           2         182   7.9310530490137694        16.000000000000000        4.4063963705552229     
           2         183   3.3594108819807320        16.000000000000000        4.1499205980564104     
           2         184   3.3713141286589066        16.000000000000000        4.1497812440750188     
           2         185   3.4649818681107312        16.000000000000000        4.1502001639871171     
           2         186   3.4316095922623817        16.000000000000000        4.1497255304793494     
           2         187   3.2901723957870121        16.000000000000000        4.1496675436754753     
           2         188   3.5247461970108032        16.000000000000000        4.1502076594081547     
           2         189   3.3706626671477871        16.000000000000000        4.1497255040400765     
           2         190   3.3127537267888623        16.000000000000000        4.1496403798825581     
           2         191   3.3714517545852276        16.000000000000000        4.1498509203703344     
           2         192   3.3237730761639548        16.000000000000000        4.1496390238742960     
           2         193   3.3652117257296186        16.000000000000000        4.1499191065942957     
           2         194   4.3985204013472607        16.000000000000000        4.1497916727330013     
           2         195   10.598400761335339        16.000000000000000        4.3592035977810859     
           2         196   3.3662908832203446        16.000000000000000        4.1498501444936808     
           2         197   3.5137961597983529        16.000000000000000        4.1498592576593643     
           2         198   3.2772563675472228        16.000000000000000        4.1496390017349087     
           2         199   3.3550432965418766        16.000000000000000        4.1497255040400765     
           2         200   3.3797518076914632        16.000000000000000        4.1502690073489452     
           2         201   8.3067526728375256        16.000000000000000        4.4064890209640328     
           2         202   3.2903685629340576        16.000000000000000        4.1502661139581623     
           2         203   3.3654921339902382        16.000000000000000        4.1502682315671908     
           2         204   3.2691364428015404        16.000000000000000        4.1499177043706901     
           2         205   3.2985904067640068        16.000000000000000        4.1501971018330455     
           2         206   3.2999198570104196        16.000000000000000        4.1502667865185643     
           2         207   3.3049915413962205        16.000000000000000        4.1501971018330455     
           2         208   3.3085798517075444        16.000000000000000        4.1501964292589317     
           2         209   3.3637177685977830        16.000000000000000        4.1498494046890171     
           2         210   3.3177890590083661        16.000000000000000        4.1497797283628177     
           2         211   3.3274764032481015        16.000000000000000        4.1498494046890171     
           2         212   3.5199941276839697        16.000000000000000        4.1496781024909728     
           2         213   10.397758581091825        16.000000000000000        4.3595668921619968     
           2         214   3.3634052683910016        16.000000000000000        4.1498509203703344     
           2         215   3.3862755688970716        16.000000000000000        4.1497820578057869     
           2         216   3.3408756287572610        16.000000000000000        4.1501985469111418     
           2         217   10.418980138614717        16.000000000000000        4.3592019272380105     
           2         218   3.3697984206767706        16.000000000000000        4.1497255040400765     
           2         219   141.91089887771088        16.000000000000000        134.46488486442709     
           2         220   3.3101069258366387        16.000000000000000        4.1499190824059804     
           2         221   334.07826611686141        16.000000000000000        322.25324426081119     
           2         222   3.2719215517824036        16.000000000000000        4.1498480266256346     
           2         223   3.2765866096061971        16.000000000000000        4.1496668709971827     
           2         224   362.21857611469881        16.000000000000000        356.07215337814807     
           2         225   4.5913917064846705        16.000000000000000        4.1497382249437536     
           2         226   558.07865257456410        16.000000000000000        539.64941443643318     
           2         227   4.4806762965253659        16.000000000000000        4.1498636408928977     
           2         228   10.618725161544809        16.000000000000000        4.3589402860042021     
           2         229   10.702051295655952        16.000000000000000        4.3589403150596651     
           2         230   389.51891900774706        16.000000000000000        375.28025921286371     
           2         231   3.2885769613000559        16.000000000000000        4.1497226101892162     
           2         232   3.3924181139623015        16.000000000000000        4.1502001363399774     
           2         233   3.3593938707374740        16.000000000000000        4.1497812440750188     
           2         234   3.3566210213496981        16.000000000000000        4.1501993227087013     
           2         235   3.3595695176969342        16.000000000000000        4.1502682315671908     
           2         236   3.3604725651272322        16.000000000000000        4.1497812440750188     
           2         237   10.668690621287803        16.000000000000000        4.3589110303066718     
           2         238   3.3856479318845256        16.000000000000000        4.1496418956565266     
           2         239   3.3393750182659780        16.000000000000000        4.1498494046890171     
           2         240   3.3159197512365788        16.000000000000000        4.1496675436754753     
           2         241   10.452121802868922        16.000000000000000        4.3595684848691407     
           2         242   3.4202824609000353        16.000000000000000        4.1497263177841051     
           2         243   3.6602740151872371        16.000000000000000        4.1497886055570090     
           2         244   3.3049036879389799        16.000000000000000        4.1501971018330455     
           2         245   725.88334739243760        16.000000000000000        698.00887921864944     
           2         246   13.360355702692976        16.000000000000000        4.3595030694257417     
           2         247   3.3228799681766730        16.000000000000000        4.1497239883031662     
           2         248   8.1317076427317403        16.000000000000000        4.4064281910509466     
           2         249   3.2785577292940200        16.000000000000000        4.1498480266256346     
           2         250   3.3024048567556186        16.000000000000000        4.1496396744186601     
           2         251   3.3331980980656706        16.000000000000000        4.1499198221955504     
           2         252   779.25720623211919        16.000000000000000        748.40390425200280     
           2         253   3.3632342693333230        16.000000000000000        4.1502682315671908     
           2         254   3.3500215337774244        16.000000000000000        4.1496403798825581     
           2         255   3.3242995607830657        16.000000000000000        4.1498494046890171     
           2         256   3.4130860707617341        16.000000000000000        4.1496427094204620     
           2         257   3.3306812226476374        16.000000000000000        4.1499198221955504     
           2         258   3.3624367496876455        16.000000000000000        4.1497255040400765     
           2         259   3.6827045959839118        16.000000000000000        4.1496781024909728     
           2         260   10.662684920249129        16.000000000000000        4.3589402860042021     
           2         261   3.3716538045298301        16.000000000000000        4.1498509203703344     
           2         262   3.4374069984795841        16.000000000000000        4.1496682733218568     
           2         263   14.665330204960441        16.000000000000000        6.7106375676012844     
           2         264   3.4529357394955169        16.000000000000000        4.1502001363399774     
           2         265   27.483066174429617        16.000000000000000        26.837192481208312     
           2         266   3.3016827318564492        16.000000000000000        4.1499183769996471     
           2         267   3.3721663674557809        16.000000000000000        4.1496697648952168     
           2         268   3.3008651456463136        16.000000000000000        4.1499177043706901     
           2         269   10.431940617747802        16.000000000000000        4.3589394307877214     
           2         270   3.4567950750488694        16.000000000000000        4.1497263177841051     
           2         271   3.3728379016713457        16.000000000000000        4.1501985469111418     
           2         272   3.3060365589430503        16.000000000000000        4.1498480487650840     
           2         273   3.3064481546602873        16.000000000000000        4.1497239883031662     
           2         274   8.2245616135658430        16.000000000000000        4.4069908918297500     
           2         275   3.3364871589308014        16.000000000000000        4.1497247281349532     
           2         276   3.2940199813797024        16.000000000000000        4.1498486992683059     
           2         277   3.7334172504300240        16.000000000000000        4.1497927924947540     
           2         278   3.4307933715952594        16.000000000000000        4.1498517340845114     
           2         279   3.3572920903687682        16.000000000000000        4.1498487224081240     
           2         280   3.3656385536793891        16.000000000000000        4.1502690073489452     
           2         281   3.3887514294575705        16.000000000000000        4.1497263177841051     
           2         282   3.3425210119655659        16.000000000000000        4.1497247281349532     
           2         283   14.262336410146359        16.000000000000000        4.3589265447445689     
           2         284   3.3337866585948852        16.000000000000000        4.1498501444936808     
           2         285   3.3355555041485676        16.000000000000000        4.1502682315671908     
           2         286   3.3425191014824418        16.000000000000000        4.1497247281349532     
           2         287   3.3087634228772864        16.000000000000000        4.1502667865185643     
           2         288   3.3456879591072290        16.000000000000000        4.1496689889774521     
           2         289   3.3086618464270052        16.000000000000000        4.1496682491336108     
           2         290   3.3878966071684760        16.000000000000000        4.1497247281349532     
           2         291   3.2986234744591303        16.000000000000000        4.1496668709971827     
           2         292   3.4026680041275683        16.000000000000000        4.1496427094204620     
           2         293   3.5920149347315129        16.000000000000000        4.1498592576593643     
           2         294   3.3280011017921112        16.000000000000000        4.1497804681825645     
           2         295   3.4021118238891064        16.000000000000000        4.1498517340845114     
           2         296   3.3229483094723435        16.000000000000000        4.1496675436754753     
           2         297   3.2798006591097657        16.000000000000000        4.1497783502713554     
           2         298   3.3077462884377531        16.000000000000000        4.1496403798825581     
           2         299   3.3612251650178915        16.000000000000000        4.1497812440750188     
           2         300   3.3863031966794614        16.000000000000000        4.1497263177841051     
           2         301   3.4272655834459771        16.000000000000000        4.1502698209636275     
           2         302   3.3062225184200162        16.000000000000000        4.1501971018330455     
           2         303   8.2152816975279830        16.000000000000000        4.4063978605600855     
           2         304   3.3469837258830282        16.000000000000000        4.1499184001394829     
           2         305   3.5540193057793523        16.000000000000000        4.1496534444495969     
           2         306   3.3574208978891309        16.000000000000000        4.1501971018330455     
           2         307   3.4861812339076335        16.000000000000000        4.1502690337884154     
           2         308   3.4481537825397663        16.000000000000000        4.1496690142646839     
           2         309   3.2897346109012267        16.000000000000000        4.1496390017349087     
           2         310   3.3171610793623461        16.000000000000000        4.1501971018330455     
           2         311   3.3928961628636447        16.000000000000000        4.1498517340845114     
           2         312   3.3921955179847236        16.000000000000000        4.1496705786525236     
           2         313   3.2707015845549239        16.000000000000000        4.1497226101892162     
           2         314   3.3242961307363501        16.000000000000000        4.1499190824059804     
           2         315   3.3505281486999863        16.000000000000000        4.1497239883031662     
           2         316   3.3054789826973057        16.000000000000000        4.1496390017349087     
           2         317   3.2726832302696653        16.000000000000000        4.1502661139581623     
           2         318   3.3423136940451368        16.000000000000000        4.1498501444936808     
           2         319   3.3517933485641209        16.000000000000000        4.1496403798825581     
           2         320   3.3731788445439039        16.000000000000000        4.1498509203703344     
           2         321   10.225639234940228        16.000000000000000        4.3591272642915326     
           2         322   3.3554983510037499        16.000000000000000        4.1499205980564104     
           2         323   11.791986757325986        16.000000000000000        4.3589199497740960     
           2         324   3.4349640006880859        16.000000000000000        4.1497255304793494     
           2         325   3.4005826799363428        16.000000000000000        4.1501985721985406     
           2         326   3.4180607519879120        16.000000000000000        4.1496427094204620     
           2         327   3.2974821010238693        16.000000000000000        4.1496396744186601     
           2         328   3.2986354519706067        16.000000000000000        4.1496675436754753     
           2         329   3.3792574296711786        16.000000000000000        4.1496697648952168     
           2         330   3.3838396628433109        16.000000000000000        4.1498501697809731     
           2         331   3.4067989585560090        16.000000000000000        4.1502001363399774     
           2         332   8.0130831453377152        16.000000000000000        4.4066181521047252     
           2         333   10.414568738957431        16.000000000000000        4.3589963499362474     
           2         334   3.2721378576519524        16.000000000000000        4.1502661139581623     
           2         335   3.4120867866669418        16.000000000000000        4.1498517340845114     
           2         336   12.107097122744268        16.000000000000000        4.3590100798404210     
           2         337   3.2885827620319890        16.000000000000000        4.1501964292589317     
           2         338   10.631600054748041        16.000000000000000        4.3592027704137264     
           2         339   3.3310207408462356        16.000000000000000        4.1502682315671908     
           2         340   3.6544912888730003        16.000000000000000        4.1497895814820387     
           2         341   3.3559907410349648        16.000000000000000        4.1501993227087013     
           2         342   3.3551195404159508        16.000000000000000        4.1496418956565266     
           2         343   11.992696661413882        16.000000000000000        4.3595818521400087     
           2         344   3.3738562137471808        16.000000000000000        4.1499205980564104     
           2         345   3.2795763843972279        16.000000000000000        4.1496390017349087     
           2         346   3.3399737041987274        16.000000000000000        4.1498501444936808     
           2         347   3.3071007265003955        16.000000000000000        4.1498494046890171     
           2         348   3.4124025339788964        16.000000000000000        4.1497820578057869     
           2         349   3.2712229147590670        16.000000000000000        4.1497226101892162     
           2         350   3.3614316651615486        16.000000000000000        4.1496697648952168     
           2         351   3.2858356333599255        16.000000000000000        4.1502661139581623     
           2         352   3.4291460751664338        16.000000000000000        4.1502698209636275     
           2         353   10.481782434038355        16.000000000000000        4.3595676695628844     
           2         354   3.3673202462923051        16.000000000000000        4.1498509203703344     
           2         355   3.3441195311272764        16.000000000000000        4.1496689889774521     
           2         356   10.409375505563199        16.000000000000000        4.3595668921619968     
           2         357   10.314658283123489        16.000000000000000        4.3589971274607739     
           2         358   3.2981672009457021        16.000000000000000        4.1497790229277145     
           2         359   3.2751131435392176        16.000000000000000        4.1496390017349087     
           2         360   3.3637648154836439        16.000000000000000        4.1502690073489452     
           2         361   3.4041309825975676        16.000000000000000        4.1497820578057869     
           2         362   3.3202347046737573        16.000000000000000        4.1497239883031662     
           2         363   3.3355390888660339        16.000000000000000        4.1496689889774521     
           2         364   3.2724486996072342        16.000000000000000        4.1496390017349087     
           2         365   8.2144517844954787        16.000000000000000        4.4064873588037541     
           2         366   3.3296002097748687        16.000000000000000        4.1496411197324443     
           2         367   10.524336825514791        16.000000000000000        4.3589971540363592     
           2         368   3.3886372679649872        16.000000000000000        4.1502690073489452     
           2         369   3.4065654651158397        16.000000000000000        4.1502675160414286     
           2         370   3.3478838325554805        16.000000000000000        4.1499177265101528     
           2         371   3.3662533064606555        16.000000000000000        4.1498501444936808     
           2         372   10.291821555450912        16.000000000000000        4.3589370964015828     
           2         373   3.4029678267380592        16.000000000000000        4.1498517340845114     
           2         374   3.3686002690181107        16.000000000000000        4.1497812440750188     
           2         375   3.3651721286290539        16.000000000000000        4.1497255040400765     
           2         376   3.3392553212078098        16.000000000000000        4.1497233059963232     
           2         377   3.4508348706648322        16.000000000000000        4.1498517617315080     
           2         378   3.3862418793355560        16.000000000000000        4.1502001363399774     
           2         379   3.3942124858000278        16.000000000000000        4.1496705786525236     
           2         380   3.4820420814750741        16.000000000000000        4.1497255304793494     
           2         381   3.5349436253365392        16.000000000000000        4.1499214394010160     
           2         382   3.3879057036210694        16.000000000000000        4.1498487224081240     
           2         383   3.4795578458581251        16.000000000000000        4.1496771265325103     
           2         384   3.6352684556099355        16.000000000000000        4.1502783654481901     
           2         385   6.9150525093851538        16.000000000000000        2.2414950450331195     
           2         386   10.632247155309432        16.000000000000000        4.3589110303066718     
           2         387   3.3287368695258865        16.000000000000000        4.1498494046890171     
           2         388   3.5701436953191594        16.000000000000000        4.1502805544623405     
           2         389   7.9757078386541824        16.000000000000000        4.4063970852927214     
           2         390   3.3953585087483353        16.000000000000000        4.1496427094204620     
           2         391   3.2957495404804096        16.000000000000000        4.1502661139581623     
           2         392   12.418137099290670        16.000000000000000        4.3591407714790069     
           2         393   3.4005143846773360        16.000000000000000        4.1498517340845114     
           2         394   3.3289812009580899        16.000000000000000        4.1499198221955504     
           2         395   10.231280002503398        16.000000000000000        4.4066349509490639     
           2         396   3.6299017109453113        16.000000000000000        4.1502773439305249     
           2         397   3.4007925175313218        16.000000000000000        4.1502001363399774     
           2         398   10.396847387927563        16.000000000000000        4.3589971274607739     
           2         399   3.3121887875751015        16.000000000000000        4.1497232828565407     
           2         400   3.2877549646892374        16.000000000000000        4.1497226101892162     
           2         401   3.3185994048629981        16.000000000000000        4.1502674918529943     
           2         402   3.4145902603538221        16.000000000000000        4.1496427094204620     
           2         403   3.3548830516453272        16.000000000000000        4.1502668096584916     
           2         404   11.715350661128932        16.000000000000000        4.3591383606099550     
           2         405   3.3936699286829031        16.000000000000000        4.1497820578057869     
           2         406   3.3666695151888018        16.000000000000000        4.1496697648952168     
           2         407   3.4721448209946013        16.000000000000000        4.1497263454310493     
           2         408   12.254699668821237        16.000000000000000        4.3590662918414242     
           2         409   3.3833412408177881        16.000000000000000        4.1498509203703344     
           2         410   3.4273804658006344        16.000000000000000        4.1501993491481493     
           2         411   3.3474175779129265        16.000000000000000        4.1497790460675068     
