  economy_id district_id expected_wage_bill budget belief_expected_Wage_bill
           1           1   99.602050909113004        816.12818513427749        166.03955311959888     
           1           2   100.06962117573819        762.36741513427751        166.03955311959888     
           1           3   100.56499598325817        812.13883513427743        166.03955311959888     
           1           4   99.960495826149895        843.33446513427748        166.03955311959888     
           1           5   99.454581195913605        821.46946513427758        166.03955311959888     
           1           6   99.600712327112603        786.75992513427752        166.03955311959888     
           1           7   100.03047464050391        805.05565513427746        166.03955311959888     
           1           8   846.58104543085756        847.81994000000009        645.17641594059648     
           1           9   99.316114404149161        805.12567513427757        166.03955311959888     
           1          10   99.980509755789910        822.09536513427759        166.03955311959888     
           1          11   99.673086676322171        803.38377513427758        166.03955311959888     
           1          12   242.71873489569984        784.44245513427745        178.69581555365738     
           1          13   99.521755039020576        843.54450513427753        166.03955311959888     
           1          14   100.21580537676758        790.61967513427749        166.03955311959888     
           1          15   99.293113044308541        833.37793513427755        166.03955311959888     
           1          16   100.11775651542639        789.78373513427744        166.03955311959888     
           1          17   99.615540473783653        797.20655513427744        166.03955311959888     
           1          18   99.757635845257582        784.44245513427757        166.03955311959888     
           1          19   99.528509729423149        822.30540513427752        166.03955311959888     
           1          20   99.351163653266681        790.61967513427749        166.03955311959888     
           1          21   99.298422599515206        815.29224513427744        166.03955311959888     
           1          22   99.682549250432885        769.38057513427748        166.03955311959888     
           1          23   100.31091522290183        814.09901513427747        166.03955311959888     
           1          24   100.24807653787052        795.87227513427752        166.03955311959888     
           1          25   99.357335615249411        767.00706513427735        166.03955311959888     
           1          26   99.254937680726741        746.93201141784687        166.03955311959888     
           1          27   107.07068787321059        773.92205141784677        166.08477063457261     
           1          28   100.54814545111475        707.60722141784674        166.03955311959888     
           1          29   99.964085950625076        761.95408513427753        166.03955311959888     
           1          30   479.17326863384068        754.19074513427734        472.15606914712839     
           1          31   3428.3021944126226        924.40023000000008        2994.7311401306874     
           1          32   99.908531358236729        738.72562141784692        166.03955311959888     
           1          33   100.45291744382195        728.01255141784679        166.03955311959888     
           1          34   99.355845111327454        681.74359141784680        166.03955311959888     
           1          35   100.36751179948988        725.26663141784672        166.03955311959888     
           1          36   99.669407013814890        719.80399141784676        166.03955311959888     
           1          37   99.581850157000616        734.19926513427743        166.03955311959888     
           1          38   100.22440950769898        761.51741141784692        166.03955311959888     
           1          39   99.422829154833764        723.41503513427745        166.03955311959888     
           1          40   99.949352069682220        720.71109141784677        166.03955311959888     
           1          41   99.821184638642237        725.62392141784687        166.03955311959888     
           1          42   99.396345776593435        732.63708141784673        166.03955311959888     
           1          43   99.811254930799777        742.60527513427746        166.03955311959888     
           1          44   99.372628692137638        739.08508141784671        166.03955311959888     
           1          45   102.14799807684768        689.34284513427747        166.04034573423900     
           1          46   100.42765903915191        701.43217141784680        166.03955311959888     
           1          47   4548.9709677742603        819.04856256713856        3753.0941718940139     
           1          48   100.55108009704979        724.43069141784690        166.03955311959888     
           1          49   3708.0630082521534        858.84145885070802        3592.0220970319456     
           1          50   432.61490067224707        864.56644513427727        246.77640989279558     
           1          51   99.391060431518554        717.05695885070816        166.03955311959888     
           1          52   102.40536416889546        734.96621513427749        166.04034573423900     
           1          53   99.371252299908605        690.42749141784680        166.03955311959888     
           1          54   99.483273703603231        749.52954141784687        166.03955311959888     
           1          55   100.88406999302767        783.41159513427749        166.03955311959888     
           1          56   106.83144459240563        741.50072513427756        166.08477063457261     
           1          57   99.369809000972197        717.46444885070810        166.03955311959888     
           1          58   101.58036295096024        733.41352513427739        166.03955311959888     
           1          59   99.747952552014183        716.94837513427751        166.03955311959888     
           1          60   99.732664857499813        748.99139513427747        166.03955311959888     
           1          61   4586.5819754823096        866.28844000000004        3834.0336486272822     
           1          62   101.85819203557024        759.15796513427756        166.03955311959888     
           1          63   99.381635764205356        730.26835513427750        166.03955311959888     
           1          64   99.389103234374673        760.82984513427755        166.03955311959888     
           1          65   100.66684607910717        727.11494513427749        166.03955311959888     
           1          66   308.31194377622035        749.82733513427752        243.07104273445859     
           1          67   99.334884135200639        786.84289513427757        166.03955311959888     
           1          68   99.337950726017070        748.08543513427753        166.03955311959888     
           1          69   101.12076870107559        731.10429513427744        166.04034573423900     
           1          70   99.995670673976193        760.82984513427755        166.03955311959888     
           1          71   99.498897306134609        727.11494513427738        166.03955311959888     
           1          72   99.610968411770855        749.82733513427752        166.03955311959888     
           1          73   99.744802773732104        744.36469513427744        166.03955311959888     
           1          74   99.402035538184947        734.05911513427748        166.03955311959888     
           1          75   101.29173979488007        727.95088513427743        166.03955311959888     
           1          76   99.455633119517444        781.23300513427751        166.03955311959888     
           1          77   99.519632497161638        734.12810513427746        166.03955311959888     
           1          78   99.681171245103926        771.06643513427753        166.03955311959888     
           1          79   99.871421936397496        733.29216513427752        166.03955311959888     
           1          80   348.85379789994346        759.81321398498551        246.39982324913976     
           1          81   99.322340442385425        760.61980513427750        166.03955311959888     
           1          82   100.06829746533222        767.00706513427735        166.03955311959888     
           1          83   101.32062518982781        728.84632141784675        166.03955311959888     
           1          84   100.84574796808552        753.51889141784682        166.03955311959888     
           1          85   365.89607486598072        708.09833655212401        246.66013718937222     
           1          86   101.53583099593214        740.71498513427753        166.04034573423900     
           1          87   100.21045259206299        738.18747513427752        166.03955311959888     
           1          88   310.64147066627010        754.17397513427738        243.07104273445859     
           1          89   99.678031503828009        745.73878141784678        166.03955311959888     
           1          90   100.10223199705487        749.25165141784680        166.03955311959888     
           1          91   102.72551886036901        688.75675141784677        166.04034573423900     
           1          92   99.296362398970331        746.50573141784685        166.03955311959888     
           1          93   99.425525405811939        719.80399141784687        166.03955311959888     
           1          94   99.438565652416784        734.19926513427743        166.03955311959888     
           1          95   102.85022780310493        761.51741141784692        166.04034573423900     
           1          96   240.68003094980577        723.41503513427756        178.69581555365738     
           1          97   99.660320564707732        702.62540141784677        166.03955311959888     
           1          98   101.17220857152101        705.22076141784692        166.04034573423900     
           1          99   99.592930069663041        725.62392141784687        166.03955311959888     
           1         100   99.501791720007731        721.36617513427757        166.03955311959888     
           1         101   101.05790649382232        746.09824141784679        166.03955311959888     
           1         102   102.07268770668229        710.58194513427748        166.04034573423900     
           1         103   99.430075502702707        708.44533141784677        166.03955311959888     
           1         104   99.360189152110976        699.40083141784680        166.03955311959888     
           1         105   99.388083169158620        731.44385141784687        166.03955311959888     
           1         106   99.904129238944435        763.00843513427742        166.03955311959888     
           1         107   121.52375186687601        772.61912513427751        166.08477063457261     
           1         108   100.81848722530923        717.05695885070816        166.04034573423900     
           1         109   99.495165775966001        734.96621513427738        166.03955311959888     
           1         110   101.18708741005884        690.42749141784680        166.03955311959888     
           1         111   99.849442623823180        731.44385141784687        166.03955311959888     
           1         112   99.422282448974698        763.00843513427753        166.03955311959888     
           1         113   99.502442346755629        752.57325513427747        166.03955311959888     
           1         114   244.85905671965830        716.62850885070816        178.69581555365738     
           1         115   101.44895979192741        733.41352513427739        166.04034573423900     
           1         116   108.14032660831599        716.94837513427751        166.08477063457261     
           1         117   341.69304249043950        785.57339398498539        225.26039606426053     
           1         118   365.70992968908155        808.08199513427758        243.13752896326497     
           1         119   423.68516220299284        825.42212770141600        247.18802160451980     
           1         120   99.286793198873696        730.26835513427739        166.03955311959888     
           1         121   110.75976363736892        760.82984513427755        166.08477063457261     
           1         122   100.20666104649959        727.11494513427749        166.03955311959888     
           1         123   99.571936789626264        749.82733513427752        166.03955311959888     
           1         124   99.778761662083781        786.84289513427757        166.03955311959888     
           1         125   101.65363226329879        759.15796513427756        166.04034573423900     
           1         126   101.55918234460648        730.26835513427750        166.04034573423900     
           1         127   585.04485481928054        840.41058141784674        609.78566877919945     
           1         128   99.677006898162119        727.11494513427738        166.03955311959888     
           1         129   99.846693100962469        749.82733513427752        166.03955311959888     
           1         130   99.489724929037678        765.60379513427745        166.03955311959888     
           1         131   99.478667397906761        741.07227513427745        166.03955311959888     
           1         132   967.52645769589572        833.23669141784660        519.29124722897461     
           1         133   12017.536980489613        896.26749000000007        10652.131311031422     
           1         134   99.354778772469928        734.12810513427746        166.03955311959888     
           1         135   99.555750405577371        771.06643513427753        166.03955311959888     
           1         136   4945.1067639071825        889.02411628356947        3911.8330197070250     
           1         137   99.674856039717980        740.71498513427753        166.03955311959888     
           1         138   99.260940081623630        740.21664513427754        166.03955311959888     
           1         139   100.12786915175981        786.21699513427745        166.03955311959888     
           1         140   242.18833722479590        735.32133513427743        178.69581555365738     
           1         141   6635.3945217468499        852.82270999999992        4857.5477381613173     
           1         142   17035.775851020000        850.50643256713875        15965.137641269195     
           1         143   100.66223712315646        751.78751513427744        166.03955311959888     
           1         144   99.587309086963103        739.38070513427749        166.03955311959888     
           1         145   99.832147240575992        759.99390513427750        166.03955311959888     
           1         146   124.37506006280449        746.93201141784687        166.08477063457261     
           1         147   99.332742259386677        773.92205141784689        166.03955311959888     
           1         148   114.89673480537350        707.60722141784686        166.08477063457261     
           1         149   115.10406966308402        761.95408513427753        166.08477063457261     
           1         150   10110.844675415436        884.16545999999994        7754.0079871558119     
           1         151   15293.641468416605        809.67084513427722        13726.773181673254     
           1         152   99.327719216092831        759.12878141784688        166.03955311959888     
           1         153   99.843291237459994        743.46090513427760        166.03955311959888     
           1         154   112.24390533796121        709.10041513427757        166.08477063457261     
           1         155   99.969693078403225        731.74164513427752        166.03955311959888     
           1         156   100.49204682784661        753.33803513427745        166.03955311959888     
           1         157   99.898145775739351        754.90021885070826        166.03955311959888     
           1         158   308.77840407661438        773.81235513427748        243.07104273445859     
           1         159   108.52295467855112        744.11598885070828        166.08477063457261     
           1         160   100.23845722085693        736.15944513427746        166.03955311959888     
           1         161   310.06938646694806        732.93487513427749        243.07104273445859     
           1         162   312.89488855675086        759.15796513427756        243.07104273445859     
           1         163   99.313970869414518        770.31938885070815        166.03955311959888     
           1         164   99.337570939302438        772.61912513427751        166.03955311959888     
           1         165   111.05536074474657        717.05695885070816        166.08477063457261     
           1         166   99.518314119218175        734.96621513427738        166.03955311959888     
           1         167   99.968762968779885        705.87584513427748        166.03955311959888     
           1         168   99.943904812772487        757.96473513427759        166.03955311959888     
           1         169   100.01157040740202        790.72254885070822        166.03955311959888     
           1         170   244.49799653406123        779.09413885070819        178.69666919839258     
           1         171   110.14794850302749        725.49215256713887        166.08477063457261     
           1         172   110.81086510090591        742.27716885070811        166.08477063457261     
           1         173   100.42299359528933        716.94837513427751        166.03955311959888     
           1         174   108.70143366361398        756.00455513427744        166.08477063457261     
           1         175   311.07979645542247        816.94563885070818        243.07104273445859     
           1         176   4451.5478406986667        997.34722256713860        4382.9242136780304     
           1         177   109.46499471327493        736.74336885070807        166.08477063457261     
           1         178   100.11296895092639        760.82984513427743        166.03955311959888     
           1         179   100.80201710464503        727.11494513427749        166.03955311959888     
           1         180   311.11494185605716        749.82733513427740        243.07104273445859     
           1         181   313.74301194785494        786.84289513427746        243.07104273445859     
           1         182   241.10264193985915        759.15796513427756        178.69581555365738     
           1         183   99.408053415720190        730.26835513427750        166.03955311959888     
           1         184   99.816152723351792        760.82984513427743        166.03955311959888     
           1         185   101.70166149202166        727.11494513427738        166.04034573423900     
           1         186   101.80924039787438        749.82733513427752        166.04034573423900     
           1         187   99.442206983071387        765.60379513427756        166.03955311959888     
           1         188   108.19020602722014        741.07227513427745        166.08477063457261     
           1         189   99.802489411061146        727.95088513427743        166.03955311959888     
           1         190   99.544252907595663        781.23300513427751        166.03955311959888     
           1         191   99.813466719692755        734.12810513427746        166.03955311959888     
           1         192   101.51869769287995        771.06643513427753        166.04034573423900     
           1         193   101.42711016839336        733.29216513427741        166.04034573423900     
           1         194   135.34449323077794        740.71498513427753        166.08477063457261     
           1         195   310.96175452470391        740.21664513427754        243.07104273445859     
           1         196   100.55966967579113        786.21699513427745        166.03955311959888     
           1         197   107.98394263062340        735.32133513427743        166.08477063457261     
           1         198   99.626033466430002        780.03977513427742        166.03955311959888     
           1         199   99.292045517064196        707.06907513427745        166.03955311959888     
           1         200   100.02812087648054        751.78751513427744        166.03955311959888     
           1         201   243.82893399635802        739.38070513427749        178.69581555365738     
           1         202   100.04723548518034        759.99390513427750        166.03955311959888     
           1         203   100.48668846816082        746.93201141784687        166.03955311959888     
           1         204   99.251353974773124        773.92205141784677        166.03955311959888     
           1         205   99.678505136766248        707.60722141784686        166.03955311959888     
           1         206   99.722175792046571        761.95408513427753        166.03955311959888     
           1         207   99.926038511357035        727.11494513427749        166.03955311959888     
           1         208   100.77665841565677        751.85650513427743        166.03955311959888     
           1         209   101.34432966818588        759.12878141784688        166.03955311959888     
           1         210   99.704511560262219        716.94002141784688        166.03955311959888     
           1         211   100.04448957646471        682.57953141784674        166.03955311959888     
           1         212   108.20250781248505        725.26663141784684        166.08477063457261     
           1         213   312.90638123572523        719.80399141784676        243.07104273445859     
           1         214   99.548566392169150        727.18610513427757        166.03955311959888     
           1         215   99.323013472860794        740.27831141784679        166.03955311959888     
           1         216   99.634347422049672        716.40187513427747        166.03955311959888     
           1         217   311.16311449231466        720.71109141784677        243.07104273445859     
           1         218   99.776188183055439        725.62392141784687        166.03955311959888     
           1         219   7541.4315669736416        891.60999000000004        6181.7451738723857     
           1         220   99.402021798664478        742.60527513427746        166.03955311959888     
           1         221   19759.679246840580        874.74947000000009        18263.229449589933     
           1         222   99.376254784785772        689.34284513427747        166.03955311959888     
           1         223   99.595716473037413        701.43217141784669        166.03955311959888     
           1         224   21165.323182905639        845.01034999999979        20328.088718132309     
           1         225   136.38931874107107        724.43069141784690        166.08477063457261     
           1         226   33631.740692191575        898.49689000000012        31220.335404372108     
           1         227   132.78537965601907        751.38002513427750        166.08477063457261     
           1         228   311.68184070700920        710.04379885070819        243.07104273445859     
           1         229   314.26470365120167        734.96621513427749        243.07220816760832     
           1         230   22474.544142926581        871.63414000000012        19343.199478479786     
           1         231   100.06123254056449        749.52954141784676        166.03955311959888     
           1         232   99.458119335600699        783.41159513427749        166.03955311959888     
           1         233   99.427114849517849        741.50072513427745        166.03955311959888     
           1         234   99.278020083445696        735.55013885070809        166.03955311959888     
           1         235   100.27927159950295        753.81668513427746        166.03955311959888     
           1         236   99.461931894663167        705.87584513427748        166.03955311959888     
           1         237   313.23004914640353        749.82733513427740        243.07104273445859     
           1         238   100.30357863952619        786.84289513427746        166.03955311959888     
           1         239   100.47662735395240        759.15796513427756        166.03955311959888     
           1         240   100.42226619478953        730.26835513427750        166.03955311959888     
           1         241   309.25663980155730        760.82984513427743        243.07104273445859     
           1         242   100.37795504812108        727.11494513427749        166.03955311959888     
           1         243   115.01027793633182        749.82733513427752        166.08477063457261     
           1         244   99.916443935662912        786.84289513427757        166.03955311959888     
           1         245   43943.412660059759        888.58971000000008        40348.478765184023     
           1         246   425.41326439099402        749.18998513427744        243.13752896326497     
           1         247   99.897777773391809        781.23300513427751        166.03955311959888     
           1         248   242.93853559670740        734.12810513427746        178.69581555365738     
           1         249   99.641628037466560        771.06643513427753        166.03955311959888     
           1         250   99.915067002770371        733.29216513427741        166.03955311959888     
           1         251   99.410291416666311        734.89505513427741        166.03955311959888     
           1         252   46018.076203984718        877.28405999999995        41910.368112244301     
           1         253   100.39380928881978        759.99390513427750        166.03955311959888     
           1         254   100.91630671443039        734.12810513427746        166.03955311959888     
           1         255   99.929387075335384        771.06643513427741        166.03955311959888     
           1         256   100.16877215024431        733.29216513427752        166.03955311959888     
           1         257   99.323004332118458        758.80067513427741        166.03955311959888     
           1         258   99.535053034161862        760.61980513427750        166.03955311959888     
           1         259   114.86523102877329        767.00706513427735        166.08477063457261     
           1         260   313.04992047390260        746.93201141784687        243.07104273445859     
           1         261   99.817667731943246        773.92205141784677        166.03955311959888     
           1         262   104.23992854835569        707.60722141784674        166.04034573423900     
           1         263   474.56909116983155        743.47068513427746        346.19484997837264     
           1         264   101.32657933518406        727.11494513427749        166.03955311959888     
           1         265   1392.2527458163872        695.28451141784672        1271.2396559088613     
           1         266   99.848279083195791        738.72562141784692        166.03955311959888     
           1         267   99.862125702422460        728.01255141784679        166.03955311959888     
           1         268   100.52857338611280        681.74359141784680        166.03955311959888     
           1         269   308.85216615196032        725.26663141784672        243.07104273445859     
           1         270   101.51304127604980        719.80399141784676        166.03955311959888     
           1         271   100.73302526081625        734.19926513427743        166.03955311959888     
           1         272   100.74997240112786        761.51741141784692        166.04034573423900     
           1         273   99.298934992735454        723.41503513427745        166.03955311959888     
           1         274   243.58337724670474        720.71109141784677        178.69581555365738     
           1         275   99.552799051354896        725.62392141784687        166.03955311959888     
           1         276   99.560053704608947        732.63708141784673        166.03955311959888     
           1         277   111.59231502796098        742.60527513427746        166.08477063457261     
           1         278   100.68596469062582        739.08508141784671        166.03955311959888     
           1         279   102.06068792547764        689.34284513427747        166.04034573423900     
           1         280   99.564383652623860        701.43217141784680        166.03955311959888     
           1         281   99.406501235686150        678.16173141784668        166.03955311959888     
           1         282   99.764856276353427        724.43069141784690        166.03955311959888     
           1         283   454.37799976749733        731.19954513427729        243.00121677878982     
           1         284   99.441833317142795        772.61912513427751        166.03955311959888     
           1         285   99.440823522023877        717.05695885070816        166.03955311959888     
           1         286   99.761546357168058        734.96621513427749        166.03955311959888     
           1         287   100.05533548968893        690.42749141784680        166.03955311959888     
           1         288   99.878215774605778        749.52954141784687        166.03955311959888     
           1         289   99.388364769022473        783.41159513427749        166.03955311959888     
           1         290   101.35355929882694        741.50072513427756        166.03955311959888     
           1         291   100.46934987179453        717.46444885070810        166.03955311959888     
           1         292   99.846700015130864        733.41352513427739        166.03955311959888     
           1         293   111.52006494298006        716.94837513427751        166.08477063457261     
           1         294   99.251022028974845        748.99139513427747        166.03955311959888     
           1         295   99.801858659759034        786.84289513427746        166.03955311959888     
           1         296   100.68581853516663        759.15796513427756        166.03955311959888     
           1         297   99.701917465915429        730.26835513427750        166.03955311959888     
           1         298   99.359490559812940        760.82984513427755        166.03955311959888     
           1         299   99.486973672937154        727.11494513427749        166.03955311959888     
           1         300   99.331010301315629        749.82733513427752        166.03955311959888     
           1         301   100.52345067246041        786.84289513427757        166.03955311959888     
           1         302   99.976418536903992        748.08543513427753        166.03955311959888     
           1         303   248.24929190477812        731.10429513427744        178.69666919839258     
           1         304   101.61756504777050        760.82984513427755        166.04034573423900     
           1         305   105.79929183875319        727.11494513427738        166.08477063457261     
           1         306   102.00420682935398        749.82733513427752        166.03955311959888     
           1         307   103.52504128682024        744.36469513427744        166.04034573423900     
           1         308   103.50252259298198        734.05911513427748        166.04034573423900     
           1         309   100.12160055259322        727.95088513427743        166.03955311959888     
           1         310   100.40357260833565        781.23300513427751        166.03955311959888     
           1         311   99.518231211897614        734.12810513427746        166.03955311959888     
           1         312   99.520114490434892        771.06643513427753        166.03955311959888     
           1         313   99.347978365368675        733.29216513427752        166.03955311959888     
           1         314   99.917644017824898        758.80067513427741        166.03955311959888     
           1         315   100.89475871318042        760.61980513427750        166.03955311959888     
           1         316   100.75775409573117        767.00706513427735        166.03955311959888     
           1         317   99.332991465635260        728.84632141784675        166.03955311959888     
           1         318   99.735042531359085        753.51889141784682        166.03955311959888     
           1         319   100.96720965414521        700.59406141784677        166.03955311959888     
           1         320   99.868842499106748        740.71498513427753        166.03955311959888     
           1         321   309.18174940686680        738.18747513427752        243.07104273445859     
           1         322   99.279855742210501        754.17397513427738        166.03955311959888     
           1         323   397.97006946622872        675.61249770141603        242.95468888415979     
           1         324   101.93887895172200        749.25165141784680        166.04034573423900     
           1         325   101.74484653291054        688.75675141784677        166.04034573423900     
           1         326   100.32058491495542        746.50573141784685        166.03955311959888     
           1         327   99.725253941650081        719.80399141784687        166.03955311959888     
           1         328   99.773451803973416        734.19926513427743        166.03955311959888     
           1         329   100.09466595095303        761.51741141784692        166.03955311959888     
           1         330   101.18002436075537        723.41503513427756        166.04034573423900     
           1         331   99.901934867937669        702.62540141784677        166.03955311959888     
           1         332   244.41627821302168        705.22076141784692        178.69581555365738     
           1         333   313.93284563239467        725.62392141784687        243.07104273445859     
           1         334   99.311467050979758        721.36617513427757        166.03955311959888     
           1         335   100.11072217674010        746.09824141784679        166.03955311959888     
           1         336   364.05024483106621        710.58194513427748        243.13752896326497     
           1         337   99.980672704326892        708.44533141784677        166.03955311959888     
           1         338   315.35390188593664        699.40083141784680        243.07220816760832     
           1         339   99.283443186084867        731.44385141784687        166.03955311959888     
           1         340   113.37014431427856        763.00843513427742        166.08477063457261     
           1         341   99.257393029940928        772.61912513427751        166.03955311959888     
           1         342   99.306088361116139        717.05695885070816        166.03955311959888     
           1         343   353.30266731058464        734.96621513427738        243.13752896326497     
           1         344   99.883151048173744        690.42749141784680        166.03955311959888     
           1         345   99.717651331364664        731.44385141784687        166.03955311959888     
           1         346   99.655274649898203        763.00843513427753        166.03955311959888     
           1         347   99.303399469012462        752.57325513427747        166.03955311959888     
           1         348   100.12805697103997        716.62850885070816        166.03955311959888     
           1         349   99.368525540835222        733.41352513427739        166.03955311959888     
           1         350   99.508957665385253        716.94837513427751        166.03955311959888     
           1         351   99.862570498511758        756.00455513427744        166.03955311959888     
           1         352   100.58340006629966        808.08199513427758        166.03955311959888     
           1         353   313.12771932253827        766.17112513427753        243.07104273445859     
           1         354   99.676695309629736        730.26835513427739        166.03955311959888     
           1         355   99.829406532247731        760.82984513427755        166.03955311959888     
           1         356   313.31933778926941        727.11494513427749        243.07104273445859     
           1         357   307.62769662218136        749.82733513427752        243.07104273445859     
           1         358   99.734186310258423        786.84289513427757        166.03955311959888     
           1         359   99.539897265895476        759.15796513427756        166.03955311959888     
           1         360   99.502621734890212        730.26835513427750        166.03955311959888     
           1         361   99.874018154955692        760.82984513427743        166.03955311959888     
           1         362   99.801363345538775        727.11494513427738        166.03955311959888     
           1         363   99.529051349087865        749.82733513427752        166.03955311959888     
           1         364   99.433114073425173        765.60379513427745        166.03955311959888     
           1         365   245.85088569601896        741.07227513427745        178.69666919839258     
           1         366   99.326762978753223        727.95088513427743        166.03955311959888     
           1         367   314.95986507477420        781.23300513427751        243.07220816760832     
           1         368   100.32099589652103        734.12810513427746        166.03955311959888     
           1         369   102.93121254674917        771.06643513427753        166.04034573423900     
           1         370   102.50304048952175        733.29216513427752        166.04034573423900     
           1         371   100.57502831964257        740.71498513427753        166.03955311959888     
           1         372   311.77293283696571        740.21664513427754        243.07104273445859     
           1         373   99.828356272356132        786.21699513427745        166.03955311959888     
           1         374   99.727461192529020        735.32133513427743        166.03955311959888     
           1         375   99.624591941823113        780.03977513427742        166.03955311959888     
           1         376   101.32594457024324        707.06907513427745        166.04034573423900     
           1         377   101.30961592600933        751.78751513427744        166.04034573423900     
           1         378   99.267625798504625        739.38070513427749        166.03955311959888     
           1         379   99.582531597768948        759.99390513427750        166.03955311959888     
           1         380   103.49691926487131        746.93201141784687        166.04034573423900     
           1         381   103.91493032409107        773.92205141784689        166.04034573423900     
           1         382   103.24881502436823        707.60722141784686        166.04034573423900     
           1         383   107.59082149805769        761.95408513427753        166.08477063457261     
           1         384   110.97095717850584        727.11494513427749        166.08477063457261     
           1         385   234.65531804315208        642.73390283569336        102.17481955238648     
           1         386   312.10945905470766        759.12878141784688        243.07104273445859     
           1         387   100.09423176713823        743.46090513427760        166.03955311959888     
           1         388   106.24320679066035        709.10041513427757        166.08477063457261     
           1         389   241.18816543523963        731.74164513427752        178.69581555365738     
           1         390   99.621527433009703        753.33803513427745        166.03955311959888     
           1         391   100.25821068923888        754.90021885070826        166.03955311959888     
           1         392   380.61301824456126        672.16193655212408        242.55362957839435     
           1         393   99.752675387304834        744.11598885070828        166.03955311959888     
           1         394   99.264262172896125        736.15944513427746        166.03955311959888     
           1         395   311.05107717229407        698.48653026855470        178.41132570229604     
           1         396   112.68518223103354        759.15796513427756        166.08477063457261     
           1         397   99.715965839187149        770.31938885070815        166.03955311959888     
           1         398   310.48778101169813        772.61912513427751        243.07104273445859     
           1         399   100.27393937029142        717.05695885070816        166.03955311959888     
           1         400   100.02849777548322        734.96621513427738        166.03955311959888     
           1         401   99.656700362094085        705.87584513427748        166.03955311959888     
           1         402   100.21505705650308        757.96473513427759        166.03955311959888     
           1         403   101.86847696117661        790.72254885070822        166.04034573423900     
           1         404   368.95030689992461        779.09413885070819        243.13752896326497     
           1         405   99.550938878630731        725.49215256713887        166.03955311959888     
           1         406   99.681330386338658        742.27716885070811        166.03955311959888     
           1         407   101.97914774812074        716.94837513427751        166.04034573423900     
           1         408   380.64544548829519        756.00455513427744        243.13752896326497     
           1         409   100.20117164337310        816.94563885070818        166.03955311959888     
           1         410   101.59998193439790        775.03476885070813        166.04034573423900     
           1         411   101.66354422231754        736.74336885070807        166.04034573423900     
