  economy_id district_id expected_hires capacity belief_expected_hires
           1           1   3.3240523328118630        17.000000000000000        5.7562930145888682     
           1           2   3.3374618350876362        17.000000000000000        5.7562930145888682     
           1           3   3.3516874894200908        17.000000000000000        5.7562930145888682     
           1           4   3.3341092614527232        17.000000000000000        5.7562930145888682     
           1           5   3.3198601982590823        17.000000000000000        5.7562930145888682     
           1           6   3.3240300309425379        17.000000000000000        5.7562930145888682     
           1           7   3.3362946814069856        17.000000000000000        5.7562930145888682     
           1           8   20.095554547722120        17.000000000000000        15.143455738589596     
           1           9   3.3159055452943620        17.000000000000000        5.7562930145888682     
           1          10   3.3348498376984663        17.000000000000000        5.7562930145888682     
           1          11   3.3260465086062707        17.000000000000000        5.7562930145888682     
           1          12   8.0918211844486461        17.000000000000000        6.1950527744746848     
           1          13   3.3217791415082800        17.000000000000000        5.7562930145888682     
           1          14   3.3416559282502085        17.000000000000000        5.7562930145888682     
           1          15   3.3152384542551303        17.000000000000000        5.7562930145888682     
           1          16   3.3386234570968805        17.000000000000000        5.7562930145888682     
           1          17   3.3244311772862050        17.000000000000000        5.7562930145888682     
           1          18   3.3284987970545687        17.000000000000000        5.7562930145888682     
           1          19   3.3219650516903796        17.000000000000000        5.7562930145888682     
           1          20   3.3169065337518013        17.000000000000000        5.7562930145888682     
           1          21   3.3154005697290017        17.000000000000000        5.7562930145888682     
           1          22   3.3263797024421642        17.000000000000000        5.7562930145888682     
           1          23   3.3444392768705367        17.000000000000000        5.7562930145888682     
           1          24   3.3426161149670737        17.000000000000000        5.7562930145888682     
           1          25   3.3170790301263771        16.000000000000000        5.7562930145888682     
           1          26   3.3141505912223814        16.000000000000000        5.7562930145888682     
           1          27   3.5391515669290281        16.000000000000000        5.7574686239696176     
           1          28   3.3512449613418824        16.000000000000000        5.7562930145888682     
           1          29   3.3344372526850252        16.000000000000000        5.7562930145888682     
           1          30   13.386666866668200        16.000000000000000        12.290458368241303     
           1          31   57.977750513292200        16.000000000000000        50.709127513998936     
           1          32   3.3328351549080035        16.000000000000000        5.7562930145888682     
           1          33   3.3483885466515071        16.000000000000000        5.7562930145888682     
           1          34   3.3170329407229096        16.000000000000000        5.7562930145888682     
           1          35   3.3460714591757519        16.000000000000000        5.7562930145888682     
           1          36   3.3259963542312354        16.000000000000000        5.7562930145888682     
           1          37   3.3234951791090688        16.000000000000000        5.7562930145888682     
           1          38   3.3419189216807395        16.000000000000000        5.7562930145888682     
           1          39   3.3189469239517435        16.000000000000000        5.7562930145888682     
           1          40   3.3338788938157879        16.000000000000000        5.7562930145888682     
           1          41   3.3303531670533491        16.000000000000000        5.7562930145888682     
           1          42   3.3181698411959744        16.000000000000000        5.7562930145888682     
           1          43   3.3299808136587661        16.000000000000000        5.7562930145888682     
           1          44   3.3175173009059096        16.000000000000000        5.7562930145888682     
           1          45   3.3949800589720427        16.000000000000000        5.7563093640601206     
           1          46   3.3474062193166434        16.000000000000000        5.7562930145888682     
           1          47   83.948114951592842        16.000000000000000        69.405762618710682     
           1          48   3.3512321933977729        16.000000000000000        5.7562930145888682     
           1          49   57.947929446024055        16.000000000000000        56.139792914113556     
           1          50   12.951525809789896        16.000000000000000        8.5395383266968548     
           1          51   3.3180365883681358        16.000000000000000        5.7562930145888682     
           1          52   3.4026353449243256        16.000000000000000        5.7563093640601206     
           1          53   3.3174637176483639        16.000000000000000        5.7562930145888682     
           1          54   3.3206710602834044        16.000000000000000        5.7562930145888682     
           1          55   3.3609811340107782        16.000000000000000        5.7562930145888682     
           1          56   3.5323123434241626        16.000000000000000        5.7574686239696176     
           1          57   3.3174334328307027        16.000000000000000        5.7562930145888682     
           1          58   3.3802839705988736        16.000000000000000        5.7562930145888682     
           1          59   3.3282540171776240        16.000000000000000        5.7562930145888682     
           1          60   3.3278092334503526        16.000000000000000        5.7562930145888682     
           1          61   85.579170049501911        16.000000000000000        71.547574725413270     
           1          62   3.3870999488461893        16.000000000000000        5.7562930145888682     
           1          63   3.3177582399574437        16.000000000000000        5.7562930145888682     
           1          64   3.3179838068276628        16.000000000000000        5.7562930145888682     
           1          65   3.3542209415837791        16.000000000000000        5.7562930145888682     
           1          66   10.291663553628661        16.000000000000000        8.4267522923679383     
           1          67   3.3164399980670578        16.000000000000000        5.7562930145888682     
           1          68   3.3165281095910006        16.000000000000000        5.7562930145888682     
           1          69   3.3672360668144359        16.000000000000000        5.7563093640601206     
           1          70   3.3352268335924342        16.000000000000000        5.7562930145888682     
           1          71   3.3211268561653613        16.000000000000000        5.7562930145888682     
           1          72   3.3243081560924885        16.000000000000000        5.7562930145888682     
           1          73   3.3280423165349253        16.000000000000000        5.7562930145888682     
           1          74   3.3183553408812938        16.000000000000000        5.7562930145888682     
           1          75   3.3729252589619549        16.000000000000000        5.7562930145888682     
           1          76   3.3198805506277491        16.000000000000000        5.7562930145888682     
           1          77   3.3216671223728045        16.000000000000000        5.7562930145888682     
           1          78   3.3262353909480851        16.000000000000000        5.7562930145888682     
           1          79   3.3317763336235457        16.000000000000000        5.7562930145888682     
           1          80   11.483201576661745        16.000000000000000        8.5342957014641332     
           1          81   3.3160807832491521        16.000000000000000        5.7562930145888682     
           1          82   3.3374224508041115        16.000000000000000        5.7562930145888682     
           1          83   3.3737421098304723        16.000000000000000        5.7562930145888682     
           1          84   3.3599319794767504        16.000000000000000        5.7562930145888682     
           1          85   11.924738133971600        16.000000000000000        8.5373987292789657     
           1          86   3.3790837270762517        16.000000000000000        5.7563093640601206     
           1          87   3.3412080243682807        16.000000000000000        5.7562930145888682     
           1          88   10.357572286894309        16.000000000000000        8.4267522923679383     
           1          89   3.3262531931578305        16.000000000000000        5.7562930145888682     
           1          90   3.3384194710114548        16.000000000000000        5.7562930145888682     
           1          91   3.4108890157633915        16.000000000000000        5.7563093640601206     
           1          92   3.3153337244645029        16.000000000000000        5.7562930145888682     
           1          93   3.3190292676607904        16.000000000000000        5.7562930145888682     
           1          94   3.3193673539455939        16.000000000000000        5.7562930145888682     
           1          95   3.4163078791923063        16.000000000000000        5.7563093640601206     
           1          96   8.0339349009163872        16.000000000000000        6.1950527744746848     
           1          97   3.3257108382180030        16.000000000000000        5.7562930145888682     
           1          98   3.3691123508230651        16.000000000000000        5.7563093640601206     
           1          99   3.3237607644685676        16.000000000000000        5.7562930145888682     
           1         100   3.3212056561125842        16.000000000000000        5.7562930145888682     
           1         101   3.3651839028318480        16.000000000000000        5.7562930145888682     
           1         102   3.3942812601299317        16.000000000000000        5.7563093640601206     
           1         103   3.3191566891423512        16.000000000000000        5.7562930145888682     
           1         104   3.3171655401340985        16.000000000000000        5.7562930145888682     
           1         105   3.3179603706762264        16.000000000000000        5.7562930145888682     
           1         106   3.3327297813319539        16.000000000000000        5.7562930145888682     
           1         107   3.9696116644302415        16.000000000000000        5.7574686239696176     
           1         108   3.3588463641434019        16.000000000000000        5.7563093640601206     
           1         109   3.3210133281594949        16.000000000000000        5.7562930145888682     
           1         110   3.3698384390250573        16.000000000000000        5.7562930145888682     
           1         111   3.3311601187722482        16.000000000000000        5.7562930145888682     
           1         112   3.3189105800867158        16.000000000000000        5.7562930145888682     
           1         113   3.3211683301221111        16.000000000000000        5.7562930145888682     
           1         114   8.1529752004733851        16.000000000000000        6.1950527744746848     
           1         115   3.3763924403446155        16.000000000000000        5.7563093640601206     
           1         116   3.5702192160368451        16.000000000000000        5.7574686239696176     
           1         117   11.031661528627369        16.000000000000000        7.7919180786660025     
           1         118   11.861233658602753        16.000000000000000        8.4284808665208786     
           1         119   12.762043336401163        16.000000000000000        8.5444301613592941     
           1         120   3.3150682054972358        16.000000000000000        5.7562930145888682     
           1         121   3.6354902381585856        16.000000000000000        5.7574686239696176     
           1         122   3.3411830370210853        16.000000000000000        5.7562930145888682     
           1         123   3.3232143195666306        16.000000000000000        5.7562930145888682     
           1         124   3.3291387303970685        16.000000000000000        5.7562930145888682     
           1         125   3.3820589826515968        16.000000000000000        5.7563093640601206     
           1         126   3.3790740707414826        16.000000000000000        5.7563093640601206     
           1         127   15.792095532710533        16.000000000000000        14.677777997120375     
           1         128   3.3260819865756370        16.000000000000000        5.7562930145888682     
           1         129   3.3309509631935508        16.000000000000000        5.7562930145888682     
           1         130   3.3208491522920682        16.000000000000000        5.7562930145888682     
           1         131   3.3205469470507425        16.000000000000000        5.7562930145888682     
           1         132   22.002888552720428        16.000000000000000        12.532076364167597     
           1         133   198.71920934618112        16.000000000000000        173.81721055797607     
           1         134   3.3170087833922128        16.000000000000000        5.7562930145888682     
           1         135   3.3226829465736345        16.000000000000000        5.7562930145888682     
           1         136   83.486287204424244        16.000000000000000        62.638725650307201     
           1         137   3.3261422150967901        16.000000000000000        5.7562930145888682     
           1         138   3.3143318666070831        16.000000000000000        5.7562930145888682     
           1         139   3.3391161603438166        16.000000000000000        5.7562930145888682     
           1         140   8.0765649480024422        16.000000000000000        6.1950527744746848     
           1         141   139.94374476827238        16.000000000000000        102.79504028615990     
           1         142   284.02019960156298        16.000000000000000        257.57852722905983     
           1         143   3.3544479668794316        16.000000000000000        5.7562930145888682     
           1         144   3.3236400052051596        16.000000000000000        5.7562930145888682     
           1         145   3.3305662041224204        16.000000000000000        5.7562930145888682     
           1         146   4.0353731990803841        16.000000000000000        5.7574686239696176     
           1         147   3.3163814169742016        16.000000000000000        5.7562930145888682     
           1         148   3.7689371669126785        16.000000000000000        5.7574686239696176     
           1         149   3.7742962720776490        16.000000000000000        5.7574686239696176     
           1         150   196.92196433431027        16.000000000000000        149.33174206596684     
           1         151   257.23243022882411        16.000000000000000        229.05378483233028     
           1         152   3.3162285539723637        16.000000000000000        5.7562930145888682     
           1         153   3.3309675785696324        16.000000000000000        5.7562930145888682     
           1         154   3.6906044367277939        16.000000000000000        5.7574686239696176     
           1         155   3.3346132160752404        16.000000000000000        5.7562930145888682     
           1         156   3.3492666529263841        16.000000000000000        5.7562930145888682     
           1         157   3.3325615890382525        16.000000000000000        5.7562930145888682     
           1         158   10.305019686013404        16.000000000000000        8.4267522923679383     
           1         159   3.5812262471160485        16.000000000000000        5.7574686239696176     
           1         160   3.3421378847787020        16.000000000000000        5.7562930145888682     
           1         161   10.341384331966198        16.000000000000000        8.4267522923679383     
           1         162   10.420838794625070        16.000000000000000        8.4267522923679383     
           1         163   3.3158464371321745        16.000000000000000        5.7562930145888682     
           1         164   3.3165012239569500        16.000000000000000        5.7562930145888682     
           1         165   3.6566342484220677        16.000000000000000        5.7574686239696176     
           1         166   3.3216794101230582        16.000000000000000        5.7562930145888682     
           1         167   3.3344960819928620        16.000000000000000        5.7562930145888682     
           1         168   3.3338681840748361        16.000000000000000        5.7562930145888682     
           1         169   3.3358216213452230        16.000000000000000        5.7562930145888682     
           1         170   8.1427274626115143        16.000000000000000        6.1950703828298268     
           1         171   3.6298278561887023        16.000000000000000        5.7574686239696176     
           1         172   3.6500846784524703        16.000000000000000        5.7574686239696176     
           1         173   3.3475612495633480        16.000000000000000        5.7562930145888682     
           1         174   3.5872426629832841        16.000000000000000        5.7574686239696176     
           1         175   10.370157399069715        16.000000000000000        8.4267522923679383     
           1         176   57.984659378157346        16.000000000000000        57.085858794966967     
           1         177   3.6040025838538452        16.000000000000000        5.7574686239696176     
           1         178   3.3384205420396418        16.000000000000000        5.7562930145888682     
           1         179   3.3579162638719153        16.000000000000000        5.7562930145888682     
           1         180   10.371221084115753        16.000000000000000        8.4267522923679383     
           1         181   10.444296665152683        16.000000000000000        8.4267522923679383     
           1         182   8.0460333427051509        16.000000000000000        6.1950527744746848     
           1         183   3.3185200787959928        16.000000000000000        5.7562930145888682     
           1         184   3.3302101728838709        16.000000000000000        5.7562930145888682     
           1         185   3.3832388195609333        16.000000000000000        5.7563093640601206     
           1         186   3.3862941819351837        16.000000000000000        5.7563093640601206     
           1         187   3.3194961415719413        16.000000000000000        5.7562930145888682     
           1         188   3.5724407127793034        16.000000000000000        5.7574686239696176     
           1         189   3.3298107715896021        16.000000000000000        5.7562930145888682     
           1         190   3.3223635553910400        16.000000000000000        5.7562930145888682     
           1         191   3.3299877371401134        16.000000000000000        5.7562930145888682     
           1         192   3.3781212539297019        16.000000000000000        5.7563093640601206     
           1         193   3.3756175775120956        16.000000000000000        5.7563093640601206     
           1         194   4.3850697266291894        16.000000000000000        5.7574686239696176     
           1         195   10.366847033891279        16.000000000000000        8.4267522923679383     
           1         196   3.3516327748043766        16.000000000000000        5.7562930145888682     
           1         197   3.5638954881055414        16.000000000000000        5.7574686239696176     
           1         198   3.3247440332947851        16.000000000000000        5.7562930145888682     
           1         199   3.3152183320659243        16.000000000000000        5.7562930145888682     
           1         200   3.3360395434299983        16.000000000000000        5.7562930145888682     
           1         201   8.1245599499420873        16.000000000000000        6.1950527744746848     
           1         202   3.3367225338940152        16.000000000000000        5.7562930145888682     
           1         203   3.3489622537474233        16.000000000000000        5.7562930145888682     
           1         204   3.3140530682688185        16.000000000000000        5.7562930145888682     
           1         205   3.3262260679924078        16.000000000000000        5.7562930145888682     
           1         206   3.3273848613721375        16.000000000000000        5.7562930145888682     
           1         207   3.3332548514290967        16.000000000000000        5.7562930145888682     
           1         208   3.3578060977778312        16.000000000000000        5.7562930145888682     
           1         209   3.3744690729402356        16.000000000000000        5.7562930145888682     
           1         210   3.3269844444641352        16.000000000000000        5.7562930145888682     
           1         211   3.3367576607318954        16.000000000000000        5.7562930145888682     
           1         212   3.5711193061915569        16.000000000000000        5.7574686239696176     
           1         213   10.423969144347023        16.000000000000000        8.4267522923679383     
           1         214   3.3225238756899933        16.000000000000000        5.7562930145888682     
           1         215   3.3160896686161352        16.000000000000000        5.7562930145888682     
           1         216   3.3249982440649894        16.000000000000000        5.7562930145888682     
           1         217   10.372671801554924        16.000000000000000        8.4267522923679383     
           1         218   3.3289660170556497        16.000000000000000        5.7562930145888682     
           1         219   142.07834251615634        16.000000000000000        116.47409865123539     
           1         220   3.3183568947681437        16.000000000000000        5.7562930145888682     
           1         221   333.97544366582218        16.000000000000000        307.44642693074593     
           1         222   3.3176016976299612        16.000000000000000        5.7562930145888682     
           1         223   3.3238559846703697        16.000000000000000        5.7562930145888682     
           1         224   362.34766071265170        16.000000000000000        347.41999999994101     
           1         225   4.4296855200897776        16.000000000000000        5.7574686239696176     
           1         226   557.96258332028538        16.000000000000000        516.05488251740121     
           1         227   4.3274916202215241        16.000000000000000        5.7574686239696176     
           1         228   10.388531168393341        16.000000000000000        8.4267522923679383     
           1         229   10.462074415027727        16.000000000000000        8.4267763320649891     
           1         230   389.03203559480858        16.000000000000000        332.62715073071377     
           1         231   3.3372320397812878        16.000000000000000        5.7562930145888682     
           1         232   3.3199312786088173        16.000000000000000        5.7562930145888682     
           1         233   3.3190469540021557        16.000000000000000        5.7562930145888682     
           1         234   3.3148142294857275        16.000000000000000        5.7562930145888682     
           1         235   3.3431179371574182        16.000000000000000        5.7562930145888682     
           1         236   3.3200681965913108        16.000000000000000        5.7562930145888682     
           1         237   10.433443286725240        16.000000000000000        8.4267522923679383     
           1         238   3.3441529346557659        16.000000000000000        5.7562930145888682     
           1         239   3.3491702463352522        16.000000000000000        5.7562930145888682     
           1         240   3.3475904652800073        16.000000000000000        5.7562930145888682     
           1         241   10.318569773380160        16.000000000000000        8.4267522923679383     
           1         242   3.3463574273397962        16.000000000000000        5.7562930145888682     
           1         243   3.7619917370291538        16.000000000000000        5.7574686239696176     
           1         244   3.3330870833777055        16.000000000000000        5.7562930145888682     
           1         245   725.72588658388054        16.000000000000000        663.50354526334138     
           1         246   13.839517900473226        16.000000000000000        8.4284808665208786     
           1         247   3.3325344200295541        16.000000000000000        5.7562930145888682     
           1         248   8.0981582201010252        16.000000000000000        6.1950527744746848     
           1         249   3.3251958433637308        16.000000000000000        5.7562930145888682     
           1         250   3.3330168966703688        16.000000000000000        5.7562930145888682     
           1         251   3.3185881796475702        16.000000000000000        5.7562930145888682     
           1         252   779.61041163254436        16.000000000000000        706.95029689081014     
           1         253   3.3467911516257538        16.000000000000000        5.7562930145888682     
           1         254   3.3613067212224679        16.000000000000000        5.7562930145888682     
           1         255   3.3334493130591456        16.000000000000000        5.7562930145888682     
           1         256   3.3401764708435064        16.000000000000000        5.7562930145888682     
           1         257   3.3161030669575680        16.000000000000000        5.7562930145888682     
           1         258   3.3220849574079470        16.000000000000000        5.7562930145888682     
           1         259   3.7499165468086892        16.000000000000000        5.7574686239696176     
           1         260   10.426792126884605        16.000000000000000        8.4267522923679383     
           1         261   3.3302510503194260        16.000000000000000        5.7562930145888682     
           1         262   3.4512676330235617        16.000000000000000        5.7563093640601206     
           1         263   14.995585209378246        16.000000000000000        12.005017068564978     
           1         264   3.3734204464437987        16.000000000000000        5.7562930145888682     
           1         265   27.508917946160004        16.000000000000000        25.117872806776667     
           1         266   3.3309675869235291        16.000000000000000        5.7562930145888682     
           1         267   3.3313751100741973        16.000000000000000        5.7562930145888682     
           1         268   3.3505012644955432        16.000000000000000        5.7562930145888682     
           1         269   10.307131832175418        16.000000000000000        8.4267522923679383     
           1         270   3.3776232815309104        16.000000000000000        5.7562930145888682     
           1         271   3.3566012612992489        16.000000000000000        5.7562930145888682     
           1         272   3.3567057341112183        16.000000000000000        5.7563093640601206     
           1         273   3.3154165429521338        16.000000000000000        5.7562930145888682     
           1         274   8.1166799511992860        16.000000000000000        6.1950527744746848     
           1         275   3.3226599933786924        16.000000000000000        5.7562930145888682     
           1         276   3.3228572491879285        16.000000000000000        5.7562930145888682     
           1         277   3.6700189997384602        16.000000000000000        5.7574686239696176     
           1         278   3.3552578226689533        16.000000000000000        5.7562930145888682     
           1         279   3.3922132340778970        16.000000000000000        5.7563093640601206     
           1         280   3.3229195127232476        16.000000000000000        5.7562930145888682     
           1         281   3.3184874335748229        16.000000000000000        5.7562930145888682     
           1         282   3.3285959292816929        16.000000000000000        5.7562930145888682     
           1         283   13.749419986116900        16.000000000000000        8.4269221001472232     
           1         284   3.3194560333154794        16.000000000000000        5.7562930145888682     
           1         285   3.3194468052301462        16.000000000000000        5.7562930145888682     
           1         286   3.3286238823951333        16.000000000000000        5.7562930145888682     
           1         287   3.3370231774340158        16.000000000000000        5.7562930145888682     
           1         288   3.3319769225644724        16.000000000000000        5.7562930145888682     
           1         289   3.3179692779006218        16.000000000000000        5.7562930145888682     
           1         290   3.3734788802326605        16.000000000000000        5.7562930145888682     
           1         291   3.3490017986179392        16.000000000000000        5.7562930145888682     
           1         292   3.3310560845803763        16.000000000000000        5.7562930145888682     
           1         293   3.6549523096601404        16.000000000000000        5.7574686239696176     
           1         294   3.3140417514162124        16.000000000000000        5.7562930145888682     
           1         295   3.3297883692824475        16.000000000000000        5.7562930145888682     
           1         296   3.3552832676859414        16.000000000000000        5.7562930145888682     
           1         297   3.3269350495945633        16.000000000000000        5.7562930145888682     
           1         298   3.3171414735579918        16.000000000000000        5.7562930145888682     
           1         299   3.3207606446543778        16.000000000000000        5.7562930145888682     
           1         300   3.3163333045206858        16.000000000000000        5.7562930145888682     
           1         301   3.3504743719126999        16.000000000000000        5.7562930145888682     
           1         302   3.3346281268499043        16.000000000000000        5.7562930145888682     
           1         303   8.2448424319154530        16.000000000000000        6.1950703828298268     
           1         304   3.3805031256701548        16.000000000000000        5.7563093640601206     
           1         305   3.5021073735778030        16.000000000000000        5.7574686239696176     
           1         306   3.3914642972227034        16.000000000000000        5.7562930145888682     
           1         307   3.4328819938028849        16.000000000000000        5.7563093640601206     
           1         308   3.4318783151934302        16.000000000000000        5.7563093640601206     
           1         309   3.3389845776046134        16.000000000000000        5.7562930145888682     
           1         310   3.3466801668993398        16.000000000000000        5.7562930145888682     
           1         311   3.3216386441111445        16.000000000000000        5.7562930145888682     
           1         312   3.3217091084572479        16.000000000000000        5.7562930145888682     
           1         313   3.3168103164845038        16.000000000000000        5.7562930145888682     
           1         314   3.3331232314807084        16.000000000000000        5.7562930145888682     
           1         315   3.3613371110709536        16.000000000000000        5.7562930145888682     
           1         316   3.3571361956382200        16.000000000000000        5.7562930145888682     
           1         317   3.3163892107566424        16.000000000000000        5.7562930145888682     
           1         318   3.3278811896067322        16.000000000000000        5.7562930145888682     
           1         319   3.3631161212982223        16.000000000000000        5.7562930145888682     
           1         320   3.3316500171449244        16.000000000000000        5.7562930145888682     
           1         321   10.316397152612945        16.000000000000000        8.4267522923679383     
           1         322   3.3148718830839439        16.000000000000000        5.7562930145888682     
           1         323   12.315121667590263        16.000000000000000        8.4261636026276232     
           1         324   3.3889241806558599        16.000000000000000        5.7563093640601206     
           1         325   3.3834901303265479        16.000000000000000        5.7563093640601206     
           1         326   3.3447217587065645        16.000000000000000        5.7562930145888682     
           1         327   3.3276050174598222        16.000000000000000        5.7562930145888682     
           1         328   3.3288132944797759        16.000000000000000        5.7562930145888682     
           1         329   3.3380046203295213        16.000000000000000        5.7562930145888682     
           1         330   3.3688247416636776        16.000000000000000        5.7563093640601206     
           1         331   3.3325435795924325        16.000000000000000        5.7562930145888682     
           1         332   8.1390183957816493        16.000000000000000        6.1950527744746848     
           1         333   10.449844687047079        16.000000000000000        8.4267522923679383     
           1         334   3.3157698884351978        16.000000000000000        5.7562930145888682     
           1         335   3.3384907240478112        16.000000000000000        5.7562930145888682     
           1         336   11.820472974123751        16.000000000000000        8.4284808665208786     
           1         337   3.3349001983453821        16.000000000000000        5.7562930145888682     
           1         338   10.488180445078928        16.000000000000000        8.4267763320649891     
           1         339   3.3149721088985062        16.000000000000000        5.7562930145888682     
           1         340   3.7190593169947403        16.000000000000000        5.7574686239696176     
           1         341   3.3142262807102818        16.000000000000000        5.7562930145888682     
           1         342   3.3156211392841000        16.000000000000000        5.7562930145888682     
           1         343   11.556496895354528        16.000000000000000        8.4284808665208786     
           1         344   3.3319264513426008        16.000000000000000        5.7562930145888682     
           1         345   3.3273827499869264        16.000000000000000        5.7562930145888682     
           1         346   3.3255763175511861        16.000000000000000        5.7562930145888682     
           1         347   3.3155386736462256        16.000000000000000        5.7562930145888682     
           1         348   3.3391703743735959        16.000000000000000        5.7562930145888682     
           1         349   3.3174022134434216        16.000000000000000        5.7562930145888682     
           1         350   3.3214027010906930        16.000000000000000        5.7562930145888682     
           1         351   3.3314882321949693        16.000000000000000        5.7562930145888682     
           1         352   3.3518956958659056        16.000000000000000        5.7562930145888682     
           1         353   10.430283576278145        16.000000000000000        8.4267522923679383     
           1         354   3.3261827567739570        16.000000000000000        5.7562930145888682     
           1         355   3.3303984143141996        16.000000000000000        5.7562930145888682     
           1         356   10.436122641481884        16.000000000000000        8.4267522923679383     
           1         357   10.272142731411032        16.000000000000000        8.4267522923679383     
           1         358   3.3277571265625383        16.000000000000000        5.7562930145888682     
           1         359   3.3222850784047302        16.000000000000000        5.7562930145888682     
           1         360   3.3211886953044596        16.000000000000000        5.7562930145888682     
           1         361   3.3317780368107415        16.000000000000000        5.7562930145888682     
           1         362   3.3297761350137351        16.000000000000000        5.7562930145888682     
           1         363   3.3219532612685505        16.000000000000000        5.7562930145888682     
           1         364   3.3192328538726898        16.000000000000000        5.7562930145888682     
           1         365   8.1782828288927583        16.000000000000000        6.1950703828298268     
           1         366   3.3162078860378816        16.000000000000000        5.7562930145888682     
           1         367   10.478135730828054        16.000000000000000        8.4267763320649891     
           1         368   3.3442710523029082        16.000000000000000        5.7562930145888682     
           1         369   3.4164980353992949        16.000000000000000        5.7563093640601206     
           1         370   3.4046971883384800        16.000000000000000        5.7563093640601206     
           1         371   3.3515031122793193        16.000000000000000        5.7562930145888682     
           1         372   10.391104957498987        16.000000000000000        8.4267522923679383     
           1         373   3.3305608661311226        16.000000000000000        5.7562930145888682     
           1         374   3.3276687509069247        16.000000000000000        5.7562930145888682     
           1         375   3.3246441397226270        16.000000000000000        5.7562930145888682     
           1         376   3.3728935223188623        16.000000000000000        5.7563093640601206     
           1         377   3.3724287631742631        16.000000000000000        5.7563093640601206     
           1         378   3.3145134775339757        16.000000000000000        5.7562930145888682     
           1         379   3.3234040022316846        16.000000000000000        5.7562930145888682     
           1         380   3.4320735730972594        16.000000000000000        5.7563093640601206     
           1         381   3.4441167056657114        16.000000000000000        5.7563093640601206     
           1         382   3.4257069831433355        16.000000000000000        5.7563093640601206     
           1         383   3.5548866902924998        16.000000000000000        5.7574686239696176     
           1         384   3.6550875724437839        16.000000000000000        5.7574686239696176     
           1         385   7.1420495070203023        16.000000000000000        3.5478587459458906     
           1         386   10.400937985140821        16.000000000000000        8.4267522923679383     
           1         387   3.3380937236410491        16.000000000000000        5.7562930145888682     
           1         388   3.5145724059770203        16.000000000000000        5.7574686239696176     
           1         389   8.0483670476864049        16.000000000000000        6.1950527744746848     
           1         390   3.3245423612898679        16.000000000000000        5.7562930145888682     
           1         391   3.3428347545266854        16.000000000000000        5.7562930145888682     
           1         392   12.166114160016956        16.000000000000000        8.4200593805614528     
           1         393   3.3283891429970209        16.000000000000000        5.7562930145888682     
           1         394   3.3144243849784112        16.000000000000000        5.7562930145888682     
           1         395   9.7235966955493147        16.000000000000000        6.1914243211919535     
           1         396   3.6933583290765961        16.000000000000000        5.7574686239696176     
           1         397   3.3273388230051357        16.000000000000000        5.7562930145888682     
           1         398   10.353285265932913        16.000000000000000        8.4267522923679383     
           1         399   3.3433235072692140        16.000000000000000        5.7562930145888682     
           1         400   3.3363077651253570        16.000000000000000        5.7562930145888682     
           1         401   3.3256405592882654        16.000000000000000        5.7562930145888682     
           1         402   3.3415309310378829        16.000000000000000        5.7562930145888682     
           1         403   3.3874838738985145        16.000000000000000        5.7563093640601206     
           1         404   11.945124008887561        16.000000000000000        8.4284808665208786     
           1         405   3.3226103411277701        16.000000000000000        5.7562930145888682     
           1         406   3.3262672939467777        16.000000000000000        5.7562930145888682     
           1         407   3.3922545883001840        16.000000000000000        5.7563093640601206     
           1         408   12.310452975204804        16.000000000000000        8.4284808665208786     
           1         409   3.3411734704731861        16.000000000000000        5.7562930145888682     
           1         410   3.3806465653916118        16.000000000000000        5.7563093640601206     
           1         411   3.3816660676134043        16.000000000000000        5.7563093640601206     
