3.23119363557264 3.00031649628584 3.23545093244144 3.35412590724364 3.12208894252916 3.38186483656828 3.2926314198053 3.16882064630099 3.19338900033548 3.13213572826889 3.36503492372109 3.17700340973489 3.22113611357263 3.29953872871933 3.30377736798054 3.39504922411536 3.18029503128697 3.2643198973597 3.36572294865089 3.28055152208945 3.15331168643817 3.70748392979877 3.09531867858362 3.51184808816521 3.19850435319948 3.05647526747941 3.37541609302719 3.65899488831009 3.16833775747342 3.39611941835074 3.27819737613473 3.29961323664052 3.58336315788698 3.49566791409822 3.4177578284833 3.39372078598296 3.22700522172326 3.39027465559115 3.21520607260849 3.07072853113905 3.37344641534683 3.25810345507099 3.38297819387914 3.30421042947147 3.81557546311338 3.3194714787791 3.2099547292957 3.30920755049559 3.27450692475351 3.15496514465514
-1.94102883584573 -2.07960965177275 -2.13255712393095 -2.26103935021858 -1.5910964144221 -1.87069321563711 -2.05287131870823 -2.24906489063903 -1.98066257220534 -2.12062333299095 -1.85921480159902 -1.94045430119464 -1.86754162128738 -1.83721780138599 -2.12897294498057 -1.94049433098114 -2.58538553614231 -1.12719197665912 -1.74335829940522 -1.94184066388441 -2.10122183983363 -1.99794795301687 -1.80823247511947 -2.05822552761045 -1.84290248799379 -1.98795620447115 -2.23426235171269 -2.925202244928 -2.02924048677459 -1.91306616842555 -2.08322518281557 -2.01443939353879 -2.07361311041595 -1.99227921553089 -1.74616901072351 -2.04128396649823 -1.92806463379815 -1.83487601655361 -1.94847154094847 -2.1106174294659 -1.77579895158723 -1.90676368026205 -2.09776985840531 -2.10953315365729 -1.10692386502117 -1.99513452187311 -2.05315838655301 -2.0945457669406 -1.92346626187227 -1.99745766113659
-0.25092258937009 -0.167350135425247 -0.195505558569699 -0.2544779039819 -0.168092826871886 -0.23147865572324 -0.231326733375459 -0.230837981519354 -0.267321667354105 -0.282663913190308 -0.223407216558547 -0.280404356066666 -0.231868264439082 -0.217854844877358 -0.261523854149586 -0.252541064275522 -0.170697557169278 -0.266461378081328 -0.215964969700132 -0.166370630670074 -0.228670597607247 -0.19687606651948 -0.280242899803636 -0.265162927497114 -0.259871596029581 -0.168476703534595 -0.215815671892202 -0.319937767219457 -0.209576998004986 -0.277046699000566 -0.250359766597363 -0.219638967068812 -0.25370644157845 -0.265690768624654 -0.270864357477486 -0.222292268942593 -0.124213844108437 -0.241677416786247 -0.263718799680185 -0.303876889776356 -0.209689484213593 -0.203759071938299 -0.267440691349613 -0.219679634836881 -0.369925524544323 -0.199789302128405 -0.267837785474606 -0.251637617712029 -0.23966645924677 -0.205924321788195
0.573931369572277 0.379317905697039 0.596791006878895 0.621861821860681 0.687554188520562 0.620505757613979 0.585593971310003 0.555878752667784 0.625329652232884 0.571057450143073 0.572574032078676 0.606702344659972 0.395964108667594 0.750901545701158 0.624003448858895 0.591596632103476 0.647553072733191 0.647229213479832 0.657770066742996 0.629671423498159 0.710649663400688 0.610118846300059 0.438513359043904 0.632846866800908 0.619379167068006 0.620869909687093 0.609811497930284 1.43133172521094 0.601427047289922 0.626352017221425 0.606795023692241 0.370549385549096 0.803127169378954 0.612857307865238 0.563905517792493 0.74560331610543 0.653959623181508 0.633973906212735 0.602031963514303 0.417641091132121 0.59915554797992 0.79105198427076 0.410386387924501 0.941742255975777 0.560577378428131 0.76791155485766 0.615609524225281 0.363971666296403 0.390555124136061 0.741756952216405
-0.0657256007808245 -0.0620870823299256 -0.0725836812406345 -0.0679260290728525 -0.0705461434746388 -0.0653894551658359 -0.0686965575047213 -0.0698799553768423 -0.0694958138182602 -0.0722592561598584 -0.0587955237035598 -0.0722358363743119 -0.0643134538103794 -0.0580946937506639 -0.0672996145952801 -0.0667721591500287 -0.0654181277794773 -0.0654006004662346 -0.0362888438261938 -0.0613508891699717 -0.0754792584405814 -0.0665336893826318 -0.0446140952586949 -0.0568235558471291 -0.0620520445913133 -0.0621114451565636 -0.0699519083444083 -0.0861450723127719 -0.0651107177066085 -0.0608466227858341 -0.0656336202742083 -0.0668879469777876 -0.0713091778374596 -0.0656902012148184 -0.0577541864715561 -0.0628085869107637 -0.0657079174459782 -0.0642235592018639 -0.0650057723178064 -0.0629758056964623 -0.0662234220800319 -0.0622512778664066 -0.057466718179596 -0.0638089192559882 -0.0459369296656489 -0.0565628183914978 -0.0653666425782489 -0.0682854547758038 -0.0662044788407586 -0.0654257909840004
-0.346189608302005 -0.18360227539776 -0.231430972106538 -0.340327930698165 -0.354465190347265 -0.278654929474862 -0.321392471435357 -0.165588769210421 -0.256096543457401 -0.405532861171476 -0.257725281793348 -0.227444857595257 -0.223297076651369 -0.246186359558521 -0.266108380110421 -0.394082665552515 -0.256186604088947 -0.128522081186365 -0.300194798564199 -0.186712946192874 -0.270318567584534 -0.387889411546333 -0.316177269619991 -0.238077157980188 -0.342298903964249 -0.349008975216459 -0.190097954772063 -0.0626068496455553 -0.329623528017505 -0.350255148782937 -0.139399886356578 -0.33147079207948 -0.288711813185766 -0.324751267242311 -0.38763102697301 -0.196337005954927 -0.34670086928936 -0.237119011440528 -0.132018881750506 -0.263860400194077 -0.274241893216186 -0.167350597131098 -0.37948099394845 -0.207443555330681 -0.0677155715605534 -0.246912579438251 -0.32728805265788 -0.386923337432494 -0.139137120149011 -0.31817951315659
0.533840299109234 0.485024374549334 0.460666068598487 0.494040113289056 0.567226982780423 0.481412149923858 0.507052030660944 0.547508583031463 0.55895697289463 0.597260371259056 0.483422379472355 0.534640776934424 0.520973167106694 0.589010500267182 0.483461398716385 0.519385941120685 0.514347894075161 0.528517686280615 0.489066067794888 0.567200325796491 0.521597769197559 0.43884798887536 0.69603123945488 0.46670860532868 0.527615179495015 0.52148303952641 0.547600731252352 0.795993258622013 0.537305909401404 0.475769435516774 0.51618440000885 0.515912434234989 0.570871565797388 0.51908468417019 0.508252973793966 0.609043085839181 0.555151110218926 0.589338813158832 0.576810110709157 0.546042234764011 0.480104183924366 0.42776746615197 0.469859723585377 0.501861239339566 0.531266259000229 0.675703014995778 0.543903915516576 0.517397122425125 0.522471756605741 0.519042678114193
-0.0949763063591075 -0.0804540594190335 -0.0894332338666892 -0.0660727067300717 -0.0783323222556959 -0.0668554238311092 -0.164761359993935 -0.0955077179970418 -0.137840880909935 -0.107751845269437 -0.0446432338099479 -0.112186791289145 -0.0911405252700647 -0.102926873711972 -0.107013153377159 -0.122430893959428 -0.0432473155911134 -0.110538364390248 -0.0707998639270869 -0.0843340222955843 -0.0670845721333462 -0.0786840623289175 -0.0516635555285026 -0.099379923118854 -0.10939578836939 -0.108778961549075 -0.103084891150348 -0.073058091884889 -0.0841523409243411 -0.0582569624745378 -0.0651481373915352 -0.0794599291739749 -0.101607805654337 -0.0979961406685687 -0.114630951033853 -0.0904978818411228 -0.054901337490954 -0.0997069684992902 -0.108725199088896 -0.148707273470275 -0.0582631757377629 -0.0804753462448673 -0.0756229459353835 -0.117873957807245 -0.0517867435276078 -0.0764775860366782 -0.092165088251 -0.103586041253107 -0.0889877712193437 -0.0653788631966385
2.71899749070019 2.28511635928036 2.23086305238079 2.32052727785643 2.50802451770805 2.37019640559666 2.2038108491208 2.04143856129405 2.26965871622493 2.1253091029979 2.54694858194524 2.25211434085935 2.46679408011935 2.31440886419734 2.09702567557624 2.20347566737041 2.51944522270171 2.3227952295576 2.6955473802062 2.4429001626842 2.66335546838823 2.49748173928821 2.03986585669493 2.47386022998367 2.88296578646093 2.28244470600471 2.3203340450821 2.48763417663665 1.90587388273193 2.28826573124526 2.35889534263662 2.04167759212163 2.64745512494958 2.20330883813758 2.1069109908954 2.55888435704207 2.40668320701495 2.46814060939993 2.27471981876 2.50849973728801 2.35483726682176 2.40065469825774 2.306210895249 2.94452902186743 2.37175812471744 2.39018739307338 2.28394871523959 2.21299346649361 2.14622651300951 2.32921175379766
5.98651501892092 9.53406276856255 9.73538272269722 8.11054636706346 12.2787671329122 10.0568568707442 9.45447082933877 9.47283102480216 6.7604926576506 9.96901516067529 6.87328602434426 6.9848920571135 9.80345573067215 6.34004414832506 6.34227713541798 9.41826330611031 5.7713700856325 5.41703641055802 9.02602679437813 10.3255156218102 6.3474281589831 10.0410554136125 8.41797621792516 13.1613772261412 6.14331330958597 9.88636838525402 8.59880415016842 11.766886637789 8.68943395247777 6.20823880120075 11.7637653787319 9.60316353643801 7.23829043011921 9.87829661675251 5.54084631795897 10.6097859222735 9.84073632647574 10.2296673868399 7.15876553723706 9.92661900515925 12.0409383113458 4.23293890483715 10.555991713627 9.29272683885427 3.32596334785433 6.27953360141865 8.92130388042596 9.11855214068908 14.0452791875354 5.77625891438831
0.916146963798921 0.886552132193509 0.635671576702871 1.02672044015483 0.598838478659275 0.885263001460364 0.877752079818489 1.0321098899521 1.48325202166502 0.557125019822096 1.07735835457509 0.93987451844107 0.912420598457183 1.00940808100539 0.962464165936185 0.868912994117583 1.08533650136525 0.854668591421384 0.939385954923603 0.98854502077926 1.01880524696916 0.905316340200049 0.884310710820049 0.924145492328352 0.91954377964315 0.929683287494977 0.622424836467609 0.634896759439249 0.690041340066754 0.87812631298507 0.554286771798442 1.04104245915816 1.44936473536945 0.917921239673663 0.842801765129837 0.992987724166655 0.921126848263055 1.01262470029343 0.941427311610404 1.04131500691247 0.508024782535931 1.01206378041912 0.982676813468924 0.894294740795182 0.836853127140609 0.862625484133686 0.987949832015358 0.848615286441044 0.908077983828113 0.899962493382972
8.00639799074257 8.01581050191583 5.18621418909479 8.3342434672088 8.31284221682061 5.07077988955571 7.76101996763767 7.575131596193 8.58644201986204 7.73235364569081 8.0953297016292 7.47312271151987 8.09127050044461 8.6461824664439 8.2175563897492 4.67192489303329 8.73925303441651 8.82873871875743 7.29295173431394 8.46334005059757 8.70335124446521 8.37100623362361 8.89877187436027 8.12748040553006 8.19669768816842 5.08533592438439 8.55104086005741 9.28045472368677 7.86640193046754 7.22491464456974 8.68630225061426 8.12534924786775 5.40361986612959 8.12276934734606 7.19394755792807 9.04942978795378 4.9602114499607 6.41763689378355 7.90575747407016 9.03696692787897 6.8914954757034 9.30319621185229 8.81470782517004 5.08989938315608 9.18667151613804 7.5663205543456 8.60321775224559 7.5198105549328 7.70301795149199 8.22661119232851
-0.648593644058083 -0.681673610230754 -0.641440670153416 -0.701077663817243 -0.6922290996168 -0.626687102908287 -0.682006072683745 -0.720064818132553 -0.645582915726087 -0.720413936728027 -0.650559933047684 -0.665385036728392 -0.617808275621975 -0.5859165091581 -0.667684386949607 -0.641128814037874 -0.639742807461032 -0.626752230972627 -0.604280266071079 -0.6067681804806 -0.676202767566126 -0.624576997004904 -0.792966875709 -0.623349946605025 -0.615132586344289 -0.698259274286789 -0.689036941107717 -0.673181892113937 -0.670545946058498 -0.562016349064296 -0.631460194773359 -0.639322614965428 -0.510958739356811 -0.64285396815429 -0.708191247225207 -0.623807882309216 -0.635695694922815 -0.60850565420092 -0.625507743356323 -0.718325743461579 -0.656857825136501 -0.591668845816324 -0.614631520408351 -0.673581829130521 -0.680087982588106 -0.859673925887848 -0.681895543356207 -0.711587598449466 -0.634474747167878 -0.624041838796418
-5.30343950029924 -4.62073207423663 -5.00152122698454 -3.98250637974435 -5.39916177762828 -5.4766870885642 -2.77022224657683 -5.44007728070714 -5.34768240008752 -2.97829161013862 -4.91267717859265 -5.31934337650341 -4.62389438183896 -5.49202439594602 -5.09405404541316 -3.58646578621175 -5.43815176803129 -5.01492998057205 -4.88838929294932 -4.87789371083512 -5.810558564455 -5.53001556507995 -5.54339466348361 -5.42797846824089 -4.73789649524443 -4.92299389490548 -5.64934286656206 -7.05673209824704 -5.29443384673067 -5.31551087681603 -5.21731147207502 -4.85704984969051 -5.99444267209717 -5.47241475389637 -2.75884542644982 -5.82397456880456 -4.91774175888403 -5.46978689565227 -5.13218299998412 -5.09357850817047 -5.03282400706009 -4.98407464515511 -5.29663440831041 -4.86235556473145 -5.90335818582685 -5.85997328326056 -5.34367785021407 -2.72948346944884 -5.30184186096749 -4.74513318320582
-5.80114932487179 -5.75595689651497 -6.09779985207788 -6.0404430833814 -5.68880019289725 -5.59667252275791 -5.65271225713411 -5.70236107540011 -5.68063081831688 -5.7728798575616 -5.92297911488533 -5.87326501768128 -6.03816725903872 -6.02403978194421 -6.16269639812964 -5.55405900327496 -5.73655446269941 -6.05927627605568 -6.03090966273898 -7.17020882924887 -5.96553077688626 -6.30958551341601 -6.01552187585599 -5.98617640546162 -5.5829424040756 -5.62736881978413 -5.93376617004053 -7.59611428194902 -5.6254262663202 -6.26894875951548 -5.93550589671059 -5.9292396781933 -6.61559785875783 -5.82533526626726 -5.76618620368554 -7.38358599507541 -6.50626487116033 -6.22537166621519 -5.96530852392195 -5.75385247364971 -5.47824562137487 -5.75466046239911 -6.45261785718662 -5.70525946659714 -6.85077337934787 -6.71895209925315 -5.69517604644887 -5.70424902032893 -5.44667142723974 -5.66521870548148
-6.19368951407245 -6.14439153470931 -6.66450778076496 -6.78232409307331 -6.09721637607837 -5.96772373053809 -6.23382251992513 -6.59612771120584 -6.00037778325632 -6.06476990034856 -7.52617377808769 -6.50627805250847 -6.43130515606887 -7.27480411402928 -6.4807302039872 -5.95645782760082 -7.11156258966958 -6.87594851440084 -6.64539771804444 -7.5790255275541 -6.93809233833288 -6.33740599172049 -6.48515559830882 -6.21300452988371 -5.89017830393416 -6.06851961870864 -6.5778933912697 -9.12208044104109 -5.98558866744956 -7.25626798873785 -6.03238932151861 -6.20064326170782 -7.93020975531219 -6.05926743813855 -5.92015244372887 -9.04765320743979 -5.92620338927724 -6.32197017380173 -6.18242986504254 -6.0772836774071 -6.89428061811677 -6.4786007923196 -6.51140194842027 -6.25608503568409 -7.57828038754929 -7.52476994778762 -7.02723629709597 -6.01298736577065 -5.95154352038607 -6.01565799345709
-7.35694246850289 -6.83261043443053 -7.79033471460499 -8.90886602962578 -6.64162335669974 -6.98575681293231 -7.28790474198349 -7.15952195258472 -7.3637348362049 -7.56776780197001 -7.47226243502116 -7.57356630578834 -7.01216381804181 -7.84880761019564 -7.13942060717805 -7.27524410956101 -6.48540212996928 -7.35643448894239 -7.11833339689659 -7.94676708304209 -7.6844723336119 -7.33718616138724 -7.42364656043225 -7.10876728758381 -7.19396582004534 -7.17065588856355 -7.19817246860429 -8.51970783937322 -6.8303451095645 -7.23654905069245 -6.93183131914409 -6.95021022018612 -9.02145722734598 -7.11612896217503 -7.14832767271215 -7.8522931771787 -6.99201148092096 -9.09627363053402 -7.23285073167174 -7.82434347216774 -7.45452237696563 -7.51403364355444 -7.37316436049266 -7.00226134583734 -8.37978896658758 -8.1731321516751 -7.12900157888301 -7.34606362543626 -6.56280416362703 -7.3956511461938
1.19618657665075 0.985615388643842 1.15982028021813 1.06198943864844 1.0037233512738 0.997719625407065 0.497882195811541 1.04670321372177 0.933392872263 0.913676721813676 1.06560023061611 1.08728790239572 1.39809301493773 1.18349703850579 1.03110902823454 0.873206143212129 1.21084645229707 0.903344386632863 0.851449550143711 1.01071791605083 0.890302072390997 0.751517311234983 1.20538975242268 1.0092765733646 0.911846048608647 1.66913800333052 1.08664197557265 2.38207943697678 1.28570989448391 1.28034310364196 0.891773780689857 1.03363067279289 0.954934447809108 0.582844376298546 0.871766544931019 0.6619785142984 0.952518879689819 1.19773689639248 1.35952805853938 1.02602967179554 1.05649135611782 0.842007067524747 1.05217588935973 0.953731837081023 0.99968389585624 1.56962848201584 0.956132778130148 0.981818437955873 0.916565031967861 1.15777042712609
33.3386751644792 32.7719182964465 36.0953447183187 33.2216077565167 36.2625061228035 33.5766814432663 32.3615407805058 27.3010140123636 36.1032015909341 32.4896854888923 34.4593422736067 27.7261622114466 33.8493419210601 33.920570707826 35.0892600713033 31.6868998830787 33.818624954401 37.5898658756848 30.9789902831721 45.6545148676989 33.9081627546255 34.1633852481016 35.9460944432351 30.5714832063034 30.6833663341538 35.0296336735834 31.831187820048 41.283471798505 36.5222479534704 38.1606906333878 34.4529565702442 32.4158956185409 39.1678420949294 33.8948104348674 31.2747511198444 40.5927364426728 33.6838894706169 35.2799815301851 33.17303979428 35.8567406524237 32.1625431486608 33.641534050636 30.2179726248665 33.4480895884894 44.0545259070735 36.3018284418949 36.201911908641 31.4178203038255 32.0990116286442 34.2836531136047
13.1610797858587 13.4828133037477 17.361443843052 11.7813474267399 11.3254818422887 15.808888660628 10.5350275283492 16.1473089535678 12.5389270432903 11.9130502323831 11.1160694030035 13.3535003794958 12.7209217657397 16.7853973521809 10.9413278422322 11.9379475521628 12.1576701620363 12.3115782692201 9.97942898664739 10.8394710849425 11.3574782202439 13.5090870190919 13.2149581485577 15.0134160142857 11.3692860369587 17.6655485148431 13.1753826723048 14.0942596560293 14.2330416016311 14.2136460412484 11.771775731077 12.4017748962098 14.5997888241904 12.2395755237049 13.0050076092058 14.7365960061984 12.2118768337675 13.249654785746 12.5269394971342 13.5315769769962 12.4832120510029 18.5543388476041 11.2162116265264 12.1559943049439 9.06318501853373 15.6103065460574 12.2973715186509 11.3700146141143 12.4604979229598 13.9185070984696
0.300947291344302 0.305788507964572 0.293524869063549 0.275547903999299 0.3270598902491 0.244216139941269 0.265073967932645 0.289574824622026 0.29072259743142 0.263342689855295 0.331566188500763 0.336967433223966 0.276178772894533 0.259388252984513 0.286322999085698 0.268085793713177 0.303941136794405 0.297934836446642 0.292797191867807 0.295499461805792 0.289093263755536 0.274106237403908 0.267104712965359 0.285877113600898 0.279561012125378 0.269035534617375 0.314570547303851 0.294628685144099 0.323747556084671 0.404772810530347 0.280294590855631 0.275776724858987 0.290402702728811 0.274291350377739 0.248114821735325 0.297203472592443 0.289521269705779 0.251121405761114 0.272632740698354 0.311394293402049 0.319249135154714 0.343860261602515 0.305349631127525 0.417054955660474 0.314500631734028 0.355146462885649 0.268195987836636 0.25497157102835 0.280540364783163 0.32922818286007
-0.0956688053322541 -0.0455395918657766 -0.0675286280889026 -0.0773842564660664 -0.0911042325256005 -0.0848712971647064 -0.0851597915952387 -0.0635055806243371 -0.0910980145230495 -0.104414189002709 -0.089206663758334 -0.0800053934975553 -0.0894132874325201 -0.0951101949148484 -0.0976883095736651 -0.0951767665325446 -0.0853102652325087 -0.0984507422762069 -0.123062702058105 -0.0844650810082478 -0.0751712018696241 -0.0809431106570964 -0.0487779841671744 -0.119218589551498 -0.109468482109127 -0.0777061096383811 -0.0618761347196275 -0.162634247096091 -0.098905895753715 -0.0869191922831824 -0.083927489881321 -0.0700192152446798 -0.101217975977118 -0.0938832933113499 -0.091919016770816 -0.0646434584963166 -0.0880127120865154 -0.0902120396043422 -0.0862115391119377 -0.0866662037603778 -0.0800140854317011 -0.071166714236586 -0.0711770905559303 -0.088281812326578 -0.0711138564035015 -0.0965908709559178 -0.0917794358434735 -0.103097237285437 -0.087738128229346 -0.0953475036302376
