   16.550619018304197        19.908619058358518        16.550619018304197        16.550619018304197        16.550619018304197        16.550619018304197        16.550619018304197        16.550619018304197        16.550619018304197        16.550619018304197        16.550619018304197        16.550619018304197        16.550619018304197        16.550619018304197        16.550619018304197        16.550619018304197        16.550619018304197        16.550619018304197        16.550619018304197        16.550619018304197        16.550619018304197        16.550619018304197        16.550619018304197        16.550619018304197        16.550619018304197        16.550619018304197        16.550619018304197        16.550619018304197     
   21.191022858741540        21.191022858741540        23.323022828223962        21.191022858741540        21.191022858741540        21.191022858741540        21.191022858741540        21.191022858741540        21.191022858741540        21.191022858741540        21.191022858741540        21.191022858741540        21.191022858741540        21.191022858741540        21.191022858741540        21.191022858741540        21.191022858741540        21.191022858741540        21.191022858741540        21.191022858741540        21.191022858741540        21.191022858741540        21.191022858741540        21.191022858741540        21.191022858741540        21.191022858741540        21.191022858741540        21.191022858741540     
   2.9649740864543990        2.9649740864543990        2.9649740864543990        11.276974361112602        2.9649740864543990        2.9649740864543990        2.9649740864543990        2.9649740864543990        2.9649740864543990        2.9649740864543990        2.9649740864543990        2.9649740864543990        2.9649740864543990        2.9649740864543990        2.9649740864543990        2.9649740864543990        2.9649740864543990        2.9649740864543990        2.9649740864543990        2.9649740864543990        2.9649740864543990        2.9649740864543990        2.9649740864543990        2.9649740864543990        2.9649740864543990        2.9649740864543990        2.9649740864543990        2.9649740864543990     
  -6.2222085311704278       -6.2222085311704278       -6.2222085311704278       -6.2222085311704278       -4.8472085311704278       -6.2222085311704278       -6.2222085311704278       -6.2222085311704278       -6.2222085311704278       -6.2222085311704278       -6.2222085311704278       -6.2222085311704278       -6.2222085311704278       -6.2222085311704278       -6.2222085311704278       -6.2222085311704278       -6.2222085311704278       -6.2222085311704278       -6.2222085311704278       -6.2222085311704278       -6.2222085311704278       -6.2222085311704278       -6.2222085311704278       -6.2222085311704278       -6.2222085311704278       -6.2222085311704278       -6.2222085311704278       -6.2222085311704278     
   22.106969252684298        22.106969252684298        22.106969252684298        22.106969252684298        22.106969252684298        48.448968306639372        22.106969252684298        22.106969252684298        22.106969252684298        22.106969252684298        22.106969252684298        22.106969252684298        22.106969252684298        22.106969252684298        22.106969252684298        22.106969252684298        22.106969252684298        22.106969252684298        22.106969252684298        22.106969252684298        22.106969252684298        22.106969252684298        22.106969252684298        22.106969252684298        22.106969252684298        22.106969252684298        22.106969252684298        22.106969252684298     
   0.0000000000000000        0.0000000000000000        0.0000000000000000        0.0000000000000000        0.0000000000000000        0.0000000000000000        0.0000000000000000        0.0000000000000000        0.0000000000000000        0.0000000000000000        0.0000000000000000        0.0000000000000000        0.0000000000000000        0.0000000000000000        0.0000000000000000        0.0000000000000000        0.0000000000000000        0.0000000000000000        0.0000000000000000        0.0000000000000000        0.0000000000000000        0.0000000000000000        0.0000000000000000        0.0000000000000000        0.0000000000000000        0.0000000000000000        0.0000000000000000        0.0000000000000000     
   10.663677159292940        10.663677159292940        10.663677159292940        10.663677159292940        10.663677159292940        10.663677159292940        17.351677361471893        10.663677159292940        10.663677159292940        10.663677159292940        10.663677159292940        10.663677159292940        10.663677159292940        10.663677159292940        10.663677159292940        10.663677159292940        10.663677159292940        10.663677159292940        10.663677159292940        10.663677159292940        10.663677159292940        10.663677159292940        10.663677159292940        10.663677159292940        10.663677159292940        10.663677159292940        10.663677159292940        10.663677159292940     
   55.234349634910025        55.234349634910025        55.234349634910025        55.234349634910025        55.234349634910025        55.234349634910025        55.234349634910025        77.264350321555526        55.234349634910025        55.234349634910025        55.234349634910025        55.234349634910025        55.234349634910025        55.234349634910025        55.234349634910025        55.234349634910025        55.234349634910025        55.234349634910025        55.234349634910025        55.234349634910025        55.234349634910025        55.234349634910025        55.234349634910025        55.234349634910025        55.234349634910025        55.234349634910025        55.234349634910025        55.234349634910025     
   78.938941008859373        78.938941008859373        78.938941008859373        78.938941008859373        78.938941008859373        78.938941008859373        78.938941008859373        78.938941008859373        85.263940818124510        78.938941008859373        78.938941008859373        78.938941008859373        78.938941008859373        78.938941008859373        78.938941008859373        78.938941008859373        78.938941008859373        78.938941008859373        78.938941008859373        78.938941008859373        78.938941008859373        78.938941008859373        78.938941008859373        78.938941008859373        78.938941008859373        78.938941008859373        78.938941008859373        78.938941008859373     
   150.96251029210032        150.96251029210032        150.96251029210032        150.96251029210032        150.96251029210032        150.96251029210032        150.96251029210032        150.96251029210032        150.96251029210032        192.06250876622141        150.96251029210032        150.96251029210032        150.96251029210032        150.96251029210032        150.96251029210032        150.96251029210032        150.96251029210032        150.96251029210032        150.96251029210032        150.96251029210032        150.96251029210032        150.96251029210032        150.96251029210032        150.96251029210032        150.96251029210032        150.96251029210032        150.96251029210032        150.96251029210032     
   151.28716275945868        151.28716275945868        151.28716275945868        151.28716275945868        151.28716275945868        151.28716275945868        151.28716275945868        151.28716275945868        151.28716275945868        151.28716275945868        201.54216382757392        151.28716275945868        151.28716275945868        151.28716275945868        151.28716275945868        151.28716275945868        151.28716275945868        151.28716275945868        151.28716275945868        151.28716275945868        151.28716275945868        151.28716275945868        151.28716275945868        151.28716275945868        151.28716275945868        151.28716275945868        151.28716275945868        151.28716275945868     
   14.419123690642280        14.419123690642280        14.419123690642280        14.419123690642280        14.419123690642280        14.419123690642280        14.419123690642280        14.419123690642280        14.419123690642280        14.419123690642280        14.419123690642280        19.656123679198188        14.419123690642280        14.419123690642280        14.419123690642280        14.419123690642280        14.419123690642280        14.419123690642280        14.419123690642280        14.419123690642280        14.419123690642280        14.419123690642280        14.419123690642280        14.419123690642280        14.419123690642280        14.419123690642280        14.419123690642280        14.419123690642280     
   19.978653156688864        19.978653156688864        19.978653156688864        19.978653156688864        19.978653156688864        19.978653156688864        19.978653156688864        19.978653156688864        19.978653156688864        19.978653156688864        19.978653156688864        19.978653156688864        42.841654026439841        19.978653156688864        19.978653156688864        19.978653156688864        19.978653156688864        19.978653156688864        19.978653156688864        19.978653156688864        19.978653156688864        19.978653156688864        19.978653156688864        19.978653156688864        19.978653156688864        19.978653156688864        19.978653156688864        19.978653156688864     
   0.0000000000000000        0.0000000000000000        0.0000000000000000        0.0000000000000000        0.0000000000000000        0.0000000000000000        0.0000000000000000        0.0000000000000000        0.0000000000000000        0.0000000000000000        0.0000000000000000        0.0000000000000000        0.0000000000000000        0.0000000000000000        0.0000000000000000        0.0000000000000000        0.0000000000000000        0.0000000000000000        0.0000000000000000        0.0000000000000000        0.0000000000000000        0.0000000000000000        0.0000000000000000        0.0000000000000000        0.0000000000000000        0.0000000000000000        0.0000000000000000        0.0000000000000000     
   1.1562252243064763E-002   1.1562252243064763E-002   1.1562252243064763E-002   1.1562252243064763E-002   1.1562252243064763E-002   1.1562252243064763E-002   1.1562252243064763E-002   1.1562252243064763E-002   1.1562252243064763E-002   1.1562252243064763E-002   1.1562252243064763E-002   1.1562252243064763E-002   1.1562252243064763E-002  0.11756225099136722        1.1562252243064763E-002   1.1562252243064763E-002   1.1562252243064763E-002   1.1562252243064763E-002   1.1562252243064763E-002   1.1562252243064763E-002   1.1562252243064763E-002   1.1562252243064763E-002   1.1562252243064763E-002   1.1562252243064763E-002   1.1562252243064763E-002   1.1562252243064763E-002   1.1562252243064763E-002   1.1562252243064763E-002
   1.6345419944125913E-002   1.6345419944125913E-002   1.6345419944125913E-002   1.6345419944125913E-002   1.6345419944125913E-002   1.6345419944125913E-002   1.6345419944125913E-002   1.6345419944125913E-002   1.6345419944125913E-002   1.6345419944125913E-002   1.6345419944125913E-002   1.6345419944125913E-002   1.6345419944125913E-002   1.6345419944125913E-002   3.7345419661003854E-002   1.6345419944125913E-002   1.6345419944125913E-002   1.6345419944125913E-002   1.6345419944125913E-002   1.6345419944125913E-002   1.6345419944125913E-002   1.6345419944125913E-002   1.6345419944125913E-002   1.6345419944125913E-002   1.6345419944125913E-002   1.6345419944125913E-002   1.6345419944125913E-002   1.6345419944125913E-002
   1.6528093503974314E-002   1.6528093503974314E-002   1.6528093503974314E-002   1.6528093503974314E-002   1.6528093503974314E-002   1.6528093503974314E-002   1.6528093503974314E-002   1.6528093503974314E-002   1.6528093503974314E-002   1.6528093503974314E-002   1.6528093503974314E-002   1.6528093503974314E-002   1.6528093503974314E-002   1.6528093503974314E-002   1.6528093503974314E-002  0.39252808062937106        1.6528093503974314E-002   1.6528093503974314E-002   1.6528093503974314E-002   1.6528093503974314E-002   1.6528093503974314E-002   1.6528093503974314E-002   1.6528093503974314E-002   1.6528093503974314E-002   1.6528093503974314E-002   1.6528093503974314E-002   1.6528093503974314E-002   1.6528093503974314E-002
   3.2883219372404376E-002   3.2883219372404376E-002   3.2883219372404376E-002   3.2883219372404376E-002   3.2883219372404376E-002   3.2883219372404376E-002   3.2883219372404376E-002   3.2883219372404376E-002   3.2883219372404376E-002   3.2883219372404376E-002   3.2883219372404376E-002   3.2883219372404376E-002   3.2883219372404376E-002   3.2883219372404376E-002   3.2883219372404376E-002   3.2883219372404376E-002   5.6883219581020633E-002   3.2883219372404376E-002   3.2883219372404376E-002   3.2883219372404376E-002   3.2883219372404376E-002   3.2883219372404376E-002   3.2883219372404376E-002   3.2883219372404376E-002   3.2883219372404376E-002   3.2883219372404376E-002   3.2883219372404376E-002   3.2883219372404376E-002
   3.9622619883197117E-002   3.9622619883197117E-002   3.9622619883197117E-002   3.9622619883197117E-002   3.9622619883197117E-002   3.9622619883197117E-002   3.9622619883197117E-002   3.9622619883197117E-002   3.9622619883197117E-002   3.9622619883197117E-002   3.9622619883197117E-002   3.9622619883197117E-002   3.9622619883197117E-002   3.9622619883197117E-002   3.9622619883197117E-002   3.9622619883197117E-002   3.9622619883197117E-002   7.3622621730941112E-002   3.9622619883197117E-002   3.9622619883197117E-002   3.9622619883197117E-002   3.9622619883197117E-002   3.9622619883197117E-002   3.9622619883197117E-002   3.9622619883197117E-002   3.9622619883197117E-002   3.9622619883197117E-002   3.9622619883197117E-002
  0.67309567465005504       0.67309567465005504       0.67309567465005504       0.67309567465005504       0.67309567465005504       0.67309567465005504       0.67309567465005504       0.67309567465005504       0.67309567465005504       0.67309567465005504       0.67309567465005504       0.67309567465005504       0.67309567465005504       0.67309567465005504       0.67309567465005504       0.67309567465005504       0.67309567465005504       0.67309567465005504       0.68909567541001426       0.67309567465005504       0.67309567465005504       0.67309567465005504       0.67309567465005504       0.67309567465005504       0.67309567465005504       0.67309567465005504       0.67309567465005504       0.67309567465005504     
   1.9693678540192417E-005   1.9693678540192417E-005   1.9693678540192417E-005   1.9693678540192417E-005   1.9693678540192417E-005   1.9693678540192417E-005   1.9693678540192417E-005   1.9693678540192417E-005   1.9693678540192417E-005   1.9693678540192417E-005   1.9693678540192417E-005   1.9693678540192417E-005   1.9693678540192417E-005   1.9693678540192417E-005   1.9693678540192417E-005   1.9693678540192417E-005   1.9693678540192417E-005   1.9693678540192417E-005   1.9693678540192417E-005   2.9019692844075167E-002   1.9693678540192417E-005   1.9693678540192417E-005   1.9693678540192417E-005   1.9693678540192417E-005   1.9693678540192417E-005   1.9693678540192417E-005   1.9693678540192417E-005   1.9693678540192417E-005
   18.729445014783060        18.729445014783060        18.729445014783060        18.729445014783060        18.729445014783060        18.729445014783060        18.729445014783060        18.729445014783060        18.729445014783060        18.729445014783060        18.729445014783060        18.729445014783060        18.729445014783060        18.729445014783060        18.729445014783060        18.729445014783060        18.729445014783060        18.729445014783060        18.729445014783060        18.729445014783060        19.673445020505106        18.729445014783060        18.729445014783060        18.729445014783060        18.729445014783060        18.729445014783060        18.729445014783060        18.729445014783060     
 -0.47853584496828699      -0.47853584496828699      -0.47853584496828699      -0.47853584496828699      -0.47853584496828699      -0.47853584496828699      -0.47853584496828699      -0.47853584496828699      -0.47853584496828699      -0.47853584496828699      -0.47853584496828699      -0.47853584496828699      -0.47853584496828699      -0.47853584496828699      -0.47853584496828699      -0.47853584496828699      -0.47853584496828699      -0.47853584496828699      -0.47853584496828699      -0.47853584496828699      -0.47853584496828699      -0.28353585212084437      -0.47853584496828699      -0.47853584496828699      -0.47853584496828699      -0.47853584496828699      -0.47853584496828699      -0.47853584496828699     
   1.5082701131552669        1.5082701131552669        1.5082701131552669        1.5082701131552669        1.5082701131552669        1.5082701131552669        1.5082701131552669        1.5082701131552669        1.5082701131552669        1.5082701131552669        1.5082701131552669        1.5082701131552669        1.5082701131552669        1.5082701131552669        1.5082701131552669        1.5082701131552669        1.5082701131552669        1.5082701131552669        1.5082701131552669        1.5082701131552669        1.5082701131552669        1.5082701131552669        1.9562701269835445        1.5082701131552669        1.5082701131552669        1.5082701131552669        1.5082701131552669        1.5082701131552669     
   1.7107571815668989        1.7107571815668989        1.7107571815668989        1.7107571815668989        1.7107571815668989        1.7107571815668989        1.7107571815668989        1.7107571815668989        1.7107571815668989        1.7107571815668989        1.7107571815668989        1.7107571815668989        1.7107571815668989        1.7107571815668989        1.7107571815668989        1.7107571815668989        1.7107571815668989        1.7107571815668989        1.7107571815668989        1.7107571815668989        1.7107571815668989        1.7107571815668989        1.7107571815668989        1.8377571856200148        1.7107571815668989        1.7107571815668989        1.7107571815668989        1.7107571815668989     
   2.4830924378611310        2.4830924378611310        2.4830924378611310        2.4830924378611310        2.4830924378611310        2.4830924378611310        2.4830924378611310        2.4830924378611310        2.4830924378611310        2.4830924378611310        2.4830924378611310        2.4830924378611310        2.4830924378611310        2.4830924378611310        2.4830924378611310        2.4830924378611310        2.4830924378611310        2.4830924378611310        2.4830924378611310        2.4830924378611310        2.4830924378611310        2.4830924378611310        2.4830924378611310        2.4830924378611310        2.7800924288012250        2.4830924378611310        2.4830924378611310        2.4830924378611310     
 -0.99509391718009998      -0.99509391718009998      -0.99509391718009998      -0.99509391718009998      -0.99509391718009998      -0.99509391718009998      -0.99509391718009998      -0.99509391718009998      -0.99509391718009998      -0.99509391718009998      -0.99509391718009998      -0.99509391718009998      -0.99509391718009998      -0.99509391718009998      -0.99509391718009998      -0.99509391718009998      -0.99509391718009998      -0.99509391718009998      -0.99509391718009998      -0.99509391718009998      -0.99509391718009998      -0.99509391718009998      -0.99509391718009998      -0.99509391718009998      -0.99509391718009998      -0.89409391366342594      -0.99509391718009998      -0.99509391718009998     
   2.0692649842629880        2.0692649842629880        2.0692649842629880        2.0692649842629880        2.0692649842629880        2.0692649842629880        2.0692649842629880        2.0692649842629880        2.0692649842629880        2.0692649842629880        2.0692649842629880        2.0692649842629880        2.0692649842629880        2.0692649842629880        2.0692649842629880        2.0692649842629880        2.0692649842629880        2.0692649842629880        2.0692649842629880        2.0692649842629880        2.0692649842629880        2.0692649842629880        2.0692649842629880        2.0692649842629880        2.0692649842629880        2.0692649842629880        2.4102649749646634        2.0692649842629880     
  0.91326947186264873       0.91326947186264873       0.91326947186264873       0.91326947186264873       0.91326947186264873       0.91326947186264873       0.91326947186264873       0.91326947186264873       0.91326947186264873       0.91326947186264873       0.91326947186264873       0.91326947186264873       0.91326947186264873       0.91326947186264873       0.91326947186264873       0.91326947186264873       0.91326947186264873       0.91326947186264873       0.91326947186264873       0.91326947186264873       0.91326947186264873       0.91326947186264873       0.91326947186264873       0.91326947186264873       0.91326947186264873       0.91326947186264873       0.91326947186264873       0.94026947256300331     
