   4901960784.3137255     
   1009081.7356205853     
   5.7737476164045256E-003
   516795.86563307489     
                  Infinity
   3457.2169403630078     
   7002.8011204481791     
   16750.418760469012     
   7782101.1673151758     
   2475247.5247524753     
   5882352.9411764713     
   137741046.83195594     
   87719.298245614045     
   20283975659.229210     
   33333333.333333336     
   2.9875908918511516E-002
   342465.75342465751     
   342465.75342465751     
   349650.34965034964     
   61425.061425061424     
   82101.806239737271     
   28248587.570621468     
   7407407.4074074076     
   24096385.542168677     
   315789473.68421054     
   247524.75247524754     
   0.0000000000000000     
   0.0000000000000000     
   0.0000000000000000     
   0.0000000000000000     
   0.0000000000000000     
   0.0000000000000000     
   0.0000000000000000     
   0.0000000000000000     
   0.0000000000000000     
   0.0000000000000000     
   0.0000000000000000     
   0.0000000000000000     
   0.0000000000000000     
   0.0000000000000000     
   0.0000000000000000     
   0.0000000000000000     
   0.0000000000000000     
   0.0000000000000000     
   0.0000000000000000     
   0.0000000000000000     
                       NaN
                       NaN
                       NaN
                       NaN
   0.0000000000000000     
   0.0000000000000000     
   0.0000000000000000     
   0.0000000000000000     
   0.0000000000000000     
   0.0000000000000000     
   0.0000000000000000     
   0.0000000000000000     
   0.0000000000000000     
   0.0000000000000000     
   0.0000000000000000     
   0.0000000000000000     
   0.0000000000000000     
   0.0000000000000000     
   0.0000000000000000     
   0.0000000000000000     
   0.0000000000000000     
   0.0000000000000000     
   0.0000000000000000     
   0.0000000000000000     
   0.0000000000000000     
   0.0000000000000000     
   0.0000000000000000     
   0.0000000000000000     
   526.83985648882310     
   7226.6518921783536     
   6968.8029919394176     
   3830.6837770542043     
   4966.3940668145542     
   50.553842622854681     
   7.7881619937694698E-008
   7.9491255961844206E-008
   7042253.5211267611     
                  Infinity
   14490.653528474133     
   36724.201248622841     
   856.82460800274191     
   9.3240093240093241E-007
  0.15250602475050776     
   82997.883553969383     
   1.5832211489214227E-002
   1.1038782554749602E-004
   2.2173571763286774E-003
   2.8698110229441391E-003
   1.4734549719527847E-003
   1.6437986872623682E-003
   2.1272974812797820E-005
   7.0921985815602840E-014
   7.5757575757575753E-014
   5.1622068640832230     
                  Infinity
   3.3012267028305051E-002
   3.0998303462851477E-002
   8.7535320501822488E-004
   1.9417475728155338E-013
   6.2893081761006291E-008
   5.3260061691129457E-002
   6.5359477124183009E-010
   0.0000000000000000     
   5.0805470673747291     
   61.681260062599719     
   0.0000000000000000     
   1.1416666666666665E-005
   12379.516357054963     
   12492.403057390724     
   21861.705350433767     
   12492.403057390724     
   12492.403057390724     
   64911.408098834101     
   16227.852024708525     
   16227.852024708525     
   16227.852024708525     
   16227.852024708525     
   16460.878253698345     
   16460.878253698345     
   448073.84256925544     
   4932.5230842080346     
   5.3402634287866260     
   10457.406981364902     
   1.3889853462045976     
   537.43327564345407     
                       NaN
                  Infinity
                  Infinity
   25.796134490520409     
   5192734575033.8721     
                       NaN
                  Infinity
                  Infinity
   73511904039.912842     
   81819020091233.109     
                       NaN
                  Infinity
                  Infinity
   3524375887658.1221     
   28918.949236920027     
                       NaN
                  Infinity
                  Infinity
   762.95563519795110     
   118.87655992348060     
   0.0000000000000000     
   134.99871163979546     
   121.15097447968049     
   109.67931227824694     
   1612238177558.2090     
   0.0000000000000000     
   689691702291.54211     
   1386566543990.6538     
   983490634464.56067     
   14690762317906.715     
   0.0000000000000000     
   19429706256649.090     
   16008937085181.424     
   25190159252690.598     
   6409.6253086875549     
   0.0000000000000000     
   6229.2554114943341     
   5706.5248405026305     
   6781.7925688372297     
   84.457790276780003     
   0.0000000000000000     
   777363184079.60193     
   0.0000000000000000     
   17988788990947.484     
   0.0000000000000000     
   4801.9569703358629     
   0.0000000000000000     
   33.239444091570810     
   0.0000000000000000     
   174944338834.43475     
   0.0000000000000000     
   3074119668961.5791     
   0.0000000000000000     
   1460.2405839817507     
   0.0000000000000000     
                  Infinity
                       NaN
                       NaN
                       NaN
                       NaN
                       NaN
                       NaN
                       NaN
                       NaN
                       NaN
                       NaN
                       NaN
                       NaN
                       NaN
                       NaN
                  Infinity
                       NaN
   3795912.6068558889     
   458.89296477620201     
   14288497276741.016     
   274879010629076.56     
   131540.01498556466     
   10000.000000000000     
   20000.000000000000     
   10000.000000000000     
   20000.000000000000     
   0.0000000000000000     
