34.1062601322538 34.1407032404078 34.208105636947 34.2330194046228 34.1838819204116 34.0856652124538 34.0301139602128 34.127194288285 34.1299543811943 34.1182190367675 34.2627251913813 34.2438288354221 34.1781612428235 34.142792030855 34.1376849500946 34.1198894733502 34.1042118670114 34.0479628213656 34.2392365325395 34.0722886956958 34.1010526534985 34.2414968106997 34.2712881066297 34.1300148264949 34.1025364774943 34.1968539836935 34.1205214385254 34.1272554151497 34.2117096944916 34.1594113793409 34.0534973233409 34.2402097315881 34.0828975789347 34.10482913523 34.2098105858786 34.1177074481473 34.2206665414196 34.1338003440147 34.1763139340529 34.2175930814203 34.1689162475459 34.2227837208993 34.1920595569889 34.3001576174161 34.2287613072459 34.2684728088465 34.0811992382571 34.1505895367024 34.0893084018844 34.1732038733624
36.3804248458716 36.4627385015694 36.5097097719904 36.6158223939628 36.4909852260493 36.3808425238954 36.205629314834 36.4199672169053 36.4660505041362 36.4445522446066 36.4765462529699 36.582415730972 36.5437361001412 36.4184588743736 36.400012669337 36.3615818450392 36.4014709418714 36.2990103477944 36.556724931658 36.3085690106351 36.3761318672292 36.5433061501713 36.5927738551308 36.4492033275573 36.3145803604799 36.4837456981222 36.4384104951496 36.3977859077674 36.4280742035987 36.4203940028284 36.3443918042143 36.5528023184536 36.2701939486116 36.379460203467 36.5883173549347 36.3472443441908 36.6208826968073 36.3729148483213 36.5022159335124 36.540063119488 36.4852582011438 36.5248631476912 36.5197048708416 36.6065305237778 36.4285406628284 36.5364690299498 36.2892644619246 36.399939383962 36.2592475843065 36.4535412941527
38.799174638225 38.9315387940383 38.9580241155017 39.0667044620497 38.9279107183188 38.8013238576914 38.6357624788909 38.8931578443442 38.8974455392309 38.8646865606319 38.9519713256216 39.0244107473137 38.9613332286509 38.8845888883072 38.8697505043623 38.8425401602704 38.8638788270447 38.7564157763389 39.0308981052719 38.7686490348325 38.8274015556771 38.9734770591077 39.0180756828607 38.8843282348353 38.7672654292544 38.9348969053615 38.8750463306321 38.8767339076289 38.9224214987135 38.8655359874465 38.7944998059186 39.0216173935574 38.6962048462632 38.823195284769 39.027070875815 38.8222962226069 39.0530131739731 38.8188687976753 38.9395194307902 38.9939377391207 38.9190809143717 38.9884179181766 38.9840332498355 39.1018468810618 38.9170083984488 39.011746950745 38.7780782134139 38.8527550891643 38.7116283389789 38.938754007554
42.747468905098 42.8735857460644 42.9156763470768 43.0265012307884 42.8935381236837 42.7451490420232 42.567999612261 42.8362572243962 42.8527093445431 42.8222155913673 42.9019541903563 42.9837296386341 42.9002101674203 42.8322872203887 42.8047719556792 42.786687499752 42.8035223279381 42.6779732468607 43.0047270904129 42.6866522393337 42.7806252931058 42.9511991754224 42.9868017638407 42.8088416949439 42.7077462207456 42.9108690734236 42.812112102648 42.8237067410568 42.887677967964 42.8147385690787 42.7442263084946 42.9847465823345 42.6521625285771 42.7825403370811 43.0117999325567 42.7362467253109 43.0164179512561 42.7442928720645 42.8615426425785 42.9635986191555 42.876336261819 42.9127559063198 42.9259065658631 43.0597697620282 42.8492528841688 42.9672590313983 42.7180781206769 42.8301492102253 42.6147159308943 42.9128067779448
48.5027088118191 48.6369604536288 48.6947877982278 48.7820005296671 48.6597336037753 48.4774146664981 48.2933242476669 48.561542984236 48.6003154649276 48.5656070362995 48.680883502744 48.7372348527375 48.639979223294 48.5817489280643 48.5643514558831 48.5495089501476 48.550195076044 48.4429822160393 48.7626022307285 48.4140067386322 48.516432861638 48.7107316276448 48.7563459102018 48.5229971331422 48.4536869756283 48.6671276703495 48.5655148988322 48.5585871070558 48.6316818740735 48.5721607078746 48.4699580333095 48.7433977782492 48.3910687637174 48.5195019385284 48.7731665112886 48.4906128599907 48.7843523654815 48.504975006127 48.6069502646741 48.7383969497276 48.6220580567747 48.6563523620964 48.6770372750268 48.8397259319092 48.6100765626235 48.7246987153841 48.4420440859723 48.5607240981242 48.3720822477116 48.6504307288364
54.2322692349212 54.3657990988479 54.4407551604604 54.5586142146968 54.4239173739007 54.2001996081006 54.0414374128703 54.2851074983547 54.3114136418772 54.3061086569147 54.4332441445509 54.4910068966513 54.399024580437 54.3312067757513 54.2921802135977 54.290431051407 54.25268687976 54.1790073205569 54.4963416403723 54.1237070369951 54.2516978302067 54.4639232619984 54.4947554678335 54.296794770914 54.19793506616 54.4115581522403 54.2824237388545 54.2948017065335 54.3790140195535 54.312677433701 54.2034474961619 54.5122718942157 54.1281684126609 54.2667593784603 54.5088805772544 54.2172904964686 54.5165312676946 54.2472248085875 54.3590752976296 54.4749037534173 54.3413638278128 54.4215982211745 54.4234609234563 54.5897962481846 54.3609078422145 54.4777126655255 54.1792808137089 54.3166722627384 54.1112997519059 54.4069182711886
5.80149880856203 5.8194149061526 5.82645273122134 5.81071646944926 5.80940171554909 5.77761413524762 5.78950413209698 5.80830154633267 5.79808046432211 5.8089317564478 5.81953335266904 5.81454056119511 5.79495739347136 5.79783090519759 5.81680141593149 5.79979580055725 5.80710707964609 5.80226850202863 5.82817817633962 5.79514534619835 5.80650616896581 5.80537350949806 5.82336674348216 5.79478671292424 5.79709620605804 5.81878718482352 5.81108284712424 5.81700796477895 5.82900863844913 5.82370787305528 5.80971822210903 5.82917514649735 5.80064925198542 5.81982593578099 5.82016583848845 5.81570591898558 5.84301433402053 5.80227542392485 5.81059397936975 5.82285257613796 5.81099416519361 5.80577843997063 5.83648922379646 5.83432053972275 5.81687499496223 5.82450221050556 5.80606039125932 5.80914548678325 5.80775037889324 5.81700026821153
23.2123125424443 24.8142321665421 25.3652612353075 27.805135160732 24.4874458888031 24.2018224650001 22.2322857075427 25.3739653756334 25.0929743035081 25.6663708839449 22.3175584836205 26.8895931112727 25.3104417588098 23.703094943285 23.2619839432483 23.4666832773903 25.0890305515482 22.8808299189449 26.7130374690956 21.243602743026 24.1511348855667 23.6112606722855 24.0096104221174 24.349082292 21.2266780826762 24.5625339171136 25.0340618035586 24.2989231374408 23.057912958414 22.8345980671129 25.9704752953026 24.7401505713767 21.2497067091658 24.9563914489727 27.1659114641071 22.5174973408369 28.9487702368184 22.3319686211749 25.5510436154593 25.051419083278 23.9739781955976 24.7163232772671 25.074009464896 25.3070130442246 21.41562823021 24.2046378458284 22.6669071468091 24.4607600377447 20.2453303407423 25.6514606972758
18.4602989210638 20.0046148838723 19.0166511630125 20.6740680647231 18.8349061801056 18.8018556486122 16.6529281624075 20.2841504816089 20.4504225132287 19.0855476815433 16.4679014974152 19.7679458591892 21.6566694888339 18.5976510941476 16.8353952409438 18.8361029144431 19.2735597878305 17.8712077470765 19.7050347874858 17.6856368394831 20.0450949315376 18.9003604112174 19.1419831241986 19.2526267401631 17.9396364976427 17.817292138384 20.1335870820033 18.5385592788424 17.4351660785619 16.5364785195185 19.5382310815 19.7832130626672 17.1484388387204 19.3704045287891 20.4668388398167 17.1256929783336 21.5194782818334 18.899495284892 19.9908351987742 18.4464495390757 18.5086761692828 19.7238202636148 19.6217739133491 19.7093392455407 18.096928558873 18.7142513498787 18.1024218601556 18.7128954491348 17.253749715961 18.9470643642267
41.3470978545689 43.1865883034077 41.2008164943002 43.3906109533357 40.626553265792 39.0824247002075 41.7868024242292 43.7577635882163 39.8729627023475 42.6788594256756 40.5102218285094 43.1778612224224 38.9231035537691 37.9172644245598 38.8707712375113 41.8688180605495 38.4467494128367 39.5216962858487 43.4458699636789 39.0372980354918 44.4474713895789 40.0074981642837 44.5545294513327 40.2220637964908 41.8354399155292 40.4718727637352 44.6467554767337 42.1875531281608 40.6531952606973 41.4068939209299 43.1793191541388 42.6891587451595 43.4416147670564 45.4132980351594 41.050447102921 41.2566878577409 46.6974167694404 40.1715208198361 42.8477483376238 36.9240555582252 39.3158741525975 42.436455293832 42.0323442927434 39.8222532312774 41.5211899598209 44.1801144391632 40.4110071649488 43.884300310799 41.1966967414533 44.0353286395488
18.1097365518581 20.0435700095957 18.3576671067766 19.5698686121705 18.2349551777828 17.2888093537274 18.68733404939 19.6968885432082 17.587414597726 19.5324071521547 16.9549865521655 18.2160729330972 17.5002501359638 17.6085933580924 16.7129386374671 18.2506825595282 17.1775136743829 18.9023596864685 19.29751585808 17.8209620897428 20.4357446226991 18.6189337188731 19.8312546292326 18.5382996088922 19.1669225515339 17.522021809321 21.1026222293662 19.3368650027584 18.4870931951362 18.8722804265254 18.9932797181475 18.7656374316096 19.2678868538448 19.634044382476 18.1729118286413 18.417180239761 20.5180769298657 18.8177632678512 20.1054740922464 15.6767819128654 18.4249886779451 19.9133710367361 19.467996738246 17.9779298234185 19.3955285000111 20.1295174327269 17.9641213687004 19.608169868601 19.6943786406004 19.7535091865976
10.7478047232979 11.5858972790842 11.9727208464138 11.1697432569629 11.4164822804449 11.2103026193835 10.5727972183345 11.1082834372602 11.9746057810366 10.8437419438312 11.2811450962988 11.9421913874049 11.3802733040324 11.207305023975 11.5630952345626 11.3609351946846 11.2671800538881 11.0856700149765 11.069283389133 11.1961235643319 10.7398895792944 11.7264754951104 12.3290410575965 11.8726372088757 11.6441899562447 10.8147502000121 11.8559582954924 11.2375594460066 11.4916393518573 11.1927631525345 10.4549981213587 11.2773316911917 11.6728724426724 11.3320609528558 11.3956077262801 11.770361233492 11.8858704536536 11.4930870717273 11.9098675391307 11.3092914763654 11.5150345058951 11.3576994949523 10.4858751121689 11.9530193053887 11.3230746246726 11.6815659172463 10.7309852241268 10.9113808131983 10.7520199401797 11.9833575403005
11.7130156750305 13.26298958765 13.0807588071822 12.0192658218567 12.4508848838253 12.9064673209419 11.0701618714384 11.6521817105802 13.3306169057902 12.9174727764986 12.5954233987362 14.3049374783675 12.0512860945062 12.3626275815049 12.5280040261619 13.3258862150027 13.0659655312456 11.9594053940182 12.0060168613394 11.5434410212667 12.1092812893248 12.5580611319435 14.4736592928538 14.2362823659229 12.1463542359818 11.6923606569747 13.7294871830782 12.3455828764386 12.3217046074434 12.0845272956681 10.7200958526064 12.4818382312194 13.25096107717 12.1055442817672 13.6156470217719 12.9968825473189 12.6500055626236 12.1627939127051 11.5484339020429 13.3978861873507 13.4566402568479 13.1591375152301 11.2550081431368 13.5208262427903 11.8477908096492 13.5207919625067 11.8239366634742 10.558195130614 11.3076106346192 12.6317304880385
14.672304033578 16.6367371975307 17.1249852930542 16.0380945613652 15.900409382846 15.604762223264 14.949892991367 16.201539871914 17.3449615900467 15.3276545993449 15.7565584366294 16.8508697329227 15.1057401297319 15.9708377732006 15.9019346263791 16.9438546340456 16.6708433809628 16.4985360415275 15.7630012697476 14.081855784748 15.7850663629579 16.1610276911519 16.7977069998106 17.1262457019329 14.6154571139758 15.098447840476 15.7493381743152 16.3633707350384 17.2805660269486 14.9025701098202 14.9670114960746 15.3039710689821 15.642286589035 14.4457276366295 15.6774931925628 17.2601648723141 14.7115014764459 15.3113241805147 14.9599724511415 16.2605036600624 16.7064143944638 17.2372864979545 14.6057638132993 16.1777583739731 14.9186179428497 16.4685709614036 14.8725492417423 13.6953632841367 14.1259392863769 15.9362940878365
20.8629865715999 21.4442274125775 20.7254771547425 22.7722172679262 21.661443560734 20.6220552315605 20.2622477923714 21.0823177891383 21.6124422186933 19.0681499004032 20.5839990523036 22.5258199057551 20.0190669440365 21.0508966746092 21.5551444606994 22.1971993552017 20.7944667913398 21.9823873702718 21.4166731972696 19.629447686922 20.799030812091 21.5996769540489 22.8151551351008 22.0518954931541 19.9502776723324 21.2222016582818 21.2990283681025 21.9842774880823 21.3706446074809 20.0767650390998 19.3047851774002 20.2583139560013 20.9808063590735 19.5832249823028 21.5390202354924 21.4075736240986 20.5932176708016 20.2605713089374 19.4536658181407 22.6028407133794 22.0386619711485 21.9713768694698 18.7592065997373 20.703435402954 20.1628858206834 21.546777277087 19.235635943476 19.7528840805453 17.794227328847 22.2999367203306
28.7983009964375 28.7831741212752 29.2292113139518 31.4391725291098 28.48278539904 28.9870424334129 27.8237028112695 30.4739583019346 29.9376041090938 26.734990194014 29.1576544201045 30.7351531126546 28.1166338396681 28.6820623273403 29.7384114456614 31.0970034040682 28.914965189911 30.7368473937478 28.6918259873816 26.6474403583733 27.5059930870526 29.2802886528204 31.4142197790651 29.448636884615 28.377244052434 29.001805377446 28.32740731286 29.4616275300683 30.0666217200538 29.0838626733326 26.2440469243143 28.0808982934366 27.4908877234795 27.0964177466422 28.8413312065278 29.5610074638871 29.0529296323049 28.3550337445489 28.7304851134801 30.6313998346663 29.9957428224474 29.6896805696364 26.2672894247146 28.8151966687862 27.6925455947432 29.591065170857 27.9824382412778 25.9995492453446 26.1090068450553 29.2504480199666
33.8886661320593 34.1387893095075 36.6167721640051 35.7589953047724 34.8622635907556 34.9967839603551 32.3105056521854 34.8351431623257 36.4934908058449 31.9790219896687 35.3561762677288 36.68028932219 33.3706088637488 34.9235193289516 35.0739778630312 37.5468585708079 34.5839940897482 37.4284229987441 32.2636404473075 32.4563316532889 33.8782179032622 34.1133227832966 38.8281032278448 36.1562018060904 33.8530632424966 34.5683455043309 33.9661633703191 34.5313626781654 35.5418907250599 35.5306730424463 32.6491449099931 33.390210317761 32.869532160741 34.3110117624178 34.1590916377708 34.6065069929963 34.0358639664655 33.939618696363 35.8046063799129 36.1871010003165 36.6020406964573 35.766119955671 31.1414769155576 35.5369222546887 34.9675150039052 35.341928234104 34.3922074164414 31.9753302870047 31.6293178322753 34.774608272482
16.0967068938287 18.7536600312903 18.1661732393148 15.6400278553525 16.5144449624769 15.8206369629784 16.6915962736071 18.1708248922727 17.5742991709081 16.280547954585 16.0697879687174 17.7597305915522 16.8159059915861 15.9645262258305 17.5707608185055 17.7812264697936 16.5689617398657 18.2810426862299 15.9748937565451 15.8801529534771 17.0319262345168 16.7288310042731 18.6981338282544 17.8627866898592 17.8864196253637 18.2001660044485 17.8837051997334 18.0665271325258 18.7553339403126 16.5701512743409 17.4076029946804 17.5099271355917 17.9119928451122 18.2014248224049 18.156863840621 17.4376005786154 19.2213946008464 17.81921220747 16.7660570321489 17.4694031851667 16.5929356087207 16.8141743188451 17.5866219290041 17.460593307146 18.1036057788463 17.5753667117436 17.5008595957629 17.4088766411523 17.7840206124438 17.8832153091994
-73.5154952871898 -119.861907197161 -101.907689332523 -101.625154312092 -68.5367011661227 -58.0842409535789 -75.1765492641151 -104.900793723316 -97.2104625661419 -113.735566728124 -65.605924592013 -81.6619541554165 -130.504079423562 -69.8350956404297 -82.6729725773681 -82.7239601756068 -91.5797381201152 -89.9035390623848 -93.4533990288878 -46.0865215893877 -100.403570330038 -55.2682662061179 -48.2691080354317 -98.9087244965283 -49.3267836582412 -115.830951191384 -80.6482877087025 -102.289593754649 -90.2512133030496 -75.9214540712441 -54.7924352762032 -117.898499806436 -78.0076013633628 -118.024288888795 -141.062449457349 -66.055117523251 -107.430901921562 -103.1065636034 -90.637348156956 -88.7015265588637 -103.248135769414 -69.702859227888 -93.5691728863738 -98.4747161793328 -66.5391095263953 -79.4854727247183 -44.7512086987609 -116.802445517169 -71.2526322011219 -109.625932799986
-50.6696834933271 -70.7618031515379 -68.7879577892104 -62.563831038104 -42.1758503766735 -36.7797012750497 -38.1358027847746 -60.377362421011 -62.0314365422637 -62.3389337277899 -45.6315020104324 -44.6817543202112 -94.9292195560733 -49.6497938449141 -39.0470857049357 -49.396180754326 -45.9464145203025 -38.8403208129802 -45.0075802692002 -32.9713262759289 -73.5242639529973 -46.7524130219836 -27.6973737541824 -70.3302480970856 -51.5831467342417 -57.5132911290002 -69.428598377204 -48.307272074568 -38.0935582508798 -23.154892544076 -36.9547920502119 -91.3899223881441 -65.5356803852566 -61.5696658258701 -81.815975799654 -38.3647925501569 -55.5138737408694 -76.3793108883579 -31.1563160953987 -46.9015293088742 -44.2945086628072 -47.0807925069484 -62.6562148420047 -54.9254196094741 -59.7415478358369 -41.8198704883209 -31.3167372652287 -49.368920729871 -38.4182073243641 -61.0651972242745
940.300306944556 734.705587641376 1156.31400520619 1137.01364381224 863.94981000588 645.699337891026 814.427268816997 613.866720460991 604.902395450196 947.578150476968 750.130568652928 705.75339942061 731.215668040674 633.228723929031 791.748313745102 634.979019436208 506.723072241134 982.16334306008 623.612141371565 801.048284854297 974.541510014286 887.475861838634 813.10699813006 959.977560043111 1029.93317299697 640.42979044412 1251.02580475916 1051.55694169831 740.951471493706 506.406811610955 953.453133330321 1070.71934453783 1136.51480139985 581.854714903782 525.347324081791 770.072829174346 917.628297917684 676.430720206272 761.738468381992 355.801315215397 519.525967126899 836.86528353685 791.884755615461 380.369419218024 799.466702557973 678.387706596509 829.053760285061 191.260211732406 851.703893412153 1004.54639359497
697.34373707695 899.816561500349 866.149379150902 996.86291115451 866.398044814187 711.678958742161 799.569211536631 715.518159697786 651.246385667418 886.124342441764 686.226775959827 806.228945775181 886.347452014002 913.547654136227 725.240429658422 681.260403459598 864.33994877821 887.169716043658 838.854358566409 663.420865686749 794.890803597282 897.559343993589 725.709386801075 829.91113538939 680.621601219458 734.391907087249 944.969738071063 882.225345865623 746.220439922006 729.75267624096 839.37379338402 786.10344780169 692.963506310658 676.692969001048 855.174572157252 782.805315020409 871.893062739488 769.41888969696 962.80769886042 698.188403437004 778.956204098671 811.70900344991 833.077036788966 895.383544638184 745.405074916969 760.71756703532 680.46913558706 666.824689168299 719.065970610354 810.655480833372
-52.7582424337647 -2.88157868436369 -25.883209497015 -56.5558152659786 -59.1076603370054 -27.8401361152047 -63.4510088568857 -31.7080687298921 -28.9298057415588 -51.0524803473747 -36.9659051702231 -66.7701610904601 -41.3155867976324 -34.8291289772135 -35.4147312034285 -41.2814323154656 -24.691427078732 -49.7870549917998 -48.480891961223 -20.097893170806 -37.3610319227075 -49.9211628454508 -59.0203014623197 -33.4671931485854 -30.3238685685762 -8.88398315728083 -55.7402753091415 -53.1269059755236 -32.7118202858071 -70.7830891351979 -20.5128178299903 -28.2364644777858 -41.3804707443066 -62.2291675959283 -18.6208995716822 -44.5076847325664 -39.6006113598181 -20.1155590330971 -22.0086345229416 -40.2587103816422 -20.9877523260323 -48.2726850108882 -38.0521481214995 -12.316975101936 -10.1851031068389 -34.6710823203335 -49.7000212761516 -37.8870184205513 -1.65657469462738 -54.4419692254279
-17.7698566929269 12.4771685339241 3.5562502775593 -29.1773622831601 -20.1033284809672 -11.5206301696608 -38.3606552508939 -9.60368215682346 -11.4240342596941 -22.2594920348458 -6.77065235868146 -28.8450112298463 -23.1179470293083 -4.95996386784654 -21.001490893597 -11.4841170344301 -15.6644344647235 -24.2880910801585 -21.0486959466839 -1.66508096427888 -3.90274734196517 1.75714060528061 -19.915039876555 -13.8627420243021 0.39914161963596 -3.11839693341447 -9.31659908845802 -17.0837743440034 -13.7329941658488 -38.3421735582818 -7.0709500998898 12.7251115034763 -4.87614062863311 -35.4955204697092 3.31669733531292 -14.2213691439008 -13.2888637829364 -0.594193812400494 -4.94701438659334 -18.0719517611758 -3.30630872012963 -18.0136599553527 -3.20756398574698 7.22984308120346 21.6096290617993 -5.250161441163 -24.1661429762874 -14.5587742181368 4.67230711104974 -22.4106462948821
-917.176900228093 -1515.63486939559 -973.590972675352 -920.785774138011 -1221.16928428687 -1632.56876192449 -437.398865119406 -1509.26307764534 -1980.10038510738 -411.657998335077 -1098.49535608053 -1234.59073330188 -1271.71294967068 -1267.78448709656 -1140.8375111249 -1455.31842318888 -1231.22243233992 -910.489564139746 -983.230286459666 -1293.26974548004 -1113.57336143846 -1381.69148161421 -1701.0195198613 -1312.33743421517 -1256.95429669019 -1100.89481859088 -745.877805518913 -703.970066964742 -824.427469733189 -592.454842256832 -1237.0272680478 -947.821523489746 -538.082296098249 -621.603591658658 -1601.35850975893 -1046.5300765927 -1256.00908346196 -1532.75482075912 -1604.53370925995 -1484.12031754069 -1261.88121389629 -981.683657225398 -1285.20843972561 -1698.24586573448 -1193.88682805037 -1050.86863968795 -1217.15448753038 -1161.93534198283 -1092.5663306568 -790.628070487156
819.750562781584 767.127794831239 782.472682822625 833.469319402211 778.302942898028 925.620477393969 786.568746640468 668.20755928062 867.182616734565 852.083254152034 877.874078120856 967.166109943134 967.89554885401 858.927337949501 775.590155653451 809.387006389667 804.73321839283 600.828902552488 742.29869691399 784.728730691702 750.450336079685 730.030346629122 851.097222030892 862.169306276837 724.820798214353 710.620317328791 830.71869040206 758.86938852767 775.863394707134 835.876203851982 657.726685112125 909.985727540701 749.299310016938 725.835978869328 874.272801168535 681.858609906027 827.067509571673 679.961871520268 620.378336555829 901.48319865471 820.95660416495 892.159911608209 798.395619258216 856.354398913337 766.901752837371 886.142770787236 681.971470297217 760.129947834712 695.906427219466 947.373934391439
65.2911670815743 104.928369135057 117.623408280858 91.4604070096665 58.4456445857859 54.6792918692764 77.4521925958066 55.0642685752021 47.3767334026738 146.088029712428 67.829206747426 98.0825598983399 114.899623846423 52.4015859035794 63.9766249700372 69.0912582535965 83.444907589066 78.800307590422 72.8121044120157 25.7237709473095 98.2229071069243 35.5388249770714 55.5772878235677 130.681220323717 46.113756206518 85.1761226789834 103.975008853174 110.523055497815 67.7993835035859 64.0313777795974 20.7674664311041 131.75178956398 123.324811519311 100.419518717885 134.3709621065 59.5084373496517 91.4445577587234 79.051815906093 21.3015025273825 75.9271909346836 102.161518253445 76.6869672919126 53.8721696897807 71.2882959386762 45.6005096062989 90.1591141734007 19.0578611532402 44.3710392721736 53.3217716694448 117.269873103859
58.2093625508662 61.4436377210072 75.5337621390119 63.0745431372526 39.2664290864837 29.1778942236409 45.4646183047212 56.4418129478763 40.5277236000751 83.6136566245408 48.0326908926695 51.3761367301765 99.7991385361835 41.1715353566118 31.2603064330183 60.6157184774086 52.735804243319 29.7238090552833 37.0830162408332 24.0774316847606 72.9096899174798 39.519309771434 23.338611978881 79.1677224630579 54.9805109332172 41.0559514583556 83.4260855452803 49.6859892253207 29.9913828270989 31.6521734516719 16.8288761505243 103.317188553032 85.9774214854969 76.3335823845501 83.5888476363145 42.544133113427 46.5859378054086 77.167393144238 13.183256233684 55.6290681355767 45.8280528706075 55.932717150966 47.7472489636916 52.4548333191068 57.9424713790446 54.1577863062551 35.7933331494838 33.6145972034773 39.0300920020245 63.8738658973045
9.80540971190286 10.3014477331104 9.83694036735635 9.33142459697448 9.87538476700804 11.0717725658418 8.36749132107074 10.4696440775558 11.6013834944146 8.84247710142378 10.1045339459456 10.9477959962115 10.8383217478153 10.1855307687648 10.6920200968738 9.4839059409809 9.95435907763372 7.9127262645587 9.92296272431179 9.78807782417732 9.90746675733141 10.7781366705952 12.1656172875857 9.48018392723099 9.2000078043555 10.3267505429284 9.90792476086277 8.69438326526818 9.84163219796501 9.99247137790127 8.4772135597539 9.83753427216175 8.29520854998809 8.86826992275157 11.074796922578 8.69828366085141 8.6023799813437 9.86895430901406 10.1995594903937 10.9534169935874 11.5788238152224 10.4784351912312 8.53041400126471 9.93027769187656 11.038027387012 10.7258965120959 9.08515135153684 10.2037143305776 8.33437472031628 9.48556983933593
49.5146456889003 87.2087293269698 93.2944199437026 81.6301025709124 42.7727213152359 34.7541955225573 68.972028030024 54.7705247117202 41.0868162516756 109.674582692523 56.2960029929169 85.2705060209595 104.682837250325 35.6385916721358 67.686269556032 77.8365946694562 74.0255208103518 52.8852703950667 62.3494942968955 14.9089605532812 73.1057517909589 27.6355011307455 31.1186910315153 103.169974404883 9.82927266435287 85.4150033645546 60.2005448813205 82.9491857949521 88.1458864792944 46.5526257770583 16.9402160247687 96.3717020700613 90.8892404690781 72.308143415837 100.575367458786 56.8713145123533 52.0593020601157 56.7098286371512 -6.63639688828432 77.4253946005276 78.5793342549213 72.9163259657751 51.5210125624757 60.5288834848675 45.543207642187 86.1667913861377 3.99736262574464 53.0761922304862 31.4422529745146 83.1023118977167
52.2457621238518 84.0551638396525 86.3649986377695 69.2499332601998 52.4935943778905 50.2640653420466 59.5728215688681 65.932663788769 62.7305063623866 85.9046624336842 61.8117164045478 60.1476919815875 101.51882351337 55.6748433587003 54.8586864129498 63.9322494065933 75.5603441196358 44.2454628930912 63.9129819984104 23.3458986978636 57.4304812109788 67.651690148505 41.8941129940032 98.5004937592465 38.7116310487311 68.7891097338611 71.8795204550626 45.5973468519398 60.1024795824927 35.2004134464638 36.3543568940027 89.6301465792724 69.3567955515541 54.7391315980411 86.8360869522325 57.2906416315098 48.2645578728747 73.5195251594761 16.3115589789331 78.7340939241049 64.2972749177141 72.5083491713835 61.2327430676816 71.8729934792851 54.7532344239573 65.8222482931055 29.4664711370541 31.8048595007864 34.9010946206356 66.5852858224123
10.2568079317861 9.93243854829405 8.67908163530807 10.2455269369298 9.87220343550677 10.3243401410225 7.35336200525387 7.71648223305195 9.1021041614935 9.53005949671302 9.38281400487075 10.9487981032504 10.3370947911544 8.84076412223078 9.46157628942294 8.55942723563618 9.7885795338732 7.03784424378586 9.43511177959168 10.6352187622094 9.1283912297711 9.23201578319882 10.8275430909623 8.85386941632949 9.60433578812293 10.2565753524316 10.5006955445534 8.4057773870754 8.75271524134294 10.4907192320617 7.896157458657 9.38071610119132 8.51078577578384 9.52042794267325 10.7639200125172 9.03012722179736 9.47552616279673 8.45362905645433 10.9845417908529 9.57862444327798 10.0941834080207 10.3935415849805 9.95156884374673 10.2733831240159 10.6779352054877 10.2837502253328 9.16374864454693 9.62105687091046 8.33769211893011 8.40192595833917
81.1272485403882 76.4904012875872 76.2685498228515 85.3055818519862 61.0589521438247 48.6754483172622 72.5555981640407 71.4273973259276 54.1685715818976 85.1866975820526 67.4676087057465 112.619157530322 114.269123944695 52.4291102450421 92.0309961110343 87.3570430034044 58.0771288597413 98.5778507471169 73.6672300496877 29.4515141983032 93.5918333725876 51.4704052519928 58.511690967954 91.0828117468503 56.5805315695745 93.3930505163872 72.8832494613587 104.826227758739 59.8582797758843 53.5402089788553 21.2052631912575 84.6948864774267 74.3633319641394 81.0096740851269 101.344529921653 51.5384829184317 52.2848254040007 72.5868401423299 24.1562889718726 88.471843047603 73.1734534969655 85.6276087436442 71.4400082015773 71.601809071777 69.6729347516803 75.1583910957963 15.4740805456054 52.945998268655 27.4252852808224 92.7675054068542
43.6641419020446 39.8705473173276 41.7801353914189 49.7411100152627 26.545855511616 39.1080861720239 40.2483402656752 50.5577182890839 36.9448552312938 44.3312607268799 53.3971905529212 53.2567391315913 87.8263802079606 35.4970254902444 58.4327577352073 38.2654000109108 46.131473616442 46.0512287875425 42.8319617873424 14.4234236968975 43.7087459293552 44.9565633391086 37.6197425950918 66.6402191879372 39.257456170944 44.2839338820011 57.9804420861862 40.1499770350071 22.6375842989126 34.6012025021289 12.7820956483506 38.3370258716065 38.2979912789213 47.8153067289442 65.6328356624013 34.4673654191788 18.0550008021743 55.8706772983767 7.98236085350875 69.1697023599176 43.5755371373226 70.8385737630424 41.7490821215733 49.9866159501853 49.0398239803884 48.6172786617738 13.0683491707882 19.4786518566539 4.15110962946641 43.3253908386364
0.736760958235188 1.37339263654621 0.838045818471596 1.28570931246307 0.905580692607203 2.02746876389543 0.111214955072371 0.834018375221872 1.98669110838301 0.76282674775698 1.38929620641983 1.58335756533817 2.05305482063111 1.31926207940984 1.08575089142255 1.38022215632915 1.57068368787762 0.290361453312049 1.64914353374686 1.69485545861512 1.04763288456107 1.62573064503437 2.30382141920132 0.724724292624368 0.409798372862698 1.23651298859788 0.831452164253421 0.741511865777409 1.28799262440277 1.53846196197168 0.0852048703475074 1.00877966461252 0.141745470759911 0.671769081717183 1.32976800383306 0.70052388210942 0.453091108529095 1.25436857836787 1.00024592491836 1.10191395622877 2.09198696922484 1.63580446953975 0.639466214263581 1.68486998054242 1.71503983204528 1.55021246276357 0.751485959305169 1.50739188732013 0.748348316582969 0.903983281149853
73.2439507183135 82.1192838861784 83.6132625790613 94.126392792666 44.9163948204459 51.7501406553485 79.9039975280467 91.3039618087995 68.5702653235027 70.8759536493477 71.8049286611659 89.7836904175498 108.002146506727 40.9913872703805 88.6663232611364 84.7673450354934 67.2601815464219 73.3768071187248 74.7861065831768 40.4042712153141 73.2384009864581 55.0025999397634 54.0484672134754 50.6360812571209 57.9680535768482 91.0953691440331 51.3093051817225 93.0833887848661 73.6594674774431 57.497317654656 30.3936703469813 58.527580627402 65.3088282113691 103.465514064006 79.5029743625119 65.5350633485251 53.3817466314375 87.8530982078188 73.8369105546052 65.974496188546 66.1645685553039 72.668626513285 71.0516449065463 72.2756070408808 66.5096226009708 55.491440298472 47.3604488356701 50.0313159874539 63.949982687082 86.8547908089755
37.1679069774937 46.4414752422162 45.9357290600706 53.9279475740542 19.1512094153344 34.9133005337245 48.7704561595976 57.2114886927287 39.2464671089886 38.0674942060927 48.3266136681061 39.449188365585 77.5079518917863 22.9960060605775 46.5059697756302 31.8167132279767 40.9619992327587 32.6789891396148 38.7885628145241 15.3953839487031 38.1771699719364 36.7553576015201 35.5867467564333 39.2989334746008 41.1150144707551 40.5436759680704 31.9593227175261 41.1974585282395 36.0329721839803 29.8443637673747 7.4500578095295 27.9835520645166 38.8024412714368 57.6759864014687 50.9333810410219 37.1937281186464 22.3442854786737 56.6867909665147 28.4158009507625 41.0223578293169 36.2043365633692 56.8469544044683 39.2563039707518 45.3747723432684 38.0966799352846 31.1597771493422 26.3433905521512 17.2038241886663 32.2875943145607 38.6802101217197
5.78633958419445 5.88183681917097 6.0265902615764 5.62249177981053 5.56068647482091 6.37131473686087 4.70535364379307 5.40876866035235 6.7857812526015 5.17531707913028 6.13141416662934 6.25851759474667 6.0605141503904 5.94164786464317 5.55908272560588 6.2762770388879 5.9420428806767 5.50767492865543 6.23104214199686 6.22572928729791 5.83933405510208 6.39682075867399 6.86540880560833 4.70793801192664 5.24827543414283 5.80106997216822 5.84843392169398 5.22744631724637 5.79480614382416 5.95447498699517 4.97914862523567 5.63849573822503 5.32560073630819 5.64440710753504 6.26546103461444 5.50870905209955 5.58378569606254 5.98673815820954 5.26169244951828 5.74887423773393 6.1990146536785 5.38467129004217 5.75790830520324 6.59338851962132 6.74001528278295 6.14700776144378 5.07655291192249 6.21950419086049 5.45439168586836 5.46982727693516
526.461054016562 581.706407378517 556.998985191206 592.725516563405 607.734169612523 597.536567627538 450.863493064269 620.555842491335 683.796666337297 485.081757435382 535.157482355698 567.925438759663 611.281659180069 582.826096528336 562.30651824614 616.016045833859 617.299748418485 515.811329654752 623.677825120723 551.289327113558 544.540719042035 578.134382215411 580.531721775266 517.67628304254 515.005451078017 605.322337231996 491.660122650439 496.468329328896 521.675957204896 567.173232460753 620.320400077656 535.827398632478 413.528241521032 619.693566979123 663.547939932307 528.957042835305 632.469579597704 598.924488264852 653.898961180389 640.456949216616 608.11458153409 500.277356701256 560.183241738205 673.097235500146 523.002903602201 533.007688023576 584.32701394073 655.547102194195 560.123873397744 518.822252496578
365.434767057068 427.542405253628 382.369361678664 380.954136824622 398.424664632153 414.003045571116 292.171253689731 431.823068885047 493.760653680171 323.528446667665 326.045484206927 362.776755523992 457.390298216035 384.717080578918 346.178370385592 420.435746117162 391.840184464633 354.317355546482 383.588680854019 404.543306471548 402.940236697589 410.182411022386 425.996033105762 403.338097111499 405.654690185799 380.232852575461 361.945487682107 331.320185129104 342.035356727475 323.958456797487 405.572543598966 379.564400791213 311.072828962304 384.27545021056 430.250989524427 340.512893266297 407.575551367647 439.452397618886 423.348206389043 399.44276309867 418.850691261089 362.4455128549 394.512986181806 435.451907814245 380.426817535115 329.504723377044 399.312944217394 410.014125488815 386.338482299536 319.829502021017
