3.3903970511255 3.07156211470332 3.39130016572684 3.22143582332789 3.35879642732202 3.18550215490771 3.39015457834258 2.98287856786924 2.96718777558373 3.12586568415346 3.47901922542666 3.15578166433773 3.12512331353878 2.94983857492905 3.26313162632453 3.25323753773332 3.20763490898504 3.54549189133953 3.15567389364722 3.04628632854662 3.26993492388301 2.91785123549252 3.27840752339339 3.00313362778864 2.99491402831465 3.0903953513068 3.18258017545503 3.40662089690191 3.23653661810473 3.80407928336279 3.19235790604566 3.16630639355698 3.14776306476754 3.49723361466088 3.23342880179694 3.29762772906924 3.56673930319968 3.31423760028711 3.15037761931252 3.0709113396899 3.27138399954818 3.13128293583276 3.17244356114985 3.32553288586968 3.26238197954144 3.26946607386169 3.26920466498536 3.17128151467918 3.57666057668405 3.52606253982523
-1.84378475931083 -1.43902327139912 -2.86649525458351 -2.29724477957806 -1.83856255864274 -1.7663785731949 -1.52967288631751 -3.15052375699606 -1.7801852669284 -1.70565642679407 -1.76923667291244 -2.42447565051858 -1.72214752049361 -1.79756256084255 -2.01569110750174 -1.34068007069815 -1.82641601269443 -1.77464986688322 -1.32071224367328 -1.7758835097405 -1.74039894248268 -1.72148939592248 -2.14685021634726 -1.80717515109249 -2.21665225891175 -1.87686618353002 -2.32806219213638 -2.01040770486943 -1.76172799641203 -2.62666781565932 -1.9001778778838 -1.89148653257385 -1.49068104669474 -1.82105198331423 -2.0996908681714 -2.85179344644206 -1.6690656742925 -1.78218035937696 -1.48178807530603 -1.52337984501307 -1.28999723804893 -1.55143417487922 -1.54341602593992 -1.88197016229488 -1.71485708162727 -1.87073109572731 -2.07289539898807 -1.62777525831943 -1.81933076518211 -1.77390803924074
-0.122677035058491 -0.193102617983364 -0.195109925899391 -0.121503606890194 -0.165371192029004 -0.230223459998871 -0.141633143570705 -0.0981269436882779 -0.136897328359741 -0.24234487751731 -0.12187082022024 -0.104926622314674 -0.185911410814436 -0.0637399562185868 -0.192612473102735 -0.170043841428846 -0.154550250327767 -0.200583276993015 -0.25123424575039 -0.132999856835223 -0.231224670040506 -0.0888260653304852 -0.136852127824665 -0.0881997895136702 -0.209994118982481 -0.12298813882759 -0.204980401015321 -0.127612442635613 -0.165981173884732 -0.121953258376704 -0.145518477880569 -0.182054275535346 -0.237527176446156 -0.137772360890204 -0.190143769421925 -0.0892741535913887 -0.207885073739221 -0.168979639683524 -0.169378387362074 -0.262567705609165 -0.180580490709489 -0.150732687174319 -0.175678897474255 -0.132840155052593 -0.141706340618339 -0.0967524811717737 -0.256148487518874 -0.226939773421916 -0.232315208073716 -0.222251412750709
1.10373759245377 0.361356399322859 1.35305258294052 1.30603821557803 0.994180044139316 0.717322382622359 0.515208734385551 1.21626508304182 0.674224207253276 1.87052835028969 0.851001275847115 0.932917179905914 0.449403526704764 2.1376325189617 1.00386136938858 1.27031903249522 0.911532367836141 0.600857865322912 0.816699375378679 0.872917067263148 0.778201263848981 1.46606655526236 0.627040162852683 1.10774897227809 0.609774958720156 0.897640195843779 0.811451005066461 0.690906542611286 0.831570799851554 2.94542978512453 1.00234633999092 0.328242379142013 1.04575044537242 0.768688027272315 0.491845364521566 1.28114636887757 0.657165569947532 0.640659896120664 0.678717175828695 0.55298352888471 0.666267817227274 0.765527428132671 0.654426799681361 0.842268434623395 1.05697941340574 0.607289553981996 0.745776055486948 0.461148594673697 0.505829169085822 0.921946945510222
-0.0482123047114704 -0.0516936790274414 -0.0855643091445232 -0.0645312864748697 -0.0604396171850483 -0.0588626402473702 -0.0541167103030023 -0.0415662264537984 -0.0506042892521354 -0.0517085084175326 -0.0599823814732159 -0.0541462478835782 -0.0572647103180696 -0.0481754234919708 -0.0364804645386327 -0.0345169525057738 -0.065494230916266 -0.0478271952524364 -0.0565984241649099 -0.067167935888013 -0.0497334286860721 -0.0445009281495156 -0.0475730442268148 -0.0402095098555056 -0.0519754784590885 -0.0532002392790567 -0.0459223805579583 -0.0617477511812868 -0.0528279671770779 -0.0650018849043624 -0.0428083618144285 -0.048106927874285 -0.0462895380769586 -0.0584364876069663 -0.0683453060262934 -0.0590997002665277 -0.060916391836598 -0.0412983861752094 -0.0700548483281587 -0.0325273881538823 -0.05221519633837 -0.031409024184759 -0.0507667543635347 -0.0379275365951232 -0.0505824821890079 -0.0633573033574342 -0.0567639875071687 -0.0550467985450275 -0.0469690794927536 -0.0519405459048134
-0.140048326072808 -0.230143766106809 -0.143427769324457 -0.0909502982287707 -0.174945566091873 -0.161169555577596 -0.116131179491265 -0.0879565360424189 -0.104798717672072 -0.117263384665909 -0.0563534448250534 -0.105072526787229 -0.127316376042021 -0.154561175951444 -0.210915344469529 -0.0360184263284371 -0.0677834326219893 -0.120487588802318 -0.102866798864779 -0.129224618817571 -0.0524439198421084 -0.0728776953311398 -0.0914186442413718 -0.0595614630905953 -0.105523382454896 -0.113440185066168 -0.0994729627940663 -0.142465293691032 -0.11456255573485 -0.180829801632263 -0.0741255479522496 -0.196766679467909 -0.183473913009223 -0.0742456346247617 -0.0981069171496381 -0.346482614021832 -0.0482015382538062 -0.076536623533941 -0.111596712335432 -0.034120443687042 -0.223104975515633 -0.12483959360622 -0.0428758747078484 -0.0560408998487939 -0.139853373080307 -0.205980036554945 -0.29063703572213 -0.202371947031187 -0.0835499786387208 -0.126400106780176
0.490750188133842 0.592136062130941 0.467625864524791 0.534080520830177 0.572293087911007 0.528930594747603 0.587691322025845 0.676756395320176 0.573268628928054 0.623689960175386 0.489228531738858 0.513146235799211 0.476110626363954 0.620368864959315 0.632876752149697 0.650524999163828 0.512063801899582 0.581531247987916 0.596862581938136 0.642021507685875 0.567859332280461 0.628162542431761 0.616308080691091 0.588743044603853 0.554013831231452 0.572463208736945 0.595734324209162 0.588602114243 0.591197926168466 0.454476811002794 0.54767543201821 0.584379159788648 0.622453119541079 0.425607293918322 0.522710731589362 0.612965768230048 0.41060273135565 0.686585386934523 0.51205700569342 0.584571442410208 0.458964043949238 0.506200788159216 0.629300705353774 0.383743696577554 0.564646320431469 0.500518334164122 0.584402603563278 0.72597355813101 0.602694609631921 0.502615760820889
-0.0258080298853366 -0.0573878690197695 -0.010609835107141 -0.0115098639392612 -0.0351872011444234 -0.0248802607598141 -0.0295043741304461 -0.0315668426434388 -0.0192173886632398 -0.0252251448576791 -0.032729469511074 -0.0489821213162939 -0.0135078399689322 -0.0431952123946995 -0.0269025625136356 -0.0191135449759423 -0.0701870805739357 -0.0327617884737455 -0.0213560546739472 -0.0553797324529759 -0.0429553761410741 -0.0520728552642314 -0.0404644855973756 -0.0267160731507663 -0.0331082389253781 -0.0278568351427907 -0.100820140039179 -0.0178472956743198 -0.0302569637163669 -0.0244079337294996 -0.0755357532163063 -0.0228907643883518 -0.0200916159437247 -0.016037182873982 -0.0347415204665756 -0.0123963339952835 -0.0170250956609422 -0.0382317066611603 -0.0429268326625913 -0.0175151713159457 -0.0180966304841888 -0.0412851038913304 -0.042759098828916 -0.0224113715830644 -0.0153395605651966 -0.0244101151277437 -0.0293814758722247 -0.0277878891701623 -0.0343888783724104 -0.0123587077768322
2.8571207461761 2.868805362909 1.47173986699909 2.54099986915998 2.76741498386296 3.44406853097331 5.38880526486108 3.81962961195287 3.47261325379902 3.11842974832994 2.89145373876502 2.40008310445801 2.68903515250013 3.37584176020169 2.12946348515008 3.29138862676662 1.90708153364648 2.79620054802147 3.6429442261054 4.04901332828126 2.88307462002645 3.06589206827562 2.17362331947227 2.73493968033613 2.7728447593127 2.73634662414111 3.40660246273892 2.80456514303373 5.21424414715845 2.65189589913012 3.2146824553623 4.18015012795868 2.33933123250758 2.65571441120185 2.19493416949338 2.30041283966099 3.23636131829553 2.74996832097766 1.98716382905937 6.03587483837515 2.21489592550638 3.39334425390785 2.83449537943063 3.56458307051446 2.654404529424 2.5545122348909 2.57413325527751 3.18728662622777 2.79214695362519 3.38661612557949
7.52607324503328 10.7857927598777 13.5794413397544 8.44763372839092 13.8001195925129 10.3521988243467 11.8111400588653 19.3596284394607 9.50287834118551 13.3499324083078 7.08507498980637 6.88663540956503 12.4531722032952 7.7507865342228 6.48205967627099 11.9408867147265 7.32954897285183 9.59694052280919 10.8743207088133 11.127818587542 8.64451018300646 12.8398352796088 8.56429594936025 12.4770967725764 6.13038774823921 12.7520160790795 6.41465478379477 12.6803426813428 11.5521065054182 7.94643736763569 10.7583956378581 13.4645605064877 11.139836933601 10.2373283997157 5.96226812516793 8.79603740937378 10.8258977788357 14.0552092280286 7.05781927473115 12.6168127462025 12.794073098254 8.15233433253897 12.6685267539924 10.8328753424332 8.28815212879446 8.09247186425261 12.4245588557195 10.9930034659791 11.2829056654563 7.81535323793167
1.32185695731004 1.04498928894193 1.2444303306301 1.41102647473427 0.641424341693025 0.823212112795865 1.37759015836173 1.56046492021195 1.40587150394597 0.838947522166608 1.59819231085991 1.09288013022785 0.956120018954799 1.40869161405969 2.13222422249139 1.10776586139225 1.01942842782587 0.974932478159163 1.22567194583357 1.31143538378626 1.04515931041407 1.02670889210104 1.13928951432001 1.13698431033689 1.38031539686744 1.1269771078454 1.18932105054663 0.606293688992707 0.690979066691014 1.07780045293265 0.659878324863513 1.18542263192538 1.09101243762987 0.962518385197686 0.921351553551913 0.951605602652641 1.13823238842165 1.03785040523448 1.09342451430794 1.10853994566429 0.566600587800383 1.84775659908822 0.77631054096516 1.01839248123101 1.16396637138664 1.26315050695035 1.21590257882877 1.22588238501838 1.57190808308702 1.31525165395414
8.55420652084792 8.35037659204585 6.15684496965014 9.43222439445759 8.88289444666319 5.44683899958995 9.76200070222601 11.447224680798 9.03881548705462 9.33665275413077 9.31766339886998 9.32707174769602 8.63181543062575 10.3907000279847 8.94731615891187 5.9863393201107 8.82261569682825 9.20303930270686 9.29059591818386 8.58039407907564 9.56715297325238 9.38480928614006 8.7675349814406 10.0105098413691 8.52454877136246 6.37428106634245 8.57329327361533 8.541785018629 12.2046142213424 10.2523763782178 9.71666294046082 9.9983510937491 5.67192704670137 8.92679699530793 9.75997314458692 9.99254732684568 6.26180552350273 6.65502525202002 8.57572325698392 11.3240472129319 7.67963821545303 10.6422598243518 9.00530947447621 4.60597514070286 7.95382832902535 7.27053111339843 8.79239628525963 8.86933526839568 9.26287321810486 10.2910289971758
-0.69143872275333 -0.607059325185007 -0.488301917018201 -0.62812851984496 -0.563017032904324 -0.579364846248169 -0.391231348408276 -0.468476284098862 -0.564971410597399 -0.649226814827811 -0.50544790295671 -0.535783437011907 -0.541008234168848 -0.54844270513484 -0.52125511736128 -0.527787036916946 -0.620431501827234 -0.594948155497151 -0.614923100859579 -0.585700774311848 -0.509953426660042 -0.549020828602382 -0.623909247071548 -0.492249577827616 -0.577438171251515 -0.557563283073791 -0.551965158679451 -0.56343958992085 -0.362552922243358 -0.786434895660993 -0.520412276963766 -0.513909596787554 -0.583511084728026 -0.567526766768788 -0.406105920351506 -0.740704961375192 -0.61125098861251 -0.551502179123053 -0.647717450870828 -0.465386378397525 -0.628366913427081 -0.494947641018228 -0.467435802433475 -0.581795161234937 -0.580412023713904 -0.611595808410182 -0.622880818290807 -0.54764882035988 -0.606305858116543 -0.765599707275665
-5.31329109203957 -5.03613741507015 -5.38919965311768 -5.07382799495327 -5.35367079871023 -5.2748917184466 -6.04492583059606 -5.58434540721836 -4.50748304689702 -5.80570119615757 -5.45047523089014 -5.66361948388792 -4.95584955041789 -5.10253230243546 -5.60276762456515 -5.76828455373196 -4.8655972854064 -6.10930404855055 -5.77593632860434 -5.13131615457945 -5.57022042124775 -5.47685621775837 -5.58250939822672 -5.08260906940436 -4.64272146334838 -5.28365637269447 -5.90436596858874 -5.90436606756138 -5.96762113535762 -5.86022942085982 -6.1525668745612 -5.78508643198428 -5.28168732840226 -5.42955653902153 -5.53720703105019 -5.8040455453904 -5.5135665085452 -6.16495906951791 -4.76569649014871 -5.44926650252496 -5.1911508051817 -4.55754381720751 -5.57166500794906 -5.19766837850922 -5.72119654662235 -5.48757223605129 -5.61040135846124 -6.23235416504423 -5.84169912799785 -5.70630179984341
-6.96032960091893 -6.16127139454072 -6.5187924949215 -6.64665704946588 -6.17044083726643 -6.19628063724646 -6.42631686800484 -6.50285486117336 -6.08007261420873 -6.78865121071216 -6.19452831222966 -6.2763126295904 -5.70783016931895 -6.28654378082318 -6.62323901661649 -6.77083234751506 -5.82372996911614 -7.57292020348719 -6.66791993885415 -6.00284270546724 -6.87219864524564 -6.32723067542078 -6.55456310019281 -5.92676810591538 -5.56772060743838 -6.004021565846 -5.67727067093166 -6.81557746609605 -5.7515958701189 -7.62639721222435 -6.12423869354658 -6.63996064839938 -6.52755889292367 -5.89816804832732 -5.95695403264706 -7.30691905530696 -6.55720746808691 -7.60030315318899 -5.91623215532164 -6.76884936859154 -5.76687100633366 -5.89494696602746 -6.57883258091284 -6.0561177453708 -6.540286955135 -6.25618926666704 -6.2725255999181 -6.55513579690935 -6.63193997760749 -6.36636168984617
-6.30165102595848 -6.52260036538202 -7.00637204934257 -6.38444525375205 -7.0663791052792 -6.43245073800986 -7.0625631225948 -7.98219224879831 -6.60023820888659 -7.82066293607926 -7.59257284079025 -6.92426119598751 -6.43574204430857 -7.32612211770683 -6.56957302567917 -8.00589357828632 -6.77947698026971 -7.92783281035713 -7.12862502530599 -7.88287294330156 -5.97276466887366 -6.54218433505032 -7.23188916299305 -8.08271130721865 -5.88156290537482 -7.74715499324779 -8.06118957990747 -7.06547319214025 -7.27460471814963 -9.05332147451117 -6.64129924537681 -7.94037237769683 -6.40532532931312 -7.40631275942887 -6.01124850888761 -7.46345000398117 -7.64970576312263 -7.47889555477657 -6.08718693528225 -7.12094034774177 -6.26917260608752 -6.67042749914773 -6.9283634131357 -6.46573493870946 -7.71186530288174 -6.27983412756909 -6.23336481823109 -7.07003507356466 -8.52595788089091 -7.99119403926719
-7.59130731609909 -7.27141607697434 -8.33799061221464 -7.68644405584245 -7.59376165581126 -8.1306327173178 -8.94771329150573 -7.64858084254406 -7.11490455875754 -7.84414398164133 -7.16743523694078 -7.92833071372417 -7.56050895632701 -8.16146171860537 -7.12453186747979 -7.89905094028884 -7.03768353240021 -8.25777543907542 -7.29455228988293 -8.40919622642007 -7.60824470198582 -7.40998077847267 -7.89058535729104 -7.09663962688256 -7.15483651192598 -7.54681140852901 -7.31973654974861 -7.7351560541401 -6.8233402796274 -8.50304526451226 -7.49464273834401 -8.32427390168279 -7.43861478283563 -7.33842050882016 -7.03442229292069 -7.35053226523817 -7.67102079031655 -7.71152140322926 -7.32068850019298 -7.40967948977837 -7.27088566791235 -8.13360542185439 -8.18162844060677 -7.16612366497379 -8.50429668110237 -7.9170481174218 -6.57602892088387 -7.65591606148897 -8.64243166959889 -8.05105025009509
1.90933234702506 1.93839370959713 1.63182964350442 1.17421061726007 3.40854992275526 2.95183534449031 2.72351992531703 1.21857717227776 1.35821178907637 1.71081947075603 1.14439336821482 1.29014086037279 1.83558407787262 1.94412277934035 2.07381943380273 1.46792733855894 1.44815106528069 1.21167375047649 1.40897492516459 2.47957150146717 2.70180194553012 1.97217104849686 1.18034297735577 2.6676879335455 2.1807989433303 1.24977040106754 1.35784220245367 1.65334803737373 1.57515348703923 0.731499553674338 1.48093102687353 1.44892160007659 1.16476616311514 1.13417310218405 2.17670555373799 1.12816919059696 1.51009830989728 1.2745078253368 2.09360325714792 1.21998237941511 1.23153628113976 1.01597749484634 1.59139161344025 1.80607896758316 1.81704346600678 2.41035109513501 1.39199040276212 1.44359143239326 1.78012741949522 2.39151479485232
37.9542389615223 34.6889850999963 44.0062926712614 25.4479434970624 30.460681171492 37.4196447725569 42.1391112908525 48.9986686367425 47.5788798010465 38.0410051251393 39.3980678366594 38.0585405353556 34.7426657318857 42.5868326378037 36.6721408131764 40.7893248677517 35.305189324053 40.1293836840807 38.3763346195633 47.8983107276014 48.5539688555666 39.4956503926982 37.2370104901812 34.1195787503461 39.1967882537385 40.0946781739217 33.6432106515314 37.1419919552585 37.942750680396 43.2848715234606 40.1692433379908 45.4265184827373 38.1851271865793 36.0253474134247 35.5912874556159 40.7463694352971 43.0160422950527 45.7433542807867 36.1904759228874 50.8752970037879 33.7163056483944 43.6069330038963 45.5973959797748 39.5158458933222 41.5066283776632 37.5339844329304 36.5118811177031 37.3568441876952 34.3290036923153 36.8918986067367
18.0603882491835 16.5580787678285 17.7924501966039 15.9682275217437 16.0872083954824 15.7115688313092 16.0182501001788 20.2477216773772 18.4883300982693 20.2130585086663 21.5970666283671 16.9010061440317 17.1568635510118 17.8929393811427 19.8958309015272 21.6629682773552 18.8267752987294 14.0014228419492 11.0219792318091 11.8786007499547 13.8954595224947 22.399215973296 18.2565000650621 20.2845077269122 15.3076968671837 14.2340983098014 10.1379874995479 18.4893288129529 18.0837258461666 28.3622022862829 21.1511843265527 18.200511019622 15.0714488110137 16.4745099505097 12.2907558383641 16.1439550413598 12.3894591981969 15.3548866725202 17.1510998581665 21.4774017418018 12.6572197476793 17.328816124382 20.7604629504851 16.3213818782032 18.105940596345 18.269172729816 13.1749767354709 15.3074896048855 21.7486314995609 13.761503533829
0.25 0.25 0.25 0.25 0.25 0.25 0.25 0.25 0.25 0.25 0.25 0.25 0.25 0.25 0.25 0.25 0.25 0.25 0.25 0.25 0.25 0.25 0.25 0.25 0.25 0.25 0.25 0.25 0.25 0.25 0.25 0.25 0.25 0.25 0.25 0.25 0.25 0.25 0.25 0.25 0.25 0.25 0.25 0.25 0.25 0.25 0.25 0.25 0.25 0.25
-0.1 -0.1 -0.1 -0.1 -0.1 -0.1 -0.1 -0.1 -0.1 -0.1 -0.1 -0.1 -0.1 -0.1 -0.1 -0.1 -0.1 -0.1 -0.1 -0.1 -0.1 -0.1 -0.1 -0.1 -0.1 -0.1 -0.1 -0.1 -0.1 -0.1 -0.1 -0.1 -0.1 -0.1 -0.1 -0.1 -0.1 -0.1 -0.1 -0.1 -0.1 -0.1 -0.1 -0.1 -0.1 -0.1 -0.1 -0.1 -0.1 -0.1
