33.7605060841668 33.5710997810242 33.4522996332093 33.8587194513638 33.4790471002953 32.9283862447282 33.6117211221248 33.885626498836 33.6337918516161 33.8263227729421 33.6100955988137 33.869779401102 33.5140745419797 33.7402034332718 33.3784900431378 33.9064978311223 33.7585595505121 33.6495574283593 33.782418740805 33.6597511920667 33.696388032828 33.8647244691325 33.6983246329202 33.3734325567527 33.6839913205019 33.3186425254879 33.1827983115425 33.7722204336057 34.1901401163631 33.7745533503546 33.3317576935806 33.634046846246 33.5742236909628 33.4503554303191 33.3759086364525 33.392365961095 33.8766361623292 34.0470528274968 33.6573608012851 34.2363152807437 33.5994872928679 33.3492141311604 33.6613635972362 33.6021659824047 33.9055560616231 33.7577857899455 33.7473363029561 33.8463029023785 34.0878116974009 33.3406593265284
36.5062336371148 36.5856814847847 36.6108367437598 36.7725183460772 36.5868130231214 36.5710432499496 36.4903397448765 36.6602935459328 36.5254244670134 36.4481915177813 36.63257732465 36.7392401440823 36.4962596196991 36.6653502244569 36.4419715789682 36.6093243843076 36.4779210889554 36.661261286185 36.4979578208345 36.2980388606531 36.517320702012 36.7030266773153 36.2433944185392 36.2974185110863 36.7382022248194 36.4637028866576 36.4548433557003 36.2222967475645 36.7446707482877 36.6555530785082 36.490344725007 36.4624180564841 36.509059769757 36.4970444297735 36.7593122725145 36.4429732981059 36.3563346773874 36.8152899025058 36.9691050005511 36.6673478116636 36.4848331206584 36.6387251787418 36.6219846780173 36.7563134048437 36.6423314289846 36.563330277608 36.5143157864217 36.620659300734 36.7072795521204 36.4518329163447
39.002289005136 39.1022490343026 38.9911324655862 39.3856310565532 39.0205068064124 38.8495776591566 39.0246645355698 38.939457539691 38.9463431737215 38.7925227768294 39.1921297998512 39.0259423171637 39.0000863108074 39.1478473376969 38.8538258638058 38.91267361459 39.1136339658672 38.9419549759941 38.9649130070681 39.1662763288018 39.005662040137 39.0806781534058 39.1368585630993 38.7133498305264 38.9305403634658 39.0569678634732 38.9368352299444 39.148087149693 39.3809314371858 39.2043727593585 38.7443618164979 38.7937586288141 38.9221535850927 38.6480012519434 39.1686577130104 38.8217885497404 39.303634732954 39.5100222044275 38.8974360225437 39.1058756114621 39.1718109274836 39.0621779700383 39.1130653630526 39.2417369174506 38.9303131633505 39.0782622556081 39.1567772850785 39.2601542856596 39.1532181269952 38.9405969304295
42.9331279348462 42.8931630511845 42.8585864651392 43.0408915614993 43.0874280579613 42.6911467780983 42.9113026354511 42.9380893638053 42.4045091554931 42.8000149028932 43.2457112248894 42.8797807149998 42.9408098640495 42.9512766254608 42.7045369092845 43.0149144251751 42.9814710356895 42.9131626361817 42.9794980637079 42.7692541882864 42.7773010510911 43.1013027779404 42.8942040534474 42.6758235198037 42.8096225339873 42.8545365311597 42.6431266106548 43.0845909971048 43.12744491381 42.8893183763638 42.7829198776214 42.6964450991876 42.657572915258 42.5470951962431 43.0468381910938 42.8026251839325 42.8745162358136 43.4237547661527 42.7875939640074 42.8868270350114 42.8167871155195 42.6135201528954 42.9667847556252 43.1263678837053 42.9106452679038 42.9694177930777 42.8478096092893 43.0870594543886 43.1042669075271 42.9133960800463
48.4970276603989 48.5423369077067 48.5511499528193 48.6949615912255 48.5881703899899 48.2635107671584 48.5257124440852 48.5965196240155 48.4425620834291 48.4469462763143 48.771633136838 48.6142670225033 48.5170920215774 48.6964676738999 48.2800963033916 48.6114788844787 48.6035757797155 48.4912331868408 48.6394284848632 48.432754585045 48.5001050815118 48.6293118995227 48.5718725781412 48.3071855378499 48.4870743319112 48.53131586728 48.4528193235694 48.5305797697158 48.7710620939594 48.5462120854965 48.3399428367184 48.3793820320075 48.3534843135742 48.1981522677197 48.6368795897415 48.4356862324389 48.5819187356073 49.0896470883857 48.1997546639646 48.5126024520942 48.4807949194135 48.2333444571915 48.6610898746777 48.8031580000874 48.5055300253942 48.6158575366437 48.5963512021156 48.6086213352746 48.8080438296638 48.326924964697
54.1899579612203 54.1860515483707 54.1552647357136 54.4875630327541 54.4315369358377 54.0159761149585 54.241872223043 54.3137494459602 53.6660537075463 54.1699526695072 54.6085625356532 54.2716084036237 53.7686527358171 54.3035061159726 53.8918384497608 54.300563892707 54.2238386496373 54.251845480412 54.3559494464797 54.0613574337026 54.233462811023 54.5653664264394 54.2937374785506 54.0046766637411 54.2322598485648 54.1258286807689 54.1914046446756 54.29277509517 54.574373211365 54.3471890546723 54.0468263334279 53.9943275462434 53.6225782875858 53.9210165647019 54.3337467809823 54.1309255202426 54.2955264108564 54.8276152768256 54.007885848413 54.1907944658386 54.1169268765565 54.0283154550126 54.1593627796589 54.548982258514 54.1902591547332 54.3319698809047 54.2152266021301 54.2789704764143 54.7063438671738 54.2058324010073
5.70802171741496 5.80044730192415 5.67187215720683 5.38089742716415 5.72126278681168 5.46167156622115 5.70766899503833 5.48171540492251 5.54547416611523 5.43622692362408 5.58650531727118 5.53599717700034 5.66359233720408 5.52500707625254 5.85022443815094 5.60305392160925 5.58941062285749 5.54689846891465 5.65514045135336 5.5564681657014 5.44455903983749 5.62666146633907 5.80909915225191 5.35397504895996 5.66711202303403 5.5981393369573 5.45074997340604 5.78350999919113 5.90556965919979 5.75913372934733 5.6364065599144 5.77080205810262 5.79076861243075 5.64413819357391 5.72008118932869 5.78295385722673 5.81613604876639 5.72154942222093 5.71945548896882 5.68332379646042 5.46119014014693 5.64622971927859 5.65739005307037 5.45960900604819 5.53342602997621 5.7425601844497 5.8344627113049 5.92144596110084 5.85320864490284 5.49319523678803
57.7208845790963 47.8418558516098 46.8148684050384 53.7992213558619 53.1149426917978 52.8635942306104 42.5616039007833 50.9748346543086 53.715957723626 53.4032496961915 48.7248771938869 47.8481289778246 57.5167486746128 55.3462862998646 43.5917568152344 52.1455672845213 44.0087948924524 41.435706304333 44.8482072690806 44.9207785948019 54.0146838063966 56.0397911846902 42.2609225075451 40.2516220433762 52.2639174844246 56.921118161521 42.0063651448715 55.4267654663439 46.5057878272382 56.6748992226599 47.8995801805489 40.33256982076 38.3195721164166 46.9279324142237 52.128968931966 37.2856465303395 53.2036963065757 47.8816931503633 56.4876990560124 51.2610351944153 61.285676997113 51.0284978469263 62.2287146941605 64.6312889696637 46.924045436122 52.0650825891716 45.7031919019412 51.2321544760948 41.9983953250589 58.4123914704858
33.578403659576 36.1777371663064 33.5211419161522 43.8584414063835 32.5877505170055 34.2389254300587 31.4449822157173 35.354546991223 40.983537775602 36.637731819631 30.1153443810679 37.1459693721538 34.9209640526119 34.2033541145318 37.3904005436041 34.7736516880215 34.7822307166662 33.7766913473207 29.5386293764941 37.1875337045341 30.9528870620317 37.9668093254854 26.1191279985196 44.1417021367287 34.3170903985135 32.9730976846594 38.5568480297649 37.7732680535722 35.9343844649398 35.3884610522286 36.821896102575 38.3426734598675 41.2655836229075 37.3206583923516 37.6808194127874 35.7193700832252 32.9623468382843 34.0684527872647 32.0969394713784 32.2804535028997 30.3782613850398 41.8920468825638 35.3625242796655 32.780629578005 43.8134325135766 33.5226233118149 31.0177074704649 36.236097384279 35.5572671485312 41.0274948801984
67.0113965817644 74.3069101194697 74.3372303994802 65.9163170429186 63.936879067771 71.1679302885506 84.3683138931205 77.473117384672 74.9012284625746 59.9012018059669 65.8595010010301 69.4551869274631 65.2386236030968 66.6700021353052 69.6408399241427 76.9942798600729 79.938922978718 74.9450574434568 77.2340711147131 74.4951655510666 72.6938460486028 72.5847595594521 71.785281821134 72.2242017282686 73.5893424922214 69.1252848276946 82.7007824456305 68.194199669759 72.6349090494841 68.7959942877604 65.9020354826858 74.4155010738858 84.8272895572787 74.9101920449313 75.3290085793611 80.9115348148095 69.5112269832329 81.7051057046921 63.9147711430358 64.9163148938501 56.9187124917173 64.6183512991319 62.5604760453558 53.7597457282976 77.6400430212274 69.4857398295741 84.6311080770487 73.852943478678 74.0826787643777 66.6348811832288
19.1358973897679 16.6071215906728 21.6001163844628 15.4781467477519 22.3163607357312 16.8560583295192 25.5652181778919 24.6791147561456 20.0529768512578 19.6205516228589 26.8467617465251 19.6818756983098 22.7201681863938 27.0937308159559 18.2910839859839 26.9219372069221 18.1767658470674 23.3765639528148 21.8938922596899 19.8897500535127 21.0865580545129 23.0729481832627 25.5123159922297 16.0736955286569 22.6083630819655 26.249138795712 23.4127143837735 18.6477107933573 17.2594665682981 24.8636290985607 19.4072366031132 18.2383974962641 13.488002654108 23.6756097934263 18.1934817253562 22.7886918522425 24.9076028124913 16.5601995891242 21.1407023053081 20.088592177423 27.1086337331076 17.1000804022843 26.0249807764405 25.1687950593838 16.0222072706303 22.7934254314883 20.9753225140433 21.2623682191594 27.379369411806 20.3907205220865
15.1673281595715 13.8473135706019 13.7299772108686 12.9001647292749 16.4642734188766 16.0659810329984 12.3884212527754 12.9781967916725 13.8610770019593 13.0278870246472 14.1726251727385 14.7983759224162 14.1647404387431 15.6809900446505 16.1286778009203 13.0409492112684 13.8953406415177 13.0650757001638 12.6248963203762 12.7242210487661 13.1115897972597 16.5264551827283 13.1781863694333 16.2564297816509 14.9110963849109 14.1814215539135 14.3624870679474 11.5953905927787 14.9787379461723 14.3618407322578 11.9060349886971 12.2883594064962 14.1660192502812 14.2884044435584 12.3811148459533 15.0239997436083 15.1374319555039 15.1906503389507 13.7804183285325 15.9707949474826 14.6582232244311 12.167005279342 14.0460522506986 13.8010612554214 15.5042773013833 17.060267668189 14.2420259340164 14.0834593815386 13.0694828467379 17.0151661753575
15.2600221626986 15.5410229726765 15.249203136658 14.8011600566526 15.8549399755907 17.852494453502 14.8980723326933 15.4097285516747 15.2162628664591 15.3175252041007 16.5365746071583 17.0666938842288 16.425982418821 16.0323584305299 19.0451311456191 19.4386769803788 14.3653992124355 16.0475280625037 16.8718131847153 15.7466774536159 18.4130297545252 15.7173786582531 17.3237434699792 17.7863094037283 15.2476634198589 16.539371511683 17.3678765379263 16.3565167462498 16.8982825897057 17.4510102263683 14.7184577979523 14.6504926665203 19.781095329442 16.3693017666746 16.3087873293412 17.3276708534147 14.030773351097 13.0494110205489 14.7920178150943 14.2846239046897 15.3284690548789 15.3234337738876 15.2091887370529 16.7156893692016 19.2673508444829 16.0857825507292 16.2800287607993 16.8977471263765 19.0121789468356 14.936637732961
21.5993715852421 21.2961632408088 20.2142405592702 21.4712732395348 19.2099939181091 21.3257841615919 23.6564180346622 19.858608390122 20.9524436282019 21.7915501720708 20.5643128603592 21.3784031373989 26.218675418793 21.523691457139 22.4571169837563 19.9723444312867 20.4561528293378 23.3649795418582 19.8162501554808 20.9192454713311 20.8321561973501 21.8028245460957 24.5861143499436 24.6960680969584 19.6696979586378 21.1568516072821 20.8131935052078 20.1957845748938 26.7171374491288 16.3705345463795 19.581425512782 18.3303226347708 20.6696766683994 20.0963995942629 24.0109113468554 19.5839085562768 20.3045204714904 20.76100866679 16.5977389582986 23.5171046969134 19.9744526997829 20.5735826678322 22.5828941257036 22.1916542968203 23.5828423563772 22.609578778902 20.1088245763018 18.4002281229708 22.1427107100287 21.8872631815198
27.331458814345 28.9075459770955 26.7273768718146 29.3113342432742 27.333942516962 27.50893700907 29.1364474873354 26.3725658483705 25.7809137457625 24.9408082618053 26.589495603475 27.9789905517918 27.3336062561484 28.4904311541109 29.3767482615964 31.6800412825488 27.7502619994543 27.9630205228903 26.5939017927975 26.493459698004 28.1692803968309 29.813206371366 27.398083092056 27.7063415447092 24.6646980344263 30.1910601131983 28.437415645369 27.366641896553 27.9707809247019 28.91612936611 26.428662036571 25.0089271184439 26.54880751823 28.9593004005094 26.1475874527343 28.5690335803953 26.0036443351104 27.9445039168472 23.9523130781254 27.8498914662063 25.0944213847703 24.9593994080165 30.5037087249646 26.7799143428874 29.6516581834752 27.8098448819653 24.4119174028792 26.8533236513881 29.1429531501914 28.7192347067353
36.1550192469595 37.7327651458276 34.7562774415069 37.7122759094561 34.9824825980206 36.3122715221006 36.784476773107 36.0530093625032 32.6863436377012 32.6716112944801 35.0205145152556 36.1002312352678 33.2396188134299 36.1665935737315 40.3357792136695 36.2980499903611 34.8236612652028 36.7420040532209 34.791722509073 31.8175026194975 35.5922876393406 36.1669691636955 36.0347661371796 35.6043321551257 33.860982247761 36.9626950557453 34.5569153696986 35.9075039622073 36.8241321622204 35.8106572605525 33.0519762627695 34.0342653477763 34.7535246068527 34.5894057903376 33.7812794673594 35.6600245801595 34.8928379657922 37.6324546446599 32.2500934896292 36.2073568244746 32.9792068710696 33.6456453526163 37.7725576881244 36.052003065546 38.6737354374138 35.315235815685 31.8491856069473 33.013202663977 38.5752421772613 35.6080150242146
41.9170241650012 44.9924025997418 43.408657009681 45.3513374909025 42.8315418655411 43.4100405504287 42.7821386114737 41.7771853959673 40.739004080621 39.836359868551 43.3271572739712 42.2440497329464 41.5735161249651 45.8867553397672 44.94294730204 45.8018995835495 43.97661847118 45.8436939297057 42.9539684481206 40.5041550394426 44.0609312307129 43.1312929183238 45.6948825277815 43.6714885190447 41.6353878079054 44.0898916947507 40.1990507775251 41.8417659686941 46.6312114833684 46.3134139169839 39.3420007363367 40.6971481123843 41.8821811993369 43.2748667028933 43.3121930436674 41.5085245237984 41.6721426938147 48.0498690044881 40.8695885997583 41.064185309984 40.4308913693301 41.0393910065028 41.7761245494767 43.8665027479273 45.2750413733204 39.9667016636105 37.731754028614 40.9409934540239 47.2885235646104 41.8289985338278
18.731638595543 17.0942289197186 18.9800184813871 17.0132448363403 15.9664328393055 17.9793175054034 18.2118989082678 18.3793205165567 16.8483350109109 17.6141307892747 20.1511255014073 17.8984896596439 17.0174520412821 17.7362214230823 20.018953225031 19.5347877946955 17.4312805065852 22.4833443931649 19.6062811908131 18.5210155246691 16.9049659879581 17.2500286901306 19.569182038249 19.4504636722047 17.4424139282447 15.2775649767714 19.2756579137065 19.1748914238827 20.0017749691353 17.0483123526326 19.1534598647745 17.9822540489578 20.1896924432191 21.0570148503695 20.4456485332461 19.3389907003466 21.831514498961 20.7720772095094 16.9677903294396 18.0092636197995 16.1875763902857 18.0776867021456 21.5978280104665 17.8778023019874 19.1352610521854 19.6560656529721 19.649897903384 20.3555735797834 17.4595929277622 21.3272795184707
-44.8806639711822 -91.5666233857737 -155.849468641918 -64.8278524576152 -64.8550179897961 -99.8129741198336 -65.4797955541312 -100.961290588971 -123.121279860396 -123.074309831113 -53.8261220077778 -72.8523410478226 -154.794935854443 -90.0267724298609 -31.1273373552125 -117.602345339512 -83.8651195559158 -96.1454354171396 -133.011001338424 -55.5974891992886 -36.0214156679754 -37.0885934362617 -62.9321885867308 -86.8599645069954 -31.0141848998748 -134.16614983897 -81.3034099270721 -56.4833619631203 -78.3597946235204 -56.8528610059831 -19.6336525019475 -86.283971372845 -30.3814823781451 -75.3497461003484 -142.670240984233 -84.7274803788031 -124.435548605351 -136.960835714282 -96.9977920148109 -83.0856118307019 -75.803462077417 -32.6729675657483 -63.4834682799418 -80.9505991750151 -49.6885952635315 -91.010186726313 -37.1998469310478 -137.885499044179 -75.1252207624549 -46.3181236094295
-35.0129480451802 -37.0209337011536 -49.689027581365 -36.2485463805345 -26.8759541521548 -22.8943755726708 -21.2735903015384 -23.5352000558622 -7.16558393539587 -45.6784226227284 -19.6248049749719 -20.5415895757646 -69.7101496510264 -43.8640188217712 -26.5248968486617 -11.3384130307837 -21.8534878148263 -24.6259831974228 -16.7749640647056 -14.3766209555575 -30.8318066826299 -23.9237387621493 -20.3746644243918 -29.1019333753258 -18.1225196993684 -28.1371680443291 -43.0774864853749 -30.8797238719032 -20.0132325200939 -9.10397334617436 -19.0199883205687 -56.8967267364512 -25.9495033532178 -23.3020681151743 -31.3455905858397 -29.0843311300986 -8.71178467404933 -48.946563387834 -22.2455821249411 -34.603469764785 -30.8623278082355 -23.1338747363921 -44.8186638663871 -38.5502016417125 -43.5052760819482 -27.8211035481286 -24.1468937702945 -14.4081798012504 -16.4328109264415 -44.851763942588
900.229070752861 280.570898085939 875.225898162759 1037.67889178596 348.376949600931 45.2768110837761 689.890536940588 98.9214707997896 -61.8440382260899 1093.75871651752 574.702912921907 232.875719127611 184.222124776248 86.0059333934984 332.279646523487 92.3712813897796 -87.3865060579905 1313.04391187399 581.64082683211 565.91638117567 787.848656660093 622.670790788429 837.594185919017 1094.39461416989 1462.61177467101 180.469092629916 776.09580612315 730.190890293981 775.952337775208 175.577395410804 578.508146100833 1244.50178030085 592.972764527304 158.033871032942 -111.615771201217 453.651588348265 347.449918044998 99.0474046251668 502.545702324779 -58.4384322795647 304.843102501455 862.635225346845 566.083629588064 -163.323236329772 371.051252115402 253.672803141781 510.32438816915 -324.678790480302 1048.47092814308 932.972175327282
1175.2452415164 1082.82971499452 1301.50780164992 1388.6802284408 1366.66622304863 910.623036940303 1072.27337157118 1384.86486539988 1895.1751697964 1117.22287530846 1192.84413161485 925.739171838779 1511.07947585586 1720.25139329393 1062.63691267646 1713.30527096828 1361.19013447299 1433.31104377143 1097.69956277106 1688.63520756184 1127.9271615458 1720.86831656137 1322.14380364826 1522.28815877285 1119.83708319998 1644.69502283654 1041.81363582583 1194.05278944694 1115.30623640125 1426.16315215733 1839.70469634148 1041.71747819792 717.575974245756 1429.8298883257 1423.87354090242 955.508690074644 1492.7022539939 1316.21497421552 1727.26168296326 1436.49795333759 1353.17510198484 1244.90886194976 1635.9198138665 1426.02559419009 859.097458955198 830.178637991596 1177.39944278218 1657.047253867 1561.50616185046 1079.90366411375
-59.1360556801813 -1.73835749275095 -24.2196023124335 -61.8633809160544 -60.9488103741752 -25.5462434489933 -63.9967900756543 -24.9341584012853 -14.2837986916641 -29.6266551144226 -41.4843847075896 -78.842367547837 -37.5763967392649 -33.5488774491767 -40.7836938261563 -23.6673929591046 -31.3045143524801 -31.2569945785451 -55.737625547055 -18.1037726870332 -38.6791743379741 -47.5508041605816 -24.11060157995 -19.2527745221403 -12.8552393364557 -7.35689010340435 -48.1065354626159 -53.4971863059846 -31.3043777610624 -67.5543750230596 -22.7247542487726 -15.4685879953063 -23.1018390757003 -55.8875491868478 -17.9983155743905 -42.7994626860538 -19.4759309809935 -19.6392236751947 -24.1700917050027 -33.5426279380507 -17.9803201983866 -41.2139722117161 -34.6189242598798 -10.8331605332059 -8.23140478627092 -42.9569371808174 -60.0032127063752 -37.3750715092775 -1.0897719868875 -54.6675551321465
-16.0376886850065 -0.425267595862668 2.49134467016245 -10.7255262969935 -25.4509011892637 -8.26733275434458 -24.0782352695244 -8.28689966965011 -7.1968257118017 -9.01394701971426 -5.99149831875709 -14.2060164346855 -15.4541603666192 -6.05309994817269 -11.9335810915933 -9.3728611312744 -14.0990456136855 -12.8964063817394 -19.9143192406731 -4.3502379452966 -4.72087202921885 1.14230124542801 -13.0219953373298 -10.711543894732 -1.0827655792042 -3.90980235809833 -6.16773300775612 -11.413743257273 -13.4259313283279 -27.4486537008859 -7.42249014718953 10.4335940149887 -2.81375477394212 -23.5109959892575 0.526966653197279 -14.3330812081114 -9.99969181622366 -3.04615417636918 -5.79897970633468 -6.40216726952327 -2.21810579506138 -11.7261146171377 -3.67014445875714 5.83942075517858 19.4302322114111 -6.00238684403647 -25.670716350631 -15.464821621033 0.852307839429845 -8.22657523274533
-631.935471660212 -944.98110735704 -578.903260571158 -345.419757520017 -597.883565725349 -962.081608953636 -38.1541277115699 -613.22167440715 -872.889403903552 12.7572151053401 -809.190520898395 -731.433187609974 -549.320357349074 -605.058691191944 -685.58655600425 -757.066076466379 -589.151329708896 -373.702266649115 -474.096786752855 -639.561040170011 -464.454524891934 -674.724722592543 -931.83730900425 -700.17045695159 -656.71795976619 -521.772737694848 -275.180288473758 -223.073012480388 -391.308012354376 -135.239312450416 -610.608629102381 -383.89310344704 -66.0159520080269 -67.0622511840365 -860.702700373904 -493.566633603829 -628.420386585394 -651.76704651253 -1235.15356802184 -801.045840911346 -703.216298783189 -475.497239975576 -569.063618403315 -730.567474204798 -541.312971734305 -451.170116771621 -698.981088190472 -584.163470476186 -509.395987942587 -335.021125709427
927.732961523901 608.278670976524 876.560541920852 1090.0534204655 1134.98404517618 868.077352938367 1196.30242584554 1082.46355629103 2314.99787026145 1281.7684486994 1673.78584288351 2402.77166757712 1618.22102374048 2315.09488500608 1028.9456212534 1230.14304470331 1015.17575245853 691.711281144396 768.003421882645 854.380123379545 809.690910241876 435.764585530908 1449.59037290838 1391.98341808762 1000.66543537134 980.508855488234 1282.64214972218 978.681018350263 988.381427508135 1625.86692233485 572.565758089798 551.584352498897 1054.09610347959 1086.99058195165 1284.87270223263 596.133998691089 948.253925175988 835.438968339308 1895.01685017659 1729.55235054729 915.044137993067 1299.84967164121 895.770010015077 1193.26925873653 436.86306342379 1082.03383588623 943.196228155189 1009.01740022667 432.35202559813 1459.84600543071
137.061326563104 127.393633422536 188.230380777756 115.554710326462 126.289821577129 49.3219340834571 123.830884448376 84.1795735693042 102.829040862503 205.42514636011 106.372767534656 117.554187547963 171.14852869095 100.553473120484 84.4239490544059 119.034162631527 93.3564927167341 117.345848879312 115.474974687917 43.9929717108048 151.706017752709 44.2229709559014 96.8698265829878 190.430937676872 110.14285023604 183.722650307109 140.778909890007 111.773061363386 95.6980176458238 106.934370348209 122.335925029088 154.568032476957 110.803399395222 111.240962547539 119.099126031194 47.5925602794124 107.971237019383 120.452697548461 52.9040229509852 145.885196851071 111.65517195622 86.913929897724 144.900647992285 137.381337513392 64.5530567732824 91.0143867639256 56.6687796665185 154.350547685609 175.183369720546 112.615208753951
59.6127600973476 77.5794748842996 86.8505890656233 85.554997832522 45.8860941891054 39.9659355955962 59.1782752267472 75.1668299883437 67.8595001720708 85.874576846646 77.3098128216071 55.5856115706413 149.910516542989 72.7086814896625 48.9511409942148 26.5905888829525 62.4924454939951 32.6429634657028 44.7464716737723 15.8006802856395 80.9974768318562 61.8553815401673 27.1261271585561 78.6109665957205 39.0883157219107 46.0716015979286 97.7726256100486 32.1576399493284 45.838829952663 39.0483983909768 21.4494990284776 96.805454869078 79.9644222092665 101.548524830477 76.085859122693 44.2032675582382 46.8665388835116 80.2280742955034 18.620826849339 38.6778694222423 48.2955419435174 107.15375486164 58.5099875663685 79.0461985302625 53.9700612036203 75.2650267208813 35.3470193083011 29.3747664269149 42.4743523859666 84.5273064397948
8.58167530697442 9.9349123612361 10.2203024065981 9.72661495656804 12.2039318104791 9.7035005788029 8.60581914261371 10.8673656095993 10.2911229490599 9.89088788489536 17.1217305032196 10.3880252516145 10.9571826557362 9.95092583246641 8.45365812502487 11.1804527784667 7.01856433605967 8.02444537649347 9.46094522899344 9.619255778723 9.51947164176147 11.9149449000986 11.500090411302 11.1861756359874 9.93660667244227 8.73172160037388 8.05939030912691 6.22909651722423 8.10147428163092 9.37125826809015 8.93344028932305 8.40853300914376 10.7030280899519 12.3836723149617 7.28238600908818 8.71156095968545 7.74900392553407 8.6424469449329 11.7346352098693 11.0777065025763 12.3304468978021 13.9390438351686 9.73030268204009 10.1951965152697 12.4432207941476 5.41741078738518 8.09399563144982 9.63495394640069 8.3958142009094 8.27487988096274
79.2447841452329 101.043298033727 113.441796907633 72.662393804555 61.3734785717555 37.4801940310003 108.629674565256 97.8853641171962 26.9191433739028 167.281948017011 68.0333824918744 86.2137301204994 109.87574045632 97.1241913919669 64.7805586723107 118.366627888311 89.9089929804366 70.9489707867224 96.7763738775268 17.7361576849252 104.065450530082 42.6973284277794 35.9993642122797 108.241513997606 13.2623349157236 127.460285573641 79.965801827379 103.027285498556 127.194090311546 43.708632858749 84.0059451725216 109.539990204447 112.715290039456 68.0985941754054 91.9717662919539 57.1214483228325 43.9544613838662 75.0883526914772 -5.46123309835277 119.26752838707 108.068763562324 88.4523949732527 73.4965915989069 94.2353045717989 45.2500654372686 98.1511143421368 5.14286419307756 118.051224394721 40.3781558402117 79.4664269329194
43.7969296812056 78.1356413987218 112.746993014959 106.457952778396 67.6833911760612 51.2020344778237 69.5655305609214 75.7125493750133 120.481686084823 95.2924903775825 71.1903667190348 75.2287939514254 122.185693643733 93.825259270547 54.191969444648 79.0702618159948 95.2560959426161 69.5140856348645 112.761311643778 30.1325811438768 67.8420971873185 65.9776827420599 39.4619046383316 108.307849249265 43.9358168411585 47.6449642844291 65.5280357620843 52.7411031943141 84.0490271947489 37.3959344483825 54.0160862252311 93.0494958741526 50.3543481710466 118.234504794425 103.335649204847 67.1170618290371 69.523683921518 88.179942829737 18.6670578865242 102.453150192776 60.7794363809734 91.9353185820474 84.5833045885703 80.8245328094002 66.3938280940245 63.4386792956038 52.6549285637483 59.8778410977165 72.2247259604339 95.2340626481615
9.94704108911984 9.56963201106442 10.755326295415 8.86708940414535 11.3418177292033 9.92393911321732 7.43434382511605 11.2849009148853 9.82772701249443 10.6312300629612 12.0136248338885 9.34576169948718 11.3582259774622 11.2895948003336 8.86210148016168 12.2684984951086 10.2122380561113 6.16037250380106 9.10733961492573 11.5028924475274 9.40096060342895 8.96537045313799 9.62621984322778 8.7612286691154 8.67351179598739 10.4998309098321 8.55804395126724 8.03472835608942 11.2686747307497 11.3344904022845 7.36359301927134 9.91099148793207 7.00881456721988 7.00242585729998 9.78106966054143 8.69811569630566 10.4618834368261 8.74350042297021 11.5826717096408 7.76458348288255 7.84125898566608 8.06993918628091 9.03693949002769 10.0551891402004 10.6707832016525 8.63981299968223 7.00420970101132 8.88511822510264 9.81546054418723 7.53973640939921
129.038436555972 100.749154076709 76.0425486598138 84.1402626256387 66.8837411253525 78.6513752910135 104.2883219197 85.2313935344847 49.9571395854006 83.572110120635 81.0263698098133 122.625855835404 121.830735506993 82.2254461704771 83.5188007285781 68.6135269006166 64.4428207042764 98.4507296245366 101.367923469092 24.5162828609688 97.8713235855419 58.5692120686653 53.232645008972 95.5228286870376 66.9460142322271 99.2870677626095 80.824939618477 120.127372673629 125.339288777933 57.9375348133836 17.5805023570401 96.4328853784665 76.0602026545974 96.884109236387 98.4985172577742 51.1044266009879 38.9832810997652 70.2427564126774 15.6279505147721 95.3331278685807 86.443904219455 100.725684960601 83.4360282926378 74.5348098205607 78.1469759622331 80.351012118693 8.17122027394977 53.457055138467 26.6730168058811 103.296276178727
42.2757965681943 51.944228052574 48.3955365329647 51.1072269029789 39.8203909438736 41.4573914196059 39.7686280275625 53.2427330714749 53.5665635102902 54.5027850539883 50.8956282021963 69.9695881490296 137.923858610742 42.5041315171347 64.1264644334935 63.27151613947 71.7469401197935 56.5355884796561 69.0335876470658 19.9232874472884 45.4098255603095 35.4747090407245 33.6448263213442 98.8197648566889 38.1682089516212 40.4074581588577 51.5242994713588 46.524241149553 32.8967931482998 93.4978976734083 19.9098812162184 45.7179176379467 41.2328144723082 64.3263306731258 69.2643454047278 46.9644181577927 19.8449831066776 79.3426628709506 12.7778436798417 96.1308300097014 46.9196324759325 100.207418035737 53.685725401846 73.8880061937632 53.3804859774817 52.5546118358356 14.8973793125045 50.304944310689 11.2105071970812 84.6227657962106
1.32174239195249 1.7098030029551 1.22272588477237 2.64469171073555 1.17511543327147 1.84335794286068 0.110997140376327 1.05411270452147 2.24652786500029 0.903793743405603 1.44343605102943 1.20682927904182 2.04759632999153 1.91313059611541 1.36929684486546 1.74834871353865 2.13113962680542 0.428875408553933 1.77963518359919 2.48584942315371 1.54096722423867 2.04839262461105 3.10983267951027 1.11978232441323 0.453646014837704 1.10194710850787 1.38196576828215 0.800823756532102 1.28911192880035 1.4202115135714 0.209616052874858 1.66105949653348 0.556815319278176 0.578335291371563 1.74187565310335 0.752870651021091 0.613721864089583 1.48757958975882 1.08949563945992 1.19083579003565 2.06980769465082 2.85257098367318 0.684941427692455 2.42698883934024 1.60331035070038 1.60687649867231 0.77532328603639 1.46607303432934 1.10429165277789 0.735512302998774
88.1283055832049 103.312430070595 99.5777625908529 105.292965229889 121.999427603584 61.0239147974395 79.6101318862702 118.132134359048 80.0755873570061 88.9995499175629 73.6722777125283 141.730557441148 128.802073290642 41.3924788670031 100.605035664223 104.246761494267 116.024922080113 87.1768508478128 97.6157500729785 45.2676039382423 77.9025775083721 79.1639525780863 56.0921477487827 98.687534406847 63.9385520352029 110.418722734122 70.3332687522861 119.454770643364 69.2566336281687 54.9202909739683 44.2603795156634 121.124665273585 69.512436000972 108.911155855296 82.0043520531088 79.0481307020423 76.8845543008709 102.670543068783 84.7925199163524 138.307304170836 105.798582761384 97.818524637495 102.909033038666 91.9491417432472 85.2056340769441 87.6229909216954 50.1090563559437 44.6464682358644 74.5682187299553 110.566410001013
35.146906449037 34.9640881400678 34.1363440462159 38.1993413505073 12.1472423512922 22.5578285317226 35.5587578887431 49.5998284679863 30.9635815715428 23.8158731408464 34.1337053341458 27.1999420632231 75.0502407832869 15.7416557418765 30.0313362612979 23.0609331165373 30.4174653215988 20.0830058931981 22.8824059370892 11.5379522799485 32.8908202721259 21.5811318486721 21.0987608814588 37.4711977707413 33.2541575344132 31.0401274427458 21.423444115166 31.2412473921556 26.6958154851991 25.4016221603845 -1.63117217054823 21.6871305444192 48.5969679650275 57.9713861829156 45.9124007287799 27.4042046628225 11.2218207657461 40.0392437080906 17.2032653512391 22.8253524360884 23.3209284589934 24.4844833453638 28.5151630895437 41.0540488598387 30.444585357631 21.7101204960399 22.1992890753624 15.6257258725509 23.831581052326 25.4184074764788
5.79232656036103 6.16255640194439 5.27531428568068 5.48456789931855 6.4374067245769 7.07201655753853 5.45145528459561 6.10987727957221 7.40551850104168 5.76831910375267 6.6996216787773 4.77838303871424 7.34463563239201 8.46051234551337 7.0678566612602 9.4450508936402 6.83328740257359 6.46261537516632 6.69944722110573 7.0959573101943 7.79521431977685 8.48389327969175 7.72607660034208 4.87799170723893 6.20420830348502 8.10162400674612 5.9348583283863 2.89218251615579 7.94356929603736 7.65091323864961 6.30298458529601 7.32053213466061 4.89446335077594 5.6727719927681 7.76564180560306 5.6656762222015 4.76207582153429 6.74920669416549 5.40068660635293 7.13938797287929 6.6128844062927 5.65692347232586 6.50290363395027 7.26178395609077 7.95753572576448 6.77257440464017 5.39927603270667 5.90670085666223 9.33784394187082 5.70300355260852
722.961471261744 860.895943467419 790.119570709762 797.072840399513 817.106259462019 903.352284534152 651.783797391835 695.765193130518 974.40666117801 708.01603384454 753.010239407457 891.335343049906 842.024481070636 672.061493853555 796.197385377969 901.406849013347 963.48435919787 761.407408650193 861.735846013999 740.989988380068 676.787166866634 904.958089673861 721.437433099014 771.017480463148 778.859514594973 765.12766492573 746.879427235586 800.299984495364 736.33412716638 725.866940980147 737.178384921685 638.537187581989 711.937575389435 785.321132260449 921.991805369282 837.0424946889 893.159353108909 842.224131120036 872.687376101935 897.11367840397 770.306511842387 725.934603167656 709.002829626551 803.242788073622 823.023934698927 802.801789490329 851.615535186691 834.980366972102 744.681159053195 752.238675744172
377.406501743828 435.02127612393 363.182308607801 409.030990859881 453.964323627195 509.440107745507 360.03114131486 406.870177110355 440.086084270298 340.149210624226 400.090112080398 460.616478982869 422.780345554459 424.056086834552 401.150850353367 387.460686341055 429.032959515082 389.685321521343 369.068419837437 383.728636799006 420.391198965407 441.563589676181 399.760319050168 405.295589794877 423.373650458499 421.986744929054 428.785867359643 438.017785149361 384.764517156432 317.024250026687 489.294874141643 372.064310601735 419.45907461894 390.935648882266 424.332689922367 413.269750158343 456.599432547931 393.728221461871 408.909983333138 453.869914087761 457.788836896163 417.690516414192 456.040797531115 423.946965735158 426.636439248369 374.909962508544 426.86927630627 402.21607772249 351.760874970236 412.191893107472
