33.9485127245494 33.8450958138648 33.9038536029687 34.0466499894531 33.9642908990983 34.0251354828841 34.0424434551532 34.0234339757468 34.0159409252824 33.9013989146494 34.0422256157609 34.0944269564953 33.9694656230262 34.0904459246977 33.9510222135892 34.0370944983898 33.9560201894818 33.9511035277463 34.1037248893642 34.0258020117 33.931056587322 34.1896667575133 34.0666124199335 33.9995089575705 33.9206152000373 33.9879648084349 34.0117573187053 34.3186117313036 34.0704624904838 34.0013540323686 33.9053802067711 34.0832997994187 34.1370692810179 34.0157903907411 34.1166881934116 34.0236441878057 34.0083979404909 34.1510652180274 34.0577725217677 33.9694793368175 33.9491629536341 34.0136036953073 34.0318843762551 34.2460544842322 34.2150006615085 34.2486042323228 33.8906113365177 33.8954431342455 33.9893444832138 33.9170822770859
36.7783826387151 36.8114372935817 36.7841104216853 36.9252392372342 36.8738786699181 36.7943331482954 36.7703977531605 36.8537329856589 36.8769142459343 36.7534244394893 36.8591511010294 37.0281131616737 36.897678378278 36.8927825935013 36.6833881312225 36.7983518703608 36.6779284322889 36.8111454943076 37.1097963898311 36.7961820605546 36.8432397607087 37.0513216692731 36.9259072165727 36.7845601942164 36.7373671908416 36.7761131193719 36.9236266664418 37.1905271453699 36.8801375271459 36.9468142672157 36.7183610982705 36.9341901844223 36.8699375978631 36.8414847966094 37.0761475305296 36.7863771646127 36.9464475058937 36.9390955144464 37.0019344782372 36.8110546355058 36.7522346850255 36.992439918372 36.9854378200947 37.218243828807 36.9941138551068 37.1931843279151 36.5305160521353 36.7203240079928 36.7128216077199 36.7928778407254
39.1733434033202 39.2549414874255 39.1980996695736 39.3613256750272 39.2875671285611 39.2031678204742 39.1992574601401 39.2896547974 39.2972862700503 39.1395468299589 39.3123111851119 39.4468519212452 39.2857883444729 39.3279260840706 39.1264682496315 39.2739964824335 39.1226428970865 39.2456380550764 39.5623540888975 39.2402240826258 39.243229173123 39.4833643584326 39.3216895994592 39.2081894611759 39.1705854895918 39.1925662784517 39.3530691807473 39.6726714361931 39.3419177807607 39.3662233886134 39.1427854191864 39.3680156760099 39.2998142674702 39.2846912660565 39.5059718009626 39.2674081488773 39.3669361771207 39.3671161661203 39.4158106583122 39.2238837000074 39.1445116280621 39.4321539461182 39.4268357601241 39.6742497505347 39.4898717024579 39.605029707257 39.0054936750758 39.1267404013922 39.1385269399818 39.2549867418727
43.1429146539826 43.197238191987 43.1557911241235 43.3256447281316 43.2641880280513 43.1745976794256 43.175324868467 43.2540254645075 43.2719162979056 43.1084233431983 43.266655395354 43.4238997734621 43.2338216114575 43.3043107601327 43.0635235544282 43.2390986950233 43.0777764818499 43.1881978363042 43.5634160191904 43.1929260213311 43.2206130223485 43.4988191676022 43.3079685766345 43.1349432827337 43.1310170358876 43.1690022749545 43.3208036429654 43.6909790685326 43.3308753471189 43.3284792622104 43.1161815108118 43.3409309680628 43.3060772294867 43.261443788215 43.5163653976394 43.2044582946624 43.338280677286 43.3306328151716 43.3616533310719 43.1990304659886 43.109066111634 43.3747658697391 43.3881162581681 43.6899276242842 43.46590770035 43.621563554181 42.9589433140073 43.0889328325099 43.0654944686762 43.2417238837424
48.8649059254009 48.8961414064117 48.8781077691634 49.04459401542 48.9940659056626 48.8913441303154 48.8800589025861 48.9419424203167 48.996930174814 48.8207088921466 49.0016321024851 49.1464878184374 48.9314138224508 49.0325269513316 48.7831276242023 48.9759628526207 48.7914591620208 48.9309266811985 49.2746817185182 48.9169284825972 48.9297249972577 49.2581114201302 49.0328733921846 48.8513073400912 48.8481376875484 48.8917699864725 49.0284261594744 49.4626428444631 49.0611991717237 49.0586793716737 48.8105028698835 49.087045673598 49.0395926712299 48.9851032720463 49.2642707401533 48.9274486205719 49.0848240677957 49.0808576148819 49.0786405924254 48.9339298549583 48.8117593226812 49.083872652384 49.1228955011534 49.4523641484871 49.216350749801 49.3770074366163 48.6653479370196 48.7690457818573 48.8026299202827 48.9217365775599
54.5384988845781 54.5655050248963 54.5553257440158 54.7693138903651 54.6997579095077 54.584795133856 54.6234981721142 54.6439460165021 54.683039553606 54.4785974996657 54.6957123359784 54.8590231073465 54.6376004385479 54.7669707291153 54.4618479142451 54.6880160785065 54.4643920324201 54.6254336481887 54.9830817522116 54.6023037537117 54.6088632814557 54.9896134906976 54.7320108045208 54.5468453022342 54.5396328264113 54.5710446851087 54.7136288274236 55.1891517738896 54.741896806755 54.7560829181348 54.5016371498902 54.7865725516996 54.7705059353418 54.6961418520895 54.9414921889588 54.636017968514 54.7399686879799 54.8041435718873 54.7991917570588 54.6186430622878 54.4849738775958 54.7986747489071 54.7986971975087 55.1627332774433 54.9515348667445 55.1013723111016 54.3254309886459 54.4766370427757 54.508530783411 54.6004993636365
5.78027032733699 5.76394720457821 5.78510976997561 5.7904880729041 5.78685334689402 5.78799317504857 5.81016797392679 5.81635269441762 5.79350043499535 5.78666722717465 5.80222408559551 5.80334471677076 5.77431354318564 5.80267632799774 5.79031305647803 5.79294158384231 5.7966429840353 5.78810140032554 5.807351052747 5.80695236869863 5.79886091673376 5.80923843063162 5.81147105440165 5.7916261325144 5.77641946866213 5.78794253122094 5.8079835266816 5.84674280750443 5.81411010329272 5.78862224903598 5.80239894044622 5.82871543695977 5.81569839520982 5.81344502047225 5.82398526070466 5.81216800495787 5.82642937662713 5.80802805620762 5.81663324841883 5.80153278792006 5.78445578787415 5.79345299217291 5.83248551050693 5.84792444022889 5.81327024159495 5.82524659310365 5.79505084223078 5.76778130353299 5.8016114348833 5.78558042319419
34.982010511411 39.736878417055 38.8688781980392 37.7287226036232 38.6224353009473 34.5079105228511 35.7052542454868 36.495993344954 36.4417930923125 38.0653579484301 36.1425676327291 39.612417570333 38.4878113071113 35.5395746568887 32.6046584583754 33.695623294975 34.3832637774615 36.42504758575 43.8026426620139 33.450472897608 37.6444854344943 36.3119149406715 35.2170593616865 34.751863409894 34.6276865167307 35.549643812467 38.91280173698 38.1256252578864 36.4387653324455 38.1823526561385 37.1723312182963 36.1135735389812 34.108309572646 35.2679857937533 40.3930323769149 34.4751275219119 39.4616987610405 33.8939221138063 39.5449271597705 36.8573011001463 34.1764823595104 41.2269763814354 39.4094342727187 43.6480165699778 33.4651553007548 39.7692283099798 31.583656407203 36.0749169752305 31.5547944077472 39.2503862802489
25.139614915687 28.0455041440597 25.9386133027173 25.7230093692618 26.426545751511 23.4311037412643 22.0721530070772 25.7427373493278 26.6566383948854 24.5583546774859 24.758317464121 28.2288680814332 26.7988557179597 24.5625371275673 21.4338322314429 24.032848342702 23.3939724037586 25.2180055940336 27.9683651304455 23.5869556640855 27.4798688495177 25.1802788465759 24.6928574730322 24.6368814618926 25.9308511174793 24.1008017207426 26.5037951647793 26.1190220196205 25.1657226083121 26.3202444055592 24.09852262345 26.2350901999064 22.6800093582689 26.1981843953166 27.1285927955669 23.407471422728 26.0961829000558 25.5052399036797 27.0221943098918 24.9986658393408 23.3639490339206 28.7850238977112 27.1548556808363 26.9868408091694 25.1224936355852 27.2057031026329 22.6827459507543 25.6040705183304 23.8545420243025 26.4248612339839
43.5413604705078 43.7324441946932 44.4636086210924 42.5227779901757 42.5340338483984 41.8156447794923 44.5725047026786 46.4462201195806 42.4282864084663 43.5900162173519 43.9226475294231 45.8419822999184 40.822090316837 40.5914932426432 43.6869016200513 44.244224053734 41.4694758492114 41.2939591253503 45.7839865051622 42.2995097835274 46.6917613981137 40.9093893170068 45.6432045709592 41.3580040104362 45.8243486566979 40.6554309176535 42.3822097040762 42.4475753576304 45.2949264398775 43.7572986052991 44.5333961973316 42.7378038994364 43.1254028685716 45.8104939504886 38.7974489075796 44.8979207112082 43.7434703178862 43.2789887951052 45.7530450859511 40.8530377302805 41.787695461541 48.365814035889 45.6797361957449 43.000214208228 43.3132191157979 47.9947916240168 45.8092881143203 44.3028831356797 42.9324099451073 45.409974248594
16.6481489622434 18.4901525938958 18.0940404476489 17.757797259405 17.3353323004681 17.1246716223048 19.424174501271 19.7189081215718 16.8775766511712 18.692146238944 17.6644717719109 16.8826083458817 17.414861747482 16.7314806967224 17.16337455512 17.5574223441828 16.3465480057475 17.8634186224721 18.6351361280663 17.1493031783352 17.7854543127989 16.4132184041674 18.8045019629334 17.4222920717902 18.3556337035062 16.4427217708529 18.8945678850442 18.0549694355564 18.4124153480283 18.0958954775763 18.3129779237564 16.4344120600636 18.1311988386222 17.4848378632563 15.074385428169 18.8724821489144 17.248087043491 17.8554296684847 19.2997156171364 17.3568705434482 18.8213957049605 20.8890981877122 19.6216636758216 18.3642889852925 17.3814291939636 19.99701417989 17.8110198077317 17.6745296526675 18.3416596056716 19.0021950684323
11.2613483243324 11.7703609596091 12.1160274493773 11.7438248401512 11.4528216480455 11.8618142706168 10.8551447194263 10.9341057124312 11.2987502661683 11.4075628702263 11.309229807686 12.740257722698 11.8082672095669 11.6081469546572 12.239512423296 11.9511449958724 11.3330713244118 11.4086708262779 11.6963364003229 11.0086697620855 10.9682601781631 11.6041525054881 11.5241450203569 11.8298259973661 11.4618877099708 10.613716840537 11.7631406431225 11.6082630321693 11.5228283558374 11.4932065676677 10.6624311719498 11.1110854173398 11.2321126340396 11.2856336697077 12.1596098397427 12.1270765217911 12.6638934725586 11.8516306673424 11.6266013935719 10.99175253306 11.1519465509018 11.0880956886742 11.569353459506 12.4027104856299 11.6246710402195 12.2989173080504 10.5272676229914 11.3410058681873 11.2512960489504 11.9722712830265
15.0820779678945 16.878949972921 15.9781444816983 14.952610427918 15.5863507343179 15.2682163680987 13.5733456305219 13.7733549667772 14.4021740304238 16.035794001933 15.4747449439067 16.5225369863727 15.4720395406937 14.4781372240172 15.1198106794786 17.4482877431946 14.6041646238833 14.5635837609917 14.9892761862829 14.078114358817 14.5591010877001 14.6203621517656 16.2315667244071 16.3604728722957 14.3069253345883 14.3017659653623 15.7888604801978 14.6373030789828 14.4303827121942 15.2384305237111 13.6033635446974 15.2105502548092 15.4510842428125 14.0430459597627 17.735005559618 15.7973977546946 16.129812871495 15.4620726553916 14.3344785688124 14.5239412116726 15.5383249879843 14.8300365733698 15.1666757228059 16.8048879207467 14.7437384793771 17.4526315357024 13.6574843584773 14.0226243182486 14.6959293676948 15.5724503681105
17.8190220382432 20.4181252847551 19.3283396533454 19.2318486433796 18.4868893335358 17.9347043175145 16.3497886138529 17.4547811156364 17.7153276137282 17.8732240018481 18.6743762507892 18.9741558378636 18.9639412761253 17.8883503402261 18.7568637815931 21.0288753535283 18.658866962612 18.3164586763734 18.6269161380592 16.8914565179024 17.5441564407585 18.4210314224271 18.2951633307958 19.0399928477037 16.2338469272132 16.4467554712169 18.1393084059392 18.7948860288729 19.2308425906682 18.2387011878763 17.3292634260111 17.7371598544857 16.4872710339725 17.4366870991844 19.5265691359037 19.8964086651573 18.3552322108052 18.2544660338968 17.0683704591145 17.7440015169546 18.2022748871791 18.7407346537558 19.0854877109802 18.5737352517535 18.1002762978655 19.7689315925754 16.4652365837482 17.5971321261276 17.0738935300028 18.6247197671537
24.3246180360949 25.0486830980863 23.6533265111119 25.2722409205462 24.4613486826253 23.3784376871648 22.6699449101042 22.6867753099823 23.6036208602938 21.7696739287845 23.4828790106058 25.5534089079573 23.938291934203 23.3470302224728 24.4402352205894 26.4026631636191 23.0767050408389 24.4949131762893 24.7278308120894 21.6888124835125 23.7926736454711 23.8766488671161 24.5823316646238 24.0938223396353 22.0816700563521 24.2089430530478 24.4370879596043 24.5889598701091 24.2015171626409 24.520131894351 21.905935920228 22.495921869694 22.8969826684203 22.5827229697008 25.5776312426246 24.8496751065792 25.3232514427451 23.8642019284305 22.8010129004974 23.9773048154183 23.2307017658853 24.1515164231395 24.0679367124164 23.810411992889 23.9510379206772 25.5996544110916 21.8176382733095 22.9189451173308 21.6278750052733 25.2335793318967
31.8671741652862 32.2914882797354 31.5607287820387 33.0190584589859 30.4591583898842 30.7133856554896 29.2163210395339 30.6520521915421 31.2204827747279 28.0319411186574 30.563037167843 32.8899380154936 30.7483901192836 29.4630662295791 32.9397167489663 34.5600374915912 29.6493378590605 31.9991229193499 32.917651700471 28.2929692087481 29.9100230371919 31.0430167828052 31.2245327721621 30.3591321988524 30.0479172015997 30.3756255825685 30.3533115052865 31.7425919623331 32.4402996886393 32.0113474314483 28.9826493843149 28.750329265501 29.1703473806209 29.5367545024192 32.3570261307845 32.6209340003018 33.3466749899475 31.7713789402096 30.4388688854206 30.394703716751 31.0135783124546 31.1764597002238 31.2671689575318 30.735114590343 30.2978102279518 31.5764953313108 29.6490166194509 28.4708081294749 30.2375302072877 31.7863719917023
36.3144466717731 38.3706708268179 37.1735716467637 38.370472188595 36.8027271038357 37.3516240818535 32.6282817643346 35.0066406267418 36.9428268810838 33.5188650385644 36.6167667711714 38.0664746204969 34.8856230439179 34.8598713550778 37.7718178234343 41.2679932133845 35.1269533017958 38.1825984708785 36.9199528043074 34.648537252147 34.3935623004636 35.832651686459 38.3975966017954 36.8311297492051 35.7175849941426 35.0905231093184 34.7012665227911 35.4243474433498 37.1353837315493 37.7576637799941 34.3695877313477 33.4965904915479 34.9031554766595 36.2799713389082 37.0455414134544 38.3023157410446 37.8300368287293 36.8370065470038 37.4467308874147 35.8284049079603 37.076617982425 37.443377064457 35.496511936119 37.4468100394369 38.1856828518653 36.5782393546638 35.1393693988608 34.278122095985 35.339124083134 36.3481774124445
14.2779452294156 15.2246116349062 15.999851883925 14.1688260647132 14.7750911931383 15.8731362755337 15.7785953163941 16.9717058959923 15.9337437074129 14.4987555566163 15.763509783621 16.7206775409944 15.4986863168357 14.8177128702393 16.2771099712055 16.6209425017587 15.330406192558 15.504914952396 13.8261197121074 15.4199177101207 16.0412058697817 14.3981712846894 16.8658620198778 16.1909753770401 16.3173136401468 15.6639050222969 15.3827599416483 14.8384549102479 17.0622419198042 14.3451120318682 16.634383167986 16.7858047506755 15.8749009319083 16.7073104508382 16.9891034594143 17.0105277164634 17.2837820555763 16.6539089143038 15.4609941305321 15.8502926252607 14.8476093840635 15.4803036023197 17.0834542111796 16.2935100217424 15.6944345139899 15.8689017772005 17.1106909498053 15.7034610830593 16.4874370693001 17.0093999374068
-185.015907228295 -202.406487918812 -200.710272544399 -190.97236355241 -183.235931135523 -151.825609394035 -198.176507672047 -189.247854818567 -207.428085149088 -199.505789381695 -200.29827808437 -196.320688918019 -193.850243413417 -179.149644343188 -158.005479910822 -180.130460168281 -163.369968838902 -162.896106871225 -205.975444672294 -205.394497212543 -226.614386366125 -174.7524834346 -155.495318443216 -171.624739859367 -186.139433673514 -197.4609172754 -195.407091313998 -208.093033751423 -198.903647863866 -190.030409186262 -212.009944669339 -228.695038490563 -196.120742579865 -223.051171318562 -199.493333928367 -157.040410365547 -191.167107628994 -192.481361977336 -214.378234404136 -173.021720668641 -158.479909956014 -187.473068978914 -191.748087033956 -227.805985891714 -189.572122451727 -194.817798734153 -153.226717094058 -185.486429470532 -199.227205662247 -214.981746169572
-58.8454485938529 -78.6057849798768 -71.181969479547 -67.5019701748557 -66.4739688396156 -53.8648900749955 -66.0854159053071 -77.5728718598357 -63.680072211696 -75.5398740451925 -55.3047377196065 -70.7251468220911 -91.4023733114478 -71.4518111936058 -47.4614153467552 -53.3453252717349 -49.5109766163469 -57.1194828272505 -59.2092796367466 -77.2096397665028 -97.2500819208871 -78.3581555721701 -47.6106001394721 -89.6267540796717 -86.3785726909537 -67.8684986296641 -74.913012312908 -66.9668457298761 -75.8393171645204 -82.7015356154838 -65.1605274360597 -98.9508059200391 -76.8665489816719 -79.7836135366262 -70.9032648527826 -64.2093199426952 -58.652035917727 -88.6986782363911 -63.194882985488 -63.1357283068078 -61.3568962053278 -72.8341158452914 -75.815728638419 -89.1819607648958 -89.5231038996186 -68.3418266355996 -64.3455407474048 -63.7394328910227 -73.1447690560947 -61.5801796467755
-924.798566841391 -1038.65185429075 -789.089383581335 -637.67378721141 -911.677011185846 -702.27805029744 -1394.15654190468 -990.763625124477 -1494.08499123289 -877.62679573284 -1439.97063044821 -872.080899903819 -540.589388885492 -702.329537706548 -781.801294424513 -1577.97174898647 -815.875337686089 -598.67712127041 -1310.67975535902 -1379.89660574136 -994.077054047141 -785.755358309242 -1028.29189848163 -455.936163770322 -846.761994263782 -919.567636205731 -1255.77786363374 -786.109737356873 -783.142926371991 -800.030382933538 -1520.12109466929 -840.538586822934 -1501.72239438148 -1237.47796486356 -1233.59593105656 -660.264310402205 -1045.40705107956 -914.749686124392 -990.76462383567 -920.836777688525 -1130.50912703742 -1061.26967799866 -795.648602707125 -2085.89487272741 -961.955999017605 -1007.87085903363 -631.966995787955 -1288.19262837038 -1072.225421203 -1247.38160561656
727.525357751413 813.724549103605 867.50549312235 902.696224078034 887.121524516168 733.802179001115 763.294776179174 632.507113564717 700.375322753645 858.55970082464 801.465734705446 834.854621055505 933.177105466714 950.89295060082 672.870917566285 555.9365106265 840.919056388608 790.254042830576 882.975837569462 596.656408601093 750.038005495172 870.767925046427 659.139604420107 746.421987646965 644.534261552636 806.783819260322 858.680992723886 905.80127772913 726.298186253106 814.681153378581 815.384241420536 769.053787227481 619.0405838098 594.1971642148 866.996875370556 784.153687507502 819.887873461318 724.935573537016 932.820040052386 817.665708501535 625.129681147258 837.332298709088 845.245972065284 833.606978199746 643.91045710265 791.174301898862 606.272186462933 530.029800351537 691.990995196673 902.882718938627
-54.8486171617504 -17.3601320313699 -30.3049308207844 -59.1272405960054 -48.0605138931207 -20.870985343682 -63.8623065214964 -46.4015364402024 -9.81414558895218 -49.0681844529573 -13.3830940856725 -47.0863319511678 -47.9204458059201 -32.4290919234514 -37.216330306849 -50.0386081530285 -24.0726366398613 -47.6526382679582 -69.520206326844 6.76140377943234 -17.7495848663471 -55.0428719951885 -45.6627941961204 -30.4900276153344 -11.7778722964143 0.899938017308306 -62.1066952701633 -40.9688370472592 -28.903513113297 -47.523767802205 -14.6013300819998 -4.0361517286937 -44.3804483109405 -35.3706078421907 -38.3003458254291 -45.9202412144309 -23.0093437256432 -19.1959407741663 -5.33690958072604 -35.8337757130833 -22.0655810290225 -27.0318081684404 -45.1232545614942 -22.8845222087105 -11.7870241879742 -26.762036334642 -43.5913364679078 -32.5546950224531 -9.12010306213732 -28.2562883048636
-19.9885489035948 11.4639146223466 -1.30541929055311 -27.2107988555125 -0.194259374787815 0.180210810372404 -30.5074797969763 -21.1133924728654 8.53413489914978 -10.5057880417762 2.67940482041285 -16.5788885920697 -20.2941144598071 -4.85782967919017 -22.7464524251075 -21.1793407612114 -7.58848365975902 -18.7333780786976 -34.8354195926924 14.6688791350483 7.74148622169826 2.34045836017311 -16.6644476135758 -6.28561906158524 12.4553237203489 2.82150280431659 -26.3563835129699 -7.1744196368716 0.491003151011846 -19.0502795552908 -7.42248743302313 25.1846150326083 -12.1343993689256 -29.5185617393271 -6.69699843826325 -7.47658814332619 -4.86777650468169 2.33242955246345 8.49243510447228 -0.560168953604093 4.12728901440154 4.55189312073159 -7.48311819294142 1.66206680891441 19.0208539081091 9.50620223769774 -9.37600809547241 -20.5644695891002 4.52519860684209 -7.55241451202093
-2903.26009061907 -3813.68732974042 -3223.43598421812 -3257.59110409748 -3514.0989756191 -3173.33100674255 -2356.32469340411 -2818.69436938916 -4003.97500020849 -2453.18349545101 -3939.38362097027 -3309.83389335866 -2854.21121940292 -2578.03902847322 -2816.07398659627 -3337.23165377198 -2569.85190184212 -3275.25471783811 -3230.47073097612 -3058.3246389811 -3310.43179629333 -3383.39183606147 -3848.34951272128 -3295.12152840703 -3465.077391481 -3399.83958581263 -3031.84394022012 -3082.60018540239 -3261.22231374112 -3444.75844656581 -3290.56501552352 -3139.44971011675 -2503.89475043926 -3242.00285558465 -3186.68216637751 -2830.72057713226 -3333.01686000489 -3330.94309441383 -3733.64937634033 -3165.71924685642 -3265.91765197554 -3604.22672964554 -3184.45023209296 -3121.00585773256 -3536.23409388262 -3025.13556137854 -3014.42923174843 -3266.82641053311 -3381.44612027318 -3466.76744435967
1214.96936288426 1224.87876599228 1085.08708487167 1151.68774842961 1098.40160342599 1272.31380484566 1143.74721862777 930.774864486727 1199.40351632894 1319.85970080592 1078.60029656655 1341.30948105705 1397.91237200781 1332.52070353886 1090.58014416379 1169.69579322635 1157.18270382822 904.874924827919 1195.40088008509 1097.48704584319 985.469285870336 1079.63139515826 1029.56018705095 1326.56816827887 1022.94405527156 1064.27810359953 1191.3826126865 1303.51625123908 1201.41477842266 1069.8537762833 932.380154870366 1224.2958053315 1076.74034837117 981.453635265584 1534.5912947556 919.071013559286 1303.94247776788 1082.50993980107 854.621289235476 1104.0810385421 1067.99348248678 1113.17465848941 1135.68706311233 1416.05176188634 1152.72360562856 1346.30411889528 924.645158080063 1103.69920411744 1003.27609182589 1226.46443901854
85.2972834529378 114.769225155907 115.472592718138 87.0817489513909 83.6718282380674 76.4158557080112 96.0374782414171 75.1755532453605 21.6517948900567 148.669960868191 80.1019678590314 89.6367397694425 152.859677120873 104.196541171073 68.0842895894448 92.624388860103 95.3583844355434 60.5968836967187 85.0616587423432 86.8550765338521 99.6161081065473 64.6784882934894 58.9934500334757 136.73922827711 74.4394788086932 80.9732888810781 89.8766223097173 115.972873561658 87.9620688014791 91.3826343037784 74.9002155835756 142.34743078757 118.796091297312 82.1746193245187 143.293695036682 74.3167207176174 81.5013669848992 93.3747280850389 58.996052131436 73.4418047953432 96.2096703841284 70.0947870097121 93.8812562211541 117.604354506042 75.5677010681926 148.582229443614 48.5969344549399 52.8353736208817 76.0389215704083 100.296939719556
51.4705019914179 44.6807810861506 48.008974833674 27.931996591657 31.4097707562296 29.1696029556853 39.9979986616737 45.7307784449118 15.2275960184896 72.0561915750746 16.5010169662256 54.1074793122025 78.2470140053238 49.708884533142 13.627655810188 48.7546513523151 33.7579663549444 5.54397254636564 14.2793294952223 42.5789613561152 63.8482294416213 37.5088902820346 2.34517713799452 70.3974194727165 54.5830404719659 26.3847194201174 44.6908847993801 31.3955202117957 21.924525723309 44.5950524107516 15.3993291792844 91.1562460621865 71.411629839756 46.3902854734731 69.8620649289866 35.517070663666 25.9291969726004 68.1985718311451 5.49299600542943 31.8119641528915 20.6082163095893 27.3395498717853 38.5308429030555 63.3814815004109 57.8278203884828 63.1615911499858 35.6526498919308 24.0805715816826 37.9591328921981 34.3525476706677
11.3727206251576 12.1415144132663 9.62206375377571 10.2929367927386 10.6657793681644 12.2067768642475 9.982816135412 11.0686839746334 11.9520336220113 10.5913957090944 11.0882464640707 12.1216012272419 12.0061536604666 11.4710489830566 11.5334483224739 11.1743036247862 9.85759596984357 10.3153615298055 12.2503298330287 11.0421084532178 11.5126224322562 11.5869708657562 12.5346651814791 11.2063893854403 10.378318218381 11.2548196493129 11.8472613927703 11.3830770447756 11.7568366013104 12.0353839137556 9.60127218911856 10.5107101948313 10.8384240526152 10.263488124764 13.0508737902723 9.80839285570528 9.67162714180428 11.7520354568336 10.7783423275378 9.99252608139659 11.8089168554179 10.9142927824665 9.80899432836523 12.0114268909487 13.9217692653137 12.645679433875 9.76253211839291 11.1212055517661 9.39180230399487 10.8580366863603
76.8775208189002 108.732807153513 82.3138049102528 90.8552853366015 73.253358326431 62.449490911656 101.21662779002 65.6221897911528 34.9940928552235 117.481938265707 78.3812893319863 85.1739797987356 125.459086598943 90.8092613289054 83.1604842667417 106.450410445525 95.4133262307033 39.8690037428368 86.2304664986496 86.325416639844 88.6178862479215 66.139048495323 45.5517871280049 115.271046216469 44.2786188388077 80.5191258646128 66.1223594932119 106.404453868299 115.317605435005 66.61245735997 62.8551887580675 123.915940257754 99.7378129091123 64.1997107112951 129.65046963438 65.0452770893015 61.4032707750734 87.7869899718869 39.2034178298609 54.2717162631857 79.3628067282041 79.1470221089593 90.9231720318333 111.475262944223 90.4956560009813 136.530489924417 47.3963194249844 62.423189343305 65.9599771744907 85.2981883308058
52.8830622310671 85.5574815403311 64.6441469570426 64.7774022937274 60.9961802784665 50.8821275361207 51.0306664560726 51.868208026131 35.5522703010281 87.0160625203071 55.1519586192222 61.4955074671316 97.0917041793878 69.4070844677335 48.2894988755802 70.637346143996 60.8071871318595 39.7645494942386 56.1429357362804 53.5146126551286 56.7186208240787 72.212043043735 32.4613535542855 103.87665179755 40.8229575546527 55.8743566742592 59.9100771049612 52.8317362144423 63.6802216472366 66.6785388099534 46.5914881203563 94.8470342979233 53.5811460941957 50.7121514654159 84.4158240447186 55.9141982500896 40.2098950453723 71.9753887094057 16.7189095631321 49.1706377654013 58.1533279939011 61.9878981271609 64.6381388227898 76.8801992947851 73.9420069140796 84.2578227981248 31.2390923554004 47.1598764750433 43.0297278684698 59.9718246640144
12.4836221902828 12.3883310908654 9.78235308332514 10.500952270448 10.9546916681839 11.8687964168095 10.5325967167393 9.31190967583378 12.2048327481984 11.7271268310315 10.8695388980912 11.8134200407455 10.659126196093 10.1105998635909 10.3902815432952 9.8356892835239 9.87495223951751 8.60711982886403 11.9017427702862 11.4418316544916 11.1430521655809 10.8840238966605 11.28210012898 10.6691314833756 11.4435403814046 12.3679197387365 12.3317475558233 11.042288452676 10.9357568033705 10.8608623918541 9.52359394513989 10.5457128689505 12.5663968300341 8.90394714902683 13.4275626781514 10.4003057031468 10.595804704352 10.7092769117557 12.6964064569807 8.85057170326296 11.2500768563064 11.3489583621386 10.9220038144612 12.3399149296365 12.4278322993095 12.6516328080817 10.2083512557547 9.88621248231801 10.0614020594392 10.1504531822329
107.506064127115 91.1707829540087 90.4540465316909 88.9181055408198 96.7115508599557 68.5996429430471 100.864307745117 70.7327384798939 59.5767468980474 96.073244808519 107.937402050838 135.337517387004 136.9393660578 110.770567895551 100.026718034511 108.694077111882 74.1220079153711 99.0909133905473 103.999266362265 74.5682891360585 122.308182607773 87.4306565367924 67.8591169318667 122.646541841423 79.6016371457317 112.606373908519 85.6767434128303 111.630428583366 98.7908398666267 111.243003176772 59.406332973834 106.293059107742 72.995541336136 94.7815376858372 129.260942662635 57.3588837394648 76.7055586828716 94.5530274120252 60.9129900534371 62.9063676681391 63.6026633465676 96.8972506906192 112.524254269876 96.7194608001617 131.8522775421 124.115088940254 46.1327033624057 75.1983901930079 64.0170185085644 94.2243418459442
34.1674175955171 33.3913306989538 22.2338533215685 33.3059721903023 25.6807117385372 35.2974207008217 36.4851536535211 23.1610936220063 12.6645127176461 39.3163666435684 44.8311107750725 49.1359919536207 80.7972059959074 40.9945243829372 43.2250797714886 37.7919872198689 27.7852138437724 43.215243012854 35.5878400720551 20.5174634105801 47.0336971443588 36.369406592581 22.88118251526 71.2931953085176 26.169669985386 45.0945298510557 38.2902812892782 30.4409020564259 30.9047892442518 61.1814869932045 8.60633915552813 32.4516518217941 24.5112472880922 37.2733734058041 55.0718785800185 27.4795679980528 16.5130956165024 51.6475562981262 -1.40868909643903 23.6459270369253 25.6947430678945 42.3214643838653 40.6839803338605 53.2346984585658 65.9915280158473 49.5458929351548 11.8386527738072 24.4214577885988 4.37002466252438 22.9471307866035
1.80965967717775 2.47392670419629 1.1964122603535 2.01913944014289 1.50412340880866 2.66236552423636 0.957673340072275 1.21074199553346 2.25178276038821 1.83115128573451 2.13610750189166 1.92924209537191 2.68448842607645 1.89962400460843 2.00134119342039 2.55089465686806 1.3999008142545 1.57686158314423 2.5939676329559 2.05364166289404 1.37977466769953 2.11577149576103 2.22354781992662 1.63061196877016 1.27540836188525 1.60724689093815 1.86154191093603 2.04141384235437 2.13055054262194 1.66846207983901 0.837312150417652 1.15444603692907 1.49664065453205 1.34659994808346 2.62995039685677 1.24708166378103 1.2369115757028 2.11345164895404 1.27638337964677 0.588547090317871 2.27442572518676 1.62041001329513 1.32460499657623 2.59513354122936 3.26242494010394 2.43954460639695 1.35147552525995 1.80757057549242 1.27671143060724 1.90742054162971
88.5556392033093 98.4227277103858 78.6763622438364 93.9738017210247 61.7669556931289 62.0021732724017 108.275951297441 78.500883847507 83.6323402373351 69.2520603271377 92.345821269317 120.97153975758 123.666736122234 85.2810910135384 110.615080390689 84.826460597439 72.1566696819095 70.4537926902201 121.905152045597 61.6353198692447 110.122165562068 79.4311010134653 64.9778516523894 78.4477147705563 73.647202896868 109.270634833871 63.5889774084338 78.146116104029 89.7256784087271 86.8864806396908 66.3222895556612 64.4444344481276 72.1485620788753 103.070254291781 89.2485578992217 71.4351432005038 69.3368794774403 105.601184866721 95.7088387247688 40.8264848118578 61.1779014565641 80.9412449611898 97.9573193055144 93.105094484182 90.2622766283932 70.9254466108932 61.7405869225586 54.5184762211995 84.3740997212792 84.2930934717439
23.3024468896449 43.1204953738078 24.922431344276 42.4403274323532 17.2856692866945 27.1089492818673 42.9493953073678 37.6846270160551 25.0139891736236 23.6768627142101 41.7390215039396 44.0098670125695 74.8718599945537 33.1571160836558 45.5476600580571 21.7218046343713 27.0933610295202 24.2148382588561 44.6651321983686 14.3426204566769 39.8511798229487 27.0055742015492 26.0511716122484 39.3133292781473 30.3981196896458 38.1871943254957 27.5669005940138 21.8042027449049 32.3208139417186 42.0893929464309 11.5207857484968 15.3229523417669 24.4494829302125 46.0187170437195 39.7636411481726 33.1294241028212 16.5822759522262 53.3489162722925 23.6869071013249 7.28412906043329 26.5986062192179 39.347529885142 37.1534935093441 40.4832169108224 46.002281099278 23.5319322284269 17.8882376803723 11.7864849915225 28.4977925276773 20.7952661072931
6.95875496411723 6.93906779971532 6.36404099103497 6.5617818046264 6.68295399369923 7.24208608622612 5.83778215735375 5.86198201647616 7.3740427922062 6.56352043696937 7.17344741463386 7.07327908463577 7.01795762836714 6.56162341916518 6.79021962781546 7.48762837370868 6.18276378864306 6.62273490982352 6.9865896109824 7.12475666641265 6.67581764368671 7.22935681778524 7.10504228605599 6.71855811336725 6.72156097278204 6.84855761833346 6.50042261834893 6.86546171112532 7.16371204147817 6.74806186090909 5.76711141614903 6.72643254558196 6.91814163672241 6.37990956115986 7.49066125932305 6.46416551000377 6.32585075980663 7.15815553424997 6.1377089881228 6.07558319562162 6.55012591140154 6.16727433085893 6.74521977341623 8.0876583208981 8.42108885730601 7.51524646649559 6.16034915521131 6.44902864872519 6.25781076240225 6.50947601050035
862.125605016446 922.163048240519 911.539822892888 914.683929577191 934.541440970081 870.517147996534 845.714627917306 861.044087183906 1047.71681023147 845.784367746288 983.166179485316 935.53997509635 779.775331925687 817.434336610084 794.719642417018 940.543630009339 807.639649558223 847.363976464556 1018.92706644021 917.800746614487 925.977921235536 925.204767278967 906.21540838494 782.302475939535 854.696461594784 934.616867112259 914.560233614694 872.209459998609 825.368331180354 889.716646704434 1021.76986644783 882.10911200811 878.264287620954 1019.11730132256 907.380195569703 804.404508199752 963.638570531771 866.627073372994 962.144327880562 895.927037195775 849.754594461857 919.509635571815 848.043095313396 1056.84674824518 858.200751242013 809.256513082169 850.347451010482 926.337249541418 902.709135885982 951.586234457928
485.966819980178 600.97516145119 513.255991718908 548.330494301067 558.873082532748 506.968105705037 446.988499370436 531.555438098783 598.547486623492 465.286328283902 550.929635603851 546.096262326275 511.172860082831 465.734238674133 431.179514246703 550.629610197106 453.507924277704 538.626522162282 549.079354737311 532.980522635971 539.658478374269 549.494575382357 563.026325574001 544.530271712173 553.904935718589 531.621191980915 538.445739249843 505.150646535101 504.423043054644 538.156465088259 541.21025279234 519.932848616883 481.004198414731 592.813913914498 510.148931404713 471.443585478261 524.355347449982 546.809039415861 558.469210890554 530.77842179537 551.592304920702 556.642764143648 517.508542933283 556.326768683108 551.004297039406 457.654638807047 512.194922354534 576.84192928744 548.062390044764 509.574479896891
