  economy_id district_id expected_hires capacity belief_expected_hires
           1           1   3.3148097207177214        17.000000000000000        4.3330153770523934     
           1           2   3.2857735195421949        17.000000000000000        4.3325864523431230     
           1           3   3.4346096351443638        17.000000000000000        4.3342908834360969     
           1           4   3.3246524416942500        17.000000000000000        4.3330153770523934     
           1           5   3.3106091520656769        17.000000000000000        4.3329273825785917     
           1           6   3.3146838891244892        17.000000000000000        4.3329273825785917     
           1           7   3.3274324680236891        17.000000000000000        4.3335874149186404     
           1           8   22.430872095065375        17.000000000000000        15.704368603514853     
           1           9   3.2661656841775351        17.000000000000000        4.3321464101488827     
           1          10   3.2836839869050110        17.000000000000000        4.3328065018202988     
           1          11   3.2758786613257662        17.000000000000000        4.3328065018202988     
           1          12   8.2918176027579520        17.000000000000000        4.6549308659797122     
           1          13   3.2912611976128341        17.000000000000000        4.3331851810470106     
           1          14   3.3589335756328804        17.000000000000000        4.3340146913832962     
           1          15   3.3060981979577693        17.000000000000000        4.3329273825785917     
           1          16   3.3064119713893838        17.000000000000000        4.3327891228665916     
           1          17   3.3150800161597349        17.000000000000000        4.3329273825785917     
           1          18   3.2967386512394787        17.000000000000000        4.3325251181354831     
           1          19   3.3129695426576182        17.000000000000000        4.3331913750808582     
           1          20   3.3078257644029492        17.000000000000000        4.3330153770523934     
           1          21   3.2848845519897307        17.000000000000000        4.3327891228665916     
           1          22   3.2947737641413606        17.000000000000000        4.3325251181354831     
           1          23   3.3346124626098352        17.000000000000000        4.3329273825785917     
           1          24   3.3328167705606990        17.000000000000000        4.3329273825785917     
           1          25   3.2672024778257303        16.000000000000000        4.3321464101488827     
           1          26   3.3050355203224857        16.000000000000000        4.3329273825785917     
           1          27   3.5249547269706296        16.000000000000000        4.3444890497938369     
           1          28   3.3183841896077233        16.000000000000000        4.3329651411562020     
           1          29   3.3810360463039877        16.000000000000000        4.3342485885878217     
           1          30   13.349724550595896        16.000000000000000        7.9930959025127013     
           1          31   57.977648155769259        16.000000000000000        52.174211038748204     
           1          32   3.3232651428873887        16.000000000000000        4.3329273825785917     
           1          33   3.3152230488904384        16.000000000000000        4.3325251181354831     
           1          34   3.3098651990943537        16.000000000000000        4.3346878472942665     
           1          35   3.3361944853314980        16.000000000000000        4.3329273825785917     
           1          36   3.3173608362402911        16.000000000000000        4.3335874149186404     
           1          37   3.2921960500931009        16.000000000000000        4.3326131166856525     
           1          38   3.3585499703833741        16.000000000000000        4.3334426816824481     
           1          39   3.3098198987212366        16.000000000000000        4.3330153770523934     
           1          40   3.3503790723021050        16.000000000000000        4.3334426816824481     
           1          41   3.2790644812181706        16.000000000000000        4.3322344125338477     
           1          42   3.3109785123166606        16.000000000000000        4.3346878472942665     
           1          43   3.2986122178909381        16.000000000000000        4.3329651411562020     
           1          44   3.3338486530129003        16.000000000000000        4.3337946725153174     
           1          45   3.3839444678372574        16.000000000000000        4.3330858998044350     
           1          46   3.3950983589351380        16.000000000000000        4.3338966161814101     
           1          47   83.930150024905217        16.000000000000000        73.438526443341530     
           1          48   3.3412033989422993        16.000000000000000        4.3329273825785917     
           1          49   57.935975685414405        16.000000000000000        56.097603183419352     
           1          50   12.878098845695389        16.000000000000000        6.4206857449571233     
           1          51   3.2685555352877502        16.000000000000000        4.3325864523431230     
           1          52   3.3915206658035477        16.000000000000000        4.3333498917755149     
           1          53   3.3082723084241787        16.000000000000000        4.3329273825785917     
           1          54   3.3663110698806222        16.000000000000000        4.3344685959396498     
           1          55   3.3507884185830497        16.000000000000000        4.3329273825785917     
           1          56   3.5178939198981141        16.000000000000000        4.3444010417199488     
           1          57   3.3105081746893648        16.000000000000000        4.3349079905550347     
           1          58   3.4686384261692154        16.000000000000000        4.3342908834360969     
           1          59   3.2966162607671587        16.000000000000000        4.3326131166856525     
           1          60   3.3183630093464189        16.000000000000000        4.3329273825785917     
           1          61   85.353275960466220        16.000000000000000        74.738879994161721     
           1          62   3.3292067924298729        16.000000000000000        4.3328065018202988     
           1          63   3.3346070157381411        16.000000000000000        4.3342347291742609     
           1          64   3.3090807328968115        16.000000000000000        4.3331913750808582     
           1          65   3.3205819934947542        16.000000000000000        4.3325251181354831     
           1          66   10.262994740777570        16.000000000000000        6.3211241542463439     
           1          67   3.3072699993750123        16.000000000000000        4.3329273825785917     
           1          68   3.3073558947294397        16.000000000000000        4.3329273825785917     
           1          69   3.3576083881231855        16.000000000000000        4.3337459308165611     
           1          70   3.3256384314491041        16.000000000000000        4.3329273825785917     
           1          71   3.2906555390331489        16.000000000000000        4.3331851810470106     
           1          72   3.3159672055358342        16.000000000000000        4.3338074635419703     
           1          73   3.3186160504242235        16.000000000000000        4.3329273825785917     
           1          74   3.3091408873843910        16.000000000000000        4.3329273825785917     
           1          75   3.3624382416254943        16.000000000000000        4.3329273825785917     
           1          76   3.3111355189096994        16.000000000000000        4.3333673852180610     
           1          77   3.3669884977498636        16.000000000000000        4.3340725963300830     
           1          78   3.3424825217312417        16.000000000000000        4.3334426816824481     
           1          79   3.3222328780328727        16.000000000000000        4.3329273825785917     
           1          80   11.432996039211119        16.000000000000000        6.4117265096329596     
           1          81   3.3072215530748434        16.000000000000000        4.3331913750808582     
           1          82   3.3277422364306739        16.000000000000000        4.3329273825785917     
           1          83   3.3631969855692523        16.000000000000000        4.3329273825785917     
           1          84   3.3498362769095600        16.000000000000000        4.3330153770523934     
           1          85   11.686883097696857        16.000000000000000        6.4117691421172722     
           1          86   3.3683711112926198        16.000000000000000        4.3330858998044350     
           1          87   3.3601602344890562        16.000000000000000        4.3353352020303628     
           1          88   10.195681535525072        16.000000000000000        6.3206203555796883     
           1          89   3.3169500990459229        16.000000000000000        4.3330153770523934     
           1          90   3.4193330820931283        16.000000000000000        4.3342908834360969     
           1          91   3.3993634204480037        16.000000000000000        4.3331738941011757     
           1          92   3.3311005422149864        16.000000000000000        4.3333546915419294     
           1          93   3.3640616321471426        16.000000000000000        4.3340725963300830     
           1          94   3.3104360432691569        16.000000000000000        4.3331913750808582     
           1          95   3.4052290903001410        16.000000000000000        4.3337459308165611     
           1          96   8.0117812010580387        16.000000000000000        4.6530882325009424     
           1          97   3.3163303087713256        16.000000000000000        4.3329273825785917     
           1          98   3.3134058925158412        16.000000000000000        4.3322872459104396     
           1          99   3.3151839251484789        16.000000000000000        4.3335874149186404     
           1         100   3.3119243382231072        16.000000000000000        4.3329273825785917     
           1         101   3.3549802377262785        16.000000000000000        4.3329273825785917     
           1         102   3.3838944158879163        16.000000000000000        4.3337459308165611     
           1         103   3.3102255614514560        16.000000000000000        4.3331913750808582     
           1         104   3.3079775005468766        16.000000000000000        4.3329273825785917     
           1         105   3.3087541930082587        16.000000000000000        4.3329273825785917     
           1         106   3.3231785230679924        16.000000000000000        4.3329273825785917     
           1         107   3.9455828598039662        16.000000000000000        4.3448411127812427     
           1         108   3.3486832665407578        16.000000000000000        4.3330858998044350     
           1         109   3.3669310151965961        16.000000000000000        4.3346886222148164     
           1         110   3.4189417607988020        16.000000000000000        4.3338086306476722     
           1         111   3.3216355712745513        16.000000000000000        4.3329273825785917     
           1         112   3.3096868055352386        16.000000000000000        4.3329273825785917     
           1         113   3.3664495031953905        16.000000000000000        4.3340725963300830     
           1         114   8.1280251507484707        16.000000000000000        4.6529938047059147     
           1         115   3.3658506383495337        16.000000000000000        4.3331738941011757     
           1         116   3.5550952417924910        16.000000000000000        4.3446650751488152     
           1         117   11.258339356984523        16.000000000000000        5.8577390313616817     
           1         118   12.000336069307052        16.000000000000000        6.3395231275613124     
           1         119   12.657802262265731        16.000000000000000        6.4210415310308857     
           1         120   3.3060309245768877        16.000000000000000        4.3330153770523934     
           1         121   3.6654815924324096        16.000000000000000        4.3456751580526749     
           1         122   3.3882156071200864        16.000000000000000        4.3338966161814101     
           1         123   3.2918340233918753        16.000000000000000        4.3325251181354831     
           1         124   3.3199686726592632        16.000000000000000        4.3331913750808582     
           1         125   3.4006329585118431        16.000000000000000        4.3341829243888217     
           1         126   3.3972311348842177        16.000000000000000        4.3337869048767592     
           1         127   16.784068647032406        16.000000000000000        13.940666196300189     
           1         128   3.3442419863554718        16.000000000000000        4.3351150696003433     
           1         129   3.3000110302722434        16.000000000000000        4.3334052398602587     
           1         130   3.3367902911692551        16.000000000000000        4.3333546915419294     
           1         131   3.3112803480938178        16.000000000000000        4.3329273825785917     
           1         132   21.960435569828988        16.000000000000000        13.478255428499322     
           1         133   198.68031375640379        16.000000000000000        175.22718460058374     
           1         134   3.3078251931803062        16.000000000000000        4.3329273825785917     
           1         135   3.3138796763132112        16.000000000000000        4.3333673852180610     
           1         136   83.743650315296463        16.000000000000000        63.374955987817458     
           1         137   3.2945515259379246        16.000000000000000        4.3325251181354831     
           1         138   3.3052109273510726        16.000000000000000        4.3329273825785917     
           1         139   3.3296950804989578        16.000000000000000        4.3331913750808582     
           1         140   7.9548445403282049        16.000000000000000        4.6540440578576909     
           1         141   139.94760241548693        16.000000000000000        105.24346271877683     
           1         142   284.01276066284959        16.000000000000000        257.93725009914806     
           1         143   3.3719392208981511        16.000000000000000        4.3337946725153174     
           1         144   3.2925318306402622        16.000000000000000        4.3327891228665916     
           1         145   3.3006756392696368        16.000000000000000        4.3342856643694905     
           1         146   4.0107290160191749        16.000000000000000        4.3461617864704278     
           1         147   3.3072120799224849        16.000000000000000        4.3329273825785917     
           1         148   3.7503637665702305        16.000000000000000        4.3450611770884908     
           1         149   3.8030604415128915        16.000000000000000        4.3458511849994617     
           1         150   197.36169921943409        16.000000000000000        160.35453488867174     
           1         151   257.13205114783153        16.000000000000000        231.11639390493633     
           1         152   3.3320232608544682        16.000000000000000        4.3333546915419294     
           1         153   3.2990240751941382        16.000000000000000        4.3325251181354831     
           1         154   3.6730024278145392        16.000000000000000        4.3444010417199488     
           1         155   3.3250072945323987        16.000000000000000        4.3329273825785917     
           1         156   3.3396851175520368        16.000000000000000        4.3331913750808582     
           1         157   3.3235171926814542        16.000000000000000        4.3333673852180610     
           1         158   10.276030786279231        16.000000000000000        6.3211241542463439     
           1         159   3.5668427893409174        16.000000000000000        4.3450611770884908     
           1         160   3.3323989757659178        16.000000000000000        4.3329273825785917     
           1         161   10.311631997569757        16.000000000000000        6.3211241542463439     
           1         162   10.389760475686368        16.000000000000000        6.3212519633213855     
           1         163   3.3071929098537116        16.000000000000000        4.3333673852180610     
           1         164   3.2859031337380573        16.000000000000000        4.3327891228665916     
           1         165   3.5729443848340723        16.000000000000000        4.3445403926842747     
           1         166   3.3124872847835012        16.000000000000000        4.3330153770523934     
           1         167   3.3030637158858829        16.000000000000000        4.3331851810470106     
           1         168   3.3242781035482438        16.000000000000000        4.3329273825785917     
           1         169   3.4173391419221244        16.000000000000000        4.3351708260290787     
           1         170   8.0112146404690332        16.000000000000000        4.6532505407808449     
           1         171   3.6130336162035390        16.000000000000000        4.3444010417199488     
           1         172   3.6329697524506321        16.000000000000000        4.3444010417199488     
           1         173   3.3376247284158111        16.000000000000000        4.3329273825785917     
           1         174   3.5080503492197517        16.000000000000000        4.3426472674471723     
           1         175   10.339781382045635        16.000000000000000        6.3211241542463439     
           1         176   57.984541795795884        16.000000000000000        56.625275431994396     
           1         177   3.6313663784397243        16.000000000000000        4.3462913061381148     
           1         178   3.3290728544596422        16.000000000000000        4.3331913750808582     
           1         179   3.3478588968298055        16.000000000000000        4.3329273825785917     
           1         180   10.340818182591812        16.000000000000000        6.3211241542463439     
           1         181   10.413390710113969        16.000000000000000        6.3215075945602441     
           1         182   7.9238543858501469        16.000000000000000        4.6524380340637510     
           1         183   3.2884871242990359        16.000000000000000        4.3334052398602587     
           1         184   3.3210177878260665        16.000000000000000        4.3331913750808582     
           1         185   3.3727202399371596        16.000000000000000        4.3333498917755149     
           1         186   3.3758865358175569        16.000000000000000        4.3335259015586152     
           1         187   3.2884821121223728        16.000000000000000        4.3326131166856525     
           1         188   3.6383549302212339        16.000000000000000        4.3465739077009244     
           1         189   3.2984619039610208        16.000000000000000        4.3329651411562020     
           1         190   3.3383720471079741        16.000000000000000        4.3333546915419294     
           1         191   3.2980986130727095        16.000000000000000        4.3325251181354831     
           1         192   3.3959726597995150        16.000000000000000        4.3336109158822236     
           1         193   3.3655091791543512        16.000000000000000        4.3335259015586152     
           1         194   4.3497552088469904        16.000000000000000        4.3444010417199488     
           1         195   10.336538838757527        16.000000000000000        6.3211241542463439     
           1         196   3.2979919342439445        16.000000000000000        4.3322344125338477     
           1         197   3.5503334083618379        16.000000000000000        4.3452812605827846     
           1         198   3.3411070990456859        16.000000000000000        4.3336186710444551     
           1         199   3.3060768011872002        16.000000000000000        4.3329273825785917     
           1         200   3.3264395975048267        16.000000000000000        4.3329273825785917     
           1         201   8.1007220240429643        16.000000000000000        4.6532770978238727     
           1         202   3.3270987891852939        16.000000000000000        4.3329273825785917     
           1         203   3.3967981331625658        16.000000000000000        4.3338086306476722     
           1         204   3.3049396485637419        16.000000000000000        4.3329273825785917     
           1         205   3.3168343595303540        16.000000000000000        4.3329273825785917     
           1         206   3.4072839706475029        16.000000000000000        4.3347308168884862     
           1         207   3.3244663940097818        16.000000000000000        4.3335874149186404     
           1         208   3.3243156615949427        16.000000000000000        4.3327891228665916     
           1         209   3.3642284359101398        16.000000000000000        4.3331913750808582     
           1         210   3.3432185365819138        16.000000000000000        4.3334426816824481     
           1         211   3.3271142591031349        16.000000000000000        4.3329273825785917     
           1         212   3.5224688545378582        16.000000000000000        4.3434516492919721     
           1         213   10.392100793175093        16.000000000000000        6.3211241542463439     
           1         214   3.3132157269292666        16.000000000000000        4.3329273825785917     
           1         215   3.3069298511120824        16.000000000000000        4.3329273825785917     
           1         216   3.3156275565598681        16.000000000000000        4.3329273825785917     
           1         217   10.343173241269197        16.000000000000000        6.3215075945602441     
           1         218   3.3195172163136424        16.000000000000000        4.3329273825785917     
           1         219   142.05551091605554        16.000000000000000        124.30890145497885     
           1         220   3.3969025865202225        16.000000000000000        4.3349508119969391     
           1         221   333.63985462303026        16.000000000000000        311.39429098426444     
           1         222   3.3089112425137417        16.000000000000000        4.3333673852180610     
           1         223   3.3146199773663310        16.000000000000000        4.3330153770523934     
           1         224   362.28730758689505        16.000000000000000        351.08999658125430     
           1         225   4.3931731896649033        16.000000000000000        4.3444010417199488     
           1         226   558.18698073251676        16.000000000000000        527.46657185706931     
           1         227   4.2960045098635362        16.000000000000000        4.3444010417199488     
           1         228   10.357539738077824        16.000000000000000        6.3211241542463439     
           1         229   10.429308019344550        16.000000000000000        6.3213561613547586     
           1         230   389.01826731905652        16.000000000000000        347.40800076033270     
           1         231   3.3276605417929650        16.000000000000000        4.3330153770523934     
           1         232   3.3652740833421810        16.000000000000000        4.3342485885878217     
           1         233   3.3103238945514297        16.000000000000000        4.3333673852180610     
           1         234   3.3310633382686681        16.000000000000000        4.3337946725153174     
           1         235   3.3102536005101029        16.000000000000000        4.3325251181354831     
           1         236   3.2698488947011892        16.000000000000000        4.3321464101488827     
           1         237   10.327348043038613        16.000000000000000        6.3206632604807753     
           1         238   3.3112640547782228        16.000000000000000        4.3325251181354831     
           1         239   3.3392502841677456        16.000000000000000        4.3329273825785917     
           1         240   3.3376602737005934        16.000000000000000        4.3329273825785917     
           1         241   10.289296120271469        16.000000000000000        6.3211241542463439     
           1         242   3.3364670811250114        16.000000000000000        4.3329273825785917     
           1         243   3.7890001941069555        16.000000000000000        4.3458511849994617     
           1         244   3.3235192892739196        16.000000000000000        4.3329273825785917     
           1         245   725.70418653757281        16.000000000000000        678.01686151833360     
           1         246   14.460160820465319        16.000000000000000        6.3432811221209189     
           1         247   3.3229920822214085        16.000000000000000        4.3329273825785917     
           1         248   8.0768049919969513        16.000000000000000        4.6539382286607749     
           1         249   3.3412684830983546        16.000000000000000        4.3333546915419294     
           1         250   3.3234664012005086        16.000000000000000        4.3329273825785917     
           1         251   3.3345549238414312        16.000000000000000        4.3334426816824481     
           1         252   780.63068202425541        16.000000000000000        731.00412542881361     
           1         253   3.3368843622126585        16.000000000000000        4.3329273825785917     
           1         254   3.3516803723423183        16.000000000000000        4.3333673852180610     
           1         255   3.3238834710361558        16.000000000000000        4.3329273825785917     
           1         256   3.3304780869871724        16.000000000000000        4.3329273825785917     
           1         257   3.3069404098138304        16.000000000000000        4.3329273825785917     
           1         258   3.3130940093695096        16.000000000000000        4.3331913750808582     
           1         259   3.6836522233837918        16.000000000000000        4.3441118223934199     
           1         260   10.480954685437256        16.000000000000000        6.3218773151106182     
           1         261   3.3207567833570701        16.000000000000000        4.3329273825785917     
           1         262   3.4382054482281723        16.000000000000000        4.3330858998044350     
           1         263   14.895639452318166        16.000000000000000        9.0083966652026266     
           1         264   3.3913716528844842        16.000000000000000        4.3336186710444551     
           1         265   27.497619812382176        16.000000000000000        25.138955445627559     
           1         266   3.2794303704050281        16.000000000000000        4.3321464101488827     
           1         267   3.3218751793648229        16.000000000000000        4.3329273825785917     
           1         268   3.3405740105757027        16.000000000000000        4.3329273825785917     
           1         269   10.209500583913430        16.000000000000000        6.3205354454404512     
           1         270   3.3671872904205542        16.000000000000000        4.3329273825785917     
           1         271   3.3464577543020506        16.000000000000000        4.3329273825785917     
           1         272   3.3737472769582695        16.000000000000000        4.3335229259254469     
           1         273   3.3085363705248714        16.000000000000000        4.3349079905550347     
           1         274   8.0372147887599130        16.000000000000000        4.6532699259046915     
           1         275   3.3133457491579814        16.000000000000000        4.3329273825785917     
           1         276   3.2925136294966717        16.000000000000000        4.3334052398602587     
           1         277   3.6518551161903954        16.000000000000000        4.3444890497938369     
           1         278   3.3456981523668765        16.000000000000000        4.3333673852180610     
           1         279   3.3333925505978996        16.000000000000000        4.3325512616523492     
           1         280   3.3397047877553789        16.000000000000000        4.3340146913832962     
           1         281   3.3092684376238211        16.000000000000000        4.3329273825785917     
           1         282   3.2973119028366433        16.000000000000000        4.3329651411562020     
           1         283   13.606659644398063        16.000000000000000        6.3437425394312861     
           1         284   3.3102208546703529        16.000000000000000        4.3329273825785917     
           1         285   3.3102098015233921        16.000000000000000        4.3329273825785917     
           1         286   3.3749963986535301        16.000000000000000        4.3344685959396498     
           1         287   3.3047618518349884        16.000000000000000        4.3326131166856525     
           1         288   3.3504887729077959        16.000000000000000        4.3353352020303628     
           1         289   3.2680938741094003        16.000000000000000        4.3322344125338477     
           1         290   3.3384036908126364        16.000000000000000        4.3325251181354831     
           1         291   3.3390750574472530        16.000000000000000        4.3329273825785917     
           1         292   3.2800837253584536        16.000000000000000        4.3325864523431230     
           1         293   3.6384831762951357        16.000000000000000        4.3444010417199488     
           1         294   3.3054321382232548        16.000000000000000        4.3333673852180610     
           1         295   3.3205968468166223        16.000000000000000        4.3331913750808582     
           1         296   3.3452036434233667        16.000000000000000        4.3329273825785917     
           1         297   3.3176131487418159        16.000000000000000        4.3330153770523934     
           1         298   3.3349647333626558        16.000000000000000        4.3351150696003433     
           1         299   3.3115945362240153        16.000000000000000        4.3330153770523934     
           1         300   3.3079199352783721        16.000000000000000        4.3335874149186404     
           1         301   3.3405328379204895        16.000000000000000        4.3329273825785917     
           1         302   3.3250564899312347        16.000000000000000        4.3329273825785917     
           1         303   8.2172696580564040        16.000000000000000        4.6531641203494356     
           1         304   3.3701380884315770        16.000000000000000        4.3333498917755149     
           1         305   3.4886356266160825        16.000000000000000        4.3444010417199488     
           1         306   3.3560115622473710        16.000000000000000        4.3334052398602587     
           1         307   3.4213485186196930        16.000000000000000        4.3337459308165611     
           1         308   3.3916059393657374        16.000000000000000        4.3327625135220975     
           1         309   3.3065920532339947        16.000000000000000        4.3326131166856525     
           1         310   3.3635696171574203        16.000000000000000        4.3333546915419294     
           1         311   3.3124539607600774        16.000000000000000        4.3330153770523934     
           1         312   3.2904331677030627        16.000000000000000        4.3325251181354831     
           1         313   3.3331218310562418        16.000000000000000        4.3337946725153174     
           1         314   3.3236581201303399        16.000000000000000        4.3330153770523934     
           1         315   3.3789309378564392        16.000000000000000        4.3337946725153174     
           1         316   3.3470584270182400        16.000000000000000        4.3329273825785917     
           1         317   3.3072194590464581        16.000000000000000        4.3329273825785917     
           1         318   3.3445161573767277        16.000000000000000        4.3337946725153174     
           1         319   3.3805226230048739        16.000000000000000        4.3334426816824481     
           1         320   3.3004214683143323        16.000000000000000        4.3331851810470106     
           1         321   10.287176946553167        16.000000000000000        6.3211241542463439     
           1         322   3.3062415282850508        16.000000000000000        4.3333673852180610     
           1         323   11.992958502868291        16.000000000000000        6.3402930977078231     
           1         324   3.3785472693111704        16.000000000000000        4.3333498917755149     
           1         325   3.3753137808420490        16.000000000000000        4.3350665037972513     
           1         326   3.3348823296275238        16.000000000000000        4.3329273825785917     
           1         327   3.3186722617904820        16.000000000000000        4.3333673852180610     
           1         328   3.3193713134012115        16.000000000000000        4.3329273825785917     
           1         329   3.3283584147169516        16.000000000000000        4.3329273825785917     
           1         330   3.3583864622638373        16.000000000000000        4.3330858998044350     
           1         331   3.3233183976124940        16.000000000000000        4.3331913750808582     
           1         332   8.1151521584692468        16.000000000000000        4.6532770978238727     
           1         333   10.420249854325590        16.000000000000000        6.3220828286598190     
           1         334   3.3073712106522528        16.000000000000000        4.3335874149186404     
           1         335   3.3288318257565690        16.000000000000000        4.3329273825785917     
           1         336   11.764054446345783        16.000000000000000        6.3385561727931412     
           1         337   3.3257848281912170        16.000000000000000        4.3333673852180610     
           1         338   10.455247105526880        16.000000000000000        6.3213561613547586     
           1         339   3.3059371936475803        16.000000000000000        4.3330153770523934     
           1         340   3.7017051211722967        16.000000000000000        4.3446650751488152     
           1         341   3.3051086634426721        16.000000000000000        4.3329273825785917     
           1         342   3.3064695752987370        16.000000000000000        4.3329273825785917     
           1         343   11.498147824432531        16.000000000000000        6.3383004838569450     
           1         344   3.2812791069137544        16.000000000000000        4.3330265702196220     
           1         345   3.3187133529202488        16.000000000000000        4.3335874149186404     
           1         346   3.3172061252514422        16.000000000000000        4.3338074635419703     
           1         347   3.3064910610780633        16.000000000000000        4.3330153770523934     
           1         348   3.3294585682688256        16.000000000000000        4.3329273825785917     
           1         349   3.3337284994250203        16.000000000000000        4.3337946725153174     
           1         350   3.3124210422848055        16.000000000000000        4.3331913750808582     
           1         351   3.3220776921439166        16.000000000000000        4.3330153770523934     
           1         352   3.3419531880162752        16.000000000000000        4.3329273825785917     
           1         353   10.398233086533709        16.000000000000000        6.3211241542463439     
           1         354   3.3170934295541126        16.000000000000000        4.3331913750808582     
           1         355   3.3209216019138887        16.000000000000000        4.3329273825785917     
           1         356   10.489694498694254        16.000000000000000        6.3218773151106182     
           1         357   10.243928652556823        16.000000000000000        6.3211241542463439     
           1         358   3.3440501696470912        16.000000000000000        4.3334426816824481     
           1         359   3.3129809215294825        16.000000000000000        4.3329273825785917     
           1         360   3.3119139585901807        16.000000000000000        4.3329273825785917     
           1         361   3.3230216377052146        16.000000000000000        4.3335874149186404     
           1         362   3.3202959724973922        16.000000000000000        4.3329273825785917     
           1         363   3.3127607657768396        16.000000000000000        4.3330153770523934     
           1         364   3.2882370932759697        16.000000000000000        4.3326131166856525     
           1         365   8.1527828605771102        16.000000000000000        4.6531641203494356     
           1         366   3.3606848847255151        16.000000000000000        4.3338086306476722     
           1         367   10.446032742305713        16.000000000000000        6.3217396008912390     
           1         368   3.3610960368778580        16.000000000000000        4.3333546915419294     
           1         369   3.4047160303372821        16.000000000000000        4.3330858998044350     
           1         370   3.3446167449119870        16.000000000000000        4.3329473363481421     
           1         371   3.3203211330462112        16.000000000000000        4.3345058178188003     
           1         372   10.360028944897586        16.000000000000000        6.3211241542463439     
           1         373   3.3210562009227957        16.000000000000000        4.3329273825785917     
           1         374   3.3183329660799186        16.000000000000000        4.3330153770523934     
           1         375   3.2739671468842140        16.000000000000000        4.3322344125338477     
           1         376   3.4605560142332510        16.000000000000000        4.3353604488860027     
           1         377   3.4221219235929561        16.000000000000000        4.3339872197747971     
           1         378   3.3058931535828417        16.000000000000000        4.3333673852180610     
           1         379   3.3140819054975923        16.000000000000000        4.3329273825785917     
           1         380   3.4203494371296550        16.000000000000000        4.3337459308165611     
           1         381   3.4310928215711956        16.000000000000000        4.3330858998044350     
           1         382   3.4134431395707261        16.000000000000000        4.3330858998044350     
           1         383   3.5411415678026046        16.000000000000000        4.3452812605827846     
           1         384   3.6380193071676041        16.000000000000000        4.3444010417199488     
           1         385   7.2325768432727804        16.000000000000000        2.6923931755896993     
           1         386   10.369665283624540        16.000000000000000        6.3211241542463439     
           1         387   3.3548985180485689        16.000000000000000        4.3336186710444551     
           1         388   3.5008884243089016        16.000000000000000        4.3444010417199488     
           1         389   8.0263828681272873        16.000000000000000        4.6532770978238727     
           1         390   3.3152947652823306        16.000000000000000        4.3330153770523934     
           1         391   3.3900730074394483        16.000000000000000        4.3340725963300830     
           1         392   12.089086011087696        16.000000000000000        6.3363163423232525     
           1         393   3.2966371680726305        16.000000000000000        4.3325251181354831     
           1         394   3.3053017492692054        16.000000000000000        4.3329273825785917     
           1         395   9.4979732140322692        16.000000000000000        4.6646567248855266     
           1         396   3.6797351996672369        16.000000000000000        4.3463819659298943     
           1         397   3.3180118087733432        16.000000000000000        4.3330153770523934     
           1         398   10.411025842820969        16.000000000000000        6.3243063961696215     
           1         399   3.3335377350566899        16.000000000000000        4.3329273825785917     
           1         400   3.3041017203778389        16.000000000000000        4.3326131166856525     
           1         401   3.3170101257945368        16.000000000000000        4.3335874149186404     
           1         402   3.3904083082849508        16.000000000000000        4.3355689165807361     
           1         403   3.3766110726018037        16.000000000000000        4.3330858998044350     
           1         404   11.888921044227907        16.000000000000000        6.3383004838569450     
           1         405   3.3133970488484610        16.000000000000000        4.3330153770523934     
           1         406   3.3171812739731923        16.000000000000000        4.3331913750808582     
           1         407   3.3822416243065327        16.000000000000000        4.3339659789972576     
           1         408   12.213676499571923        16.000000000000000        6.3385561727931412     
           1         409   3.3582686909519346        16.000000000000000        4.3337946725153174     
           1         410   3.3983937804404341        16.000000000000000        4.3335229259254469     
           1         411   3.3715160224377287        16.000000000000000        4.3335259015586152     
           2           1   3.3249314710462654        17.000000000000000        4.3880661937798653     
           2           2   3.4280748383219040        17.000000000000000        4.3893230287880920     
           2           3   3.3513831639798113        17.000000000000000        4.3878106585973731     
           2           4   3.3903960528939159        17.000000000000000        4.3889888817379301     
           2           5   3.3205846678911213        17.000000000000000        4.3878106585973731     
           2           6   3.3246109954503642        17.000000000000000        4.3878106585973731     
           2           7   3.3364462166405846        17.000000000000000        4.3878106585973731     
           2           8   17.969567254519550        17.000000000000000        12.068401007233534     
           2           9   3.3167624689012092        17.000000000000000        4.3878106585973731     
           2          10   3.3353523147364501        17.000000000000000        4.3880661937798653     
           2          11   3.3270530955430924        17.000000000000000        4.3882365646326598     
           2          12   7.9888425643042700        17.000000000000000        4.7126418222568081     
           2          13   3.3009747033635488        17.000000000000000        4.3878149957177266     
           2          14   3.2988321565891887        17.000000000000000        4.3869919126875789     
           2          15   3.3410187113295322        17.000000000000000        4.3882582160353589     
           2          16   3.3161519133249264        17.000000000000000        4.3876446164121834     
           2          17   3.3257511108994446        17.000000000000000        4.3884495440223832     
           2          18   3.3289221006227536        17.000000000000000        4.3878106585973731     
           2          19   3.3227166627293210        17.000000000000000        4.3878958341788179     
           2          20   3.3200036830131827        17.000000000000000        4.3897277896591733     
           2          21   3.2757447414731402        17.000000000000000        4.3869919126875789     
           2          22   3.3273910540938583        17.000000000000000        4.3882365646326598     
           2          23   3.3451052588005723        17.000000000000000        4.3884495440223832     
           2          24   3.3426971529197229        17.000000000000000        4.3878958341788179     
           2          25   3.3178954886229000        16.000000000000000        4.3878106585973731     
           2          26   3.3150646239497799        16.000000000000000        4.3878106585973731     
           2          27   3.5014723548952249        16.000000000000000        4.3884226864457041     
           2          28   3.3510524325484305        16.000000000000000        4.3878958341788179     
           2          29   3.3354471753464705        16.000000000000000        4.3884495440223832     
           2          30   13.391093401729874        16.000000000000000        8.0109147525564772     
           2          31   57.977582746070922        16.000000000000000        51.947381977922689     
           2          32   3.3111595520394022        16.000000000000000        4.3878149957177266     
           2          33   3.3256490484326089        16.000000000000000        4.3880279856732427     
           2          34   3.3186075922509719        16.000000000000000        4.3884495440223832     
           2          35   3.3459343320673010        16.000000000000000        4.3878106585973731     
           2          36   3.3520813882649185        16.000000000000000        4.3883433871257314     
           2          37   3.3494329860451519        16.000000000000000        4.3882582160353589     
           2          38   3.3419245311533770        16.000000000000000        4.3878106585973731     
           2          39   3.3196997511876170        16.000000000000000        4.3878106585973731     
           2          40   3.3346047274454040        16.000000000000000        4.3882365646326598     
           2          41   3.3307327038052317        16.000000000000000        4.3878106585973731     
           2          42   3.3441091586976701        16.000000000000000        4.3883433871257314     
           2          43   3.3306469240404382        16.000000000000000        4.3880661937798653     
           2          44   3.3188246000231745        16.000000000000000        4.3882365646326598     
           2          45   3.3937260362126014        16.000000000000000        4.3882423256888332     
           2          46   3.3491535222866911        16.000000000000000        4.3895147047484588     
           2          47   83.954283609926364        16.000000000000000        74.691078537868719     
           2          48   3.3509455949365559        16.000000000000000        4.3878106585973731     
           2          49   57.946898611524482        16.000000000000000        56.201317147366886     
           2          50   12.849863536524721        16.000000000000000        6.5012652398276680     
           2          51   3.3188193239224861        16.000000000000000        4.3878106585973731     
           2          52   3.4653987146857936        16.000000000000000        4.3893786818328451     
           2          53   3.3183653239140165        16.000000000000000        4.3878958341788179     
           2          54   3.3475604940757520        16.000000000000000        4.3891100535251608     
           2          55   3.3604182487166745        16.000000000000000        4.3878958341788179     
           2          56   3.5261548067025785        16.000000000000000        4.3882245133636326     
           2          57   3.3182374628985527        16.000000000000000        4.3878106585973731     
           2          58   3.3797540396081200        16.000000000000000        4.3886625409953108     
           2          59   3.3286973434707967        16.000000000000000        4.3878106585973731     
           2          60   3.2871553183830309        16.000000000000000        4.3874178597444358     
           2          61   86.040113189263934        16.000000000000000        76.937443294090272     
           2          62   3.3874139806971604        16.000000000000000        4.3897277896591733     
           2          63   3.4055645343607441        16.000000000000000        4.3893230287880920     
           2          64   3.3729079566750531        16.000000000000000        4.3889888817379301     
           2          65   3.3098376955812836        16.000000000000000        4.3872474724832839     
           2          66   10.167978346824885        16.000000000000000        6.4205369472307048     
           2          67   3.2769606394290292        16.000000000000000        4.3872474724832839     
           2          68   3.3173638729830501        16.000000000000000        4.3878106585973731     
           2          69   3.3424050110463059        16.000000000000000        4.3874796777157119     
           2          70   3.3618935747529672        16.000000000000000        4.3886840996159373     
           2          71   3.3218090025741582        16.000000000000000        4.3878106585973731     
           2          72   3.3799337196876276        16.000000000000000        4.3891592340645982     
           2          73   3.3284676810335676        16.000000000000000        4.3878106585973731     
           2          74   3.2980784996836401        16.000000000000000        4.3880279856732427     
           2          75   3.3720046914624162        16.000000000000000        4.3878958341788179     
           2          76   3.3206008995924923        16.000000000000000        4.3878106585973731     
           2          77   3.3226225480524247        16.000000000000000        4.3880661937798653     
           2          78   3.3816521358695599        16.000000000000000        4.3888185406632862     
           2          79   3.3326205031035125        16.000000000000000        4.3882365646326598     
           2          80   11.465113195204546        16.000000000000000        6.5007029835425563     
           2          81   3.3169310642962957        16.000000000000000        4.3878106585973731     
           2          82   3.3149793817919129        16.000000000000000        4.3874742483580595     
           2          83   3.3728311352804665        16.000000000000000        4.3878958341788179     
           2          84   3.3594412544611143        16.000000000000000        4.3878958341788179     
           2          85   12.014571935994507        16.000000000000000        6.5035412472916656     
           2          86   3.3778981581985730        16.000000000000000        4.3878164196854588     
           2          87   3.3411527673452763        16.000000000000000        4.3878106585973731     
           2          88   10.359781962114528        16.000000000000000        6.4222975029382203     
           2          89   3.3268675938375343        16.000000000000000        4.3878958341788179     
           2          90   3.3385355087946871        16.000000000000000        4.3878106585973731     
           2          91   3.4087145376603414        16.000000000000000        4.3879015952605194     
           2          92   3.2950450189178402        16.000000000000000        4.3878149957177266     
           2          93   3.3207917670572193        16.000000000000000        4.3886625409953108     
           2          94   3.3201003300698679        16.000000000000000        4.3878106585973731     
           2          95   3.3879524815924409        16.000000000000000        4.3878204250507711     
           2          96   8.0356610382493372        16.000000000000000        4.7128358825624801     
           2          97   3.3516914369156177        16.000000000000000        4.3882582160353589     
           2          98   3.3687586743768616        16.000000000000000        4.3882423256888332     
           2          99   3.3243409634415109        16.000000000000000        4.3878106585973731     
           2         100   3.3228942552210388        16.000000000000000        4.3886625409953108     
           2         101   3.3194634565183208        16.000000000000000        4.3874178597444358     
           2         102   3.3926036445324046        16.000000000000000        4.3878164196854588     
           2         103   3.3206612297077593        16.000000000000000        4.3884495440223832     
           2         104   3.2783137103233959        16.000000000000000        4.3878438771266248     
           2         105   3.2972609154745491        16.000000000000000        4.3876446164121834     
           2         106   3.3330210814141066        16.000000000000000        4.3878106585973731     
           2         107   3.9501862581649476        16.000000000000000        4.3888634029105331     
           2         108   3.3859886614345158        16.000000000000000        4.3886902142453570     
           2         109   3.3216963886547455        16.000000000000000        4.3878106585973731     
           2         110   3.3973104807246122        16.000000000000000        4.3888970677787711     
           2         111   3.3322743028711184        16.000000000000000        4.3884495440223832     
           2         112   3.3448639348003102        16.000000000000000        4.3883433871257314     
           2         113   3.3225949402196742        16.000000000000000        4.3884495440223832     
           2         114   8.1515759409775637        16.000000000000000        4.7132930113357112     
           2         115   3.3509850865213613        16.000000000000000        4.3876500457575371     
           2         116   3.6027568868018882        16.000000000000000        4.3903964117194807     
           2         117   10.813044567672293        16.000000000000000        5.9351386188003366     
           2         118   11.993256080399441        16.000000000000000        6.4232818597271866     
           2         119   12.689536814083295        16.000000000000000        6.5022092895509127     
           2         120   3.3418482097770723        16.000000000000000        4.3891100535251608     
           2         121   3.6230085907528138        16.000000000000000        4.3884800501853611     
           2         122   3.4343889594680097        16.000000000000000        4.3909416270218129     
           2         123   3.3492477163541041        16.000000000000000        4.3883433871257314     
           2         124   3.3296578843968536        16.000000000000000        4.3878958341788179     
           2         125   3.4093048636957746        16.000000000000000        4.3882643306978695     
           2         126   3.3783674800749606        16.000000000000000        4.3882423256888332     
           2         127   15.752660249824297        16.000000000000000        12.221242060280254     
           2         128   3.3053790041018734        16.000000000000000        4.3882409932117676     
           2         129   3.3093453211856869        16.000000000000000        4.3878149957177266     
           2         130   3.2812750609365544        16.000000000000000        4.3876308596442177     
           2         131   3.2993333370283242        16.000000000000000        4.3873890685501085     
           2         132   21.979596570602460        16.000000000000000        13.126735326552147     
           2         133   198.66751456919138        16.000000000000000        174.97850211017914     
           2         134   3.2968425383458353        16.000000000000000        4.3880279856732427     
           2         135   3.3236017343523998        16.000000000000000        4.3880661937798653     
           2         136   83.445408522457569        16.000000000000000        62.656929858361174     
           2         137   3.3049757108922830        16.000000000000000        4.3878149957177266     
           2         138   3.3152419118896725        16.000000000000000        4.3878106585973731     
           2         139   3.3673856070895423        16.000000000000000        4.3899621723747853     
           2         140   8.0767431303625337        16.000000000000000        4.7128358825624801     
           2         141   139.91061682379521        16.000000000000000        104.60950378115713     
           2         142   284.01756738890055        16.000000000000000        257.89084804901853     
           2         143   3.3819353830060437        16.000000000000000        4.3891100535251608     
           2         144   3.2830612271024138        16.000000000000000        4.3870770964734715     
           2         145   3.3569457110085330        16.000000000000000        4.3885137377448880     
           2         146   4.0152528861072652        16.000000000000000        4.3901416570302585     
           2         147   3.3172228255124225        16.000000000000000        4.3878106585973731     
           2         148   3.7545946828570211        16.000000000000000        4.3883096894900229     
           2         149   3.7188966541043391        16.000000000000000        4.3884226864457041     
           2         150   197.29920682540683        16.000000000000000        159.42083143280831     
           2         151   257.47666629531568        16.000000000000000        231.82688608545766     
           2         152   3.3420276037388716        16.000000000000000        4.3882582160353589     
           2         153   3.3313323248919602        16.000000000000000        4.3878106585973731     
           2         154   3.6787695565902321        16.000000000000000        4.3882245133636326     
           2         155   3.3348530324145238        16.000000000000000        4.3878106585973731     
           2         156   3.3767040953885430        16.000000000000000        4.3891100535251608     
           2         157   3.3329623729829665        16.000000000000000        4.3878958341788179     
           2         158   10.238370348765995        16.000000000000000        6.4207477154232890     
           2         159   3.6113793085742460        16.000000000000000        4.3886924448098110     
           2         160   3.3684259779620658        16.000000000000000        4.3882582160353589     
           2         161   10.348902203883021        16.000000000000000        6.4241598170316934     
           2         162   10.419794137580228        16.000000000000000        6.4219872062283958     
           2         163   3.3167061072926014        16.000000000000000        4.3878106585973731     
           2         164   3.3174353144078759        16.000000000000000        4.3878958341788179     
           2         165   3.6462312397350951        16.000000000000000        4.3882245133636326     
           2         166   3.3223417363648107        16.000000000000000        4.3878106585973731     
           2         167   3.3347034425107878        16.000000000000000        4.3878106585973731     
           2         168   3.3348942910816355        16.000000000000000        4.3884495440223832     
           2         169   3.3918193768806453        16.000000000000000        4.3887333743452359     
           2         170   8.1417037178612048        16.000000000000000        4.7131163418777531     
           2         171   3.6207362599461423        16.000000000000000        4.3882245133636326     
           2         172   3.6404925085007158        16.000000000000000        4.3883096894900229     
           2         173   3.3742844329891541        16.000000000000000        4.3885137377448880     
           2         174   3.5791008788892107        16.000000000000000        4.3882245133636326     
           2         175   10.452789161863835        16.000000000000000        6.4223960626984233     
           2         176   57.984396536313099        16.000000000000000        56.609819806963891     
           2         177   3.5586926423565215        16.000000000000000        4.3884226864457041     
           2         178   3.3387711032617209        16.000000000000000        4.3880661937798653     
           2         179   3.3572195196405707        16.000000000000000        4.3878106585973731     
           2         180   10.370907226870816        16.000000000000000        6.4214907843555746     
           2         181   10.442268635837635        16.000000000000000        6.4219872062283958     
           2         182   7.9471936903733207        16.000000000000000        4.7119560347042162     
           2         183   3.3741874559236358        16.000000000000000        4.3895851641138224     
           2         184   3.3305892782152782        16.000000000000000        4.3878106585973731     
           2         185   3.3824044633275601        16.000000000000000        4.3882423256888332     
           2         186   3.3848506439023165        16.000000000000000        4.3878164196854588     
           2         187   3.3202292538111822        16.000000000000000        4.3878106585973731     
           2         188   3.5655605581337517        16.000000000000000        4.3886504221379878     
           2         189   3.3305147357028497        16.000000000000000        4.3880661937798653     
           2         190   3.3229910309709019        16.000000000000000        4.3878106585973731     
           2         191   3.3303434099405651        16.000000000000000        4.3878106585973731     
           2         192   3.3770477539343347        16.000000000000000        4.3879015952605194     
           2         193   3.3755476906041961        16.000000000000000        4.3886683020195845     
           2         194   4.4224716635242460        16.000000000000000        4.3891183309764470     
           2         195   10.366377461656736        16.000000000000000        6.4213666890525190     
           2         196   3.3513068695543371        16.000000000000000        4.3878106585973731     
           2         197   3.5233354516443609        16.000000000000000        4.3884226864457041     
           2         198   3.2839248897351889        16.000000000000000        4.3869919126875789     
           2         199   3.3160982552785914        16.000000000000000        4.3878106585973731     
           2         200   3.3361743265965127        16.000000000000000        4.3878106585973731     
           2         201   8.1235837841581073        16.000000000000000        4.7129273022865545     
           2         202   3.3368487835539939        16.000000000000000        4.3878106585973731     
           2         203   3.3489162439499403        16.000000000000000        4.3880661937798653     
           2         204   3.3149712373974771        16.000000000000000        4.3878106585973731     
           2         205   3.3267250289735499        16.000000000000000        4.3878106585973731     
           2         206   3.3078497415564594        16.000000000000000        4.3893062946989554     
           2         207   3.3110679176288587        16.000000000000000        4.3874742483580595     
           2         208   3.3150452730401869        16.000000000000000        4.3886961229122585     
           2         209   3.3734224217143671        16.000000000000000        4.3878106585973731     
           2         210   3.3279667508107331        16.000000000000000        4.3882365646326598     
           2         211   3.3376724298761151        16.000000000000000        4.3884495440223832     
           2         212   3.5297616007552723        16.000000000000000        4.3878689453662085     
           2         213   10.421933029522188        16.000000000000000        6.4213666890525190     
           2         214   3.3012396069389327        16.000000000000000        4.3874742483580595     
           2         215   3.3169373986247690        16.000000000000000        4.3878106585973731     
           2         216   3.3255490779857584        16.000000000000000        4.3878106585973731     
           2         217   10.457513589558189        16.000000000000000        6.4232648544554110     
           2         218   3.3293619841189948        16.000000000000000        4.3878106585973731     
           2         219   142.03009892581798        16.000000000000000        123.61434753343600     
           2         220   3.3201414203869763        16.000000000000000        4.3886625409953108     
           2         221   334.20153624932635        16.000000000000000        313.45895130106123     
           2         222   3.3189018539544630        16.000000000000000        4.3882365646326598     
           2         223   3.2832318294725784        16.000000000000000        4.3870770964734715     
           2         224   362.27807190046269        16.000000000000000        350.69581547120663     
           2         225   4.6281543300277503        16.000000000000000        4.3899723062447213     
           2         226   558.15861313643109        16.000000000000000        526.54790360854804     
           2         227   4.5141230216526660        16.000000000000000        4.3903555940322292     
           2         228   10.252394522009821        16.000000000000000        6.4201646129895469     
           2         229   10.383178004289775        16.000000000000000        6.4207556874757241     
           2         230   388.98429763049182        16.000000000000000        345.87453654223583     
           2         231   3.3373892929972087        16.000000000000000        4.3878106585973731     
           2         232   3.3214037085098607        16.000000000000000        4.3884495440223832     
           2         233   3.3742651403942001        16.000000000000000        4.3891592340645982     
           2         234   3.3162115919975603        16.000000000000000        4.3882365646326598     
           2         235   3.3717314312238371        16.000000000000000        4.3901752460603669     
           2         236   3.3208857928557056        16.000000000000000        4.3878958341788179     
           2         237   10.432678276310922        16.000000000000000        6.4219872062283958     
           2         238   3.4008234323090902        16.000000000000000        4.3887333743452359     
           2         239   3.3496567665216195        16.000000000000000        4.3884495440223832     
           2         240   3.3243570825879099        16.000000000000000        4.3874742483580595     
           2         241   10.319874077565380        16.000000000000000        6.4213666890525190     
           2         242   3.3462163685973407        16.000000000000000        4.3878106585973731     
           2         243   3.6682013264381363        16.000000000000000        4.3877945424446141     
           2         244   3.3333755193354473        16.000000000000000        4.3878106585973731     
           2         245   725.99670964009090        16.000000000000000        679.47476965943645     
           2         246   13.743754971068256        16.000000000000000        6.4223466613322087     
           2         247   3.3331304247280045        16.000000000000000        4.3880661937798653     
           2         248   8.1622049791610216        16.000000000000000        4.7134082549643885     
           2         249   3.3512659749068794        16.000000000000000        4.3883433871257314     
           2         250   3.3107852902676211        16.000000000000000        4.3873890685501085     
           2         251   3.3454373015805681        16.000000000000000        4.3891100535251608     
           2         252   779.53080216837520        16.000000000000000        722.85040994003680     
           2         253   3.3466401786284359        16.000000000000000        4.3878106585973731     
           2         254   3.3604952401430577        16.000000000000000        4.3878106585973731     
           2         255   3.3344736583097117        16.000000000000000        4.3884495440223832     
           2         256   3.4311798305828654        16.000000000000000        4.3892378675416266     
           2         257   3.3179636909175096        16.000000000000000        4.3886625409953108     
           2         258   3.3230238752720398        16.000000000000000        4.3880661937798653     
           2         259   3.6918242386766225        16.000000000000000        4.3878689453662085     
           2         260   10.424164111496165        16.000000000000000        6.4213666890525190     
           2         261   3.3306264928465521        16.000000000000000        4.3878106585973731     
           2         262   3.4474312374536131        16.000000000000000        4.3879015952605194     
           2         263   14.928681803201282        16.000000000000000        9.1248890269042455     
           2         264   3.3722272197701382        16.000000000000000        4.3878106585973731     
           2         265   27.494603886209788        16.000000000000000        25.036300231784203     
           2         266   3.3098587590063930        16.000000000000000        4.3882409932117676     
           2         267   3.3872064114100602        16.000000000000000        4.3888185406632862     
           2         268   3.3770230248418973        16.000000000000000        4.3883433871257314     
           2         269   10.478425516268207        16.000000000000000        6.4228454807153605     
           2         270   3.4046284834335032        16.000000000000000        4.3882582160353589     
           2         271   3.3851786878752237        16.000000000000000        4.3899621723747853     
           2         272   3.3562437979627919        16.000000000000000        4.3878164196854588     
           2         273   3.3165932441553565        16.000000000000000        4.3880661937798653     
           2         274   8.1154421246255453        16.000000000000000        4.7128358825624801     
           2         275   3.3232872474415607        16.000000000000000        4.3878106585973731     
           2         276   3.3022090809949187        16.000000000000000        4.3880279856732427     
           2         277   3.6596656888646697        16.000000000000000        4.3882245133636326     
           2         278   3.3547907585467813        16.000000000000000        4.3878106585973731     
           2         279   3.3905368440663501        16.000000000000000        4.3878164196854588     
           2         280   3.3235260241446318        16.000000000000000        4.3878106585973731     
           2         281   3.3192582653069884        16.000000000000000        4.3878106585973731     
           2         282   3.3549498235597839        16.000000000000000        4.3885137377448880     
           2         283   14.366492213220125        16.000000000000000        6.4233641165329685     
           2         284   3.3460751248177618        16.000000000000000        4.3888970677787711     
           2         285   3.2986158430549670        16.000000000000000        4.3876446164121834     
           2         286   3.3549588007769624        16.000000000000000        4.3885137377448880     
           2         287   3.3371534266763407        16.000000000000000        4.3878106585973731     
           2         288   3.3323069360822681        16.000000000000000        4.3878106585973731     
           2         289   3.3187573712961096        16.000000000000000        4.3878106585973731     
           2         290   3.4006368664259723        16.000000000000000        4.3885137377448880     
           2         291   3.3053921797504979        16.000000000000000        4.3870770964734715     
           2         292   3.4206765058929505        16.000000000000000        4.3892378675416266     
           2         293   3.6014899596247942        16.000000000000000        4.3884226864457041     
           2         294   3.3149599539148937        16.000000000000000        4.3878106585973731     
           2         295   3.3301904527784885        16.000000000000000        4.3878106585973731     
           2         296   3.3314451346341953        16.000000000000000        4.3874742483580595     
           2         297   3.3274283541389034        16.000000000000000        4.3878106585973731     
           2         298   3.3179561084737585        16.000000000000000        4.3878106585973731     
           2         299   3.3217509674419703        16.000000000000000        4.3880661937798653     
           2         300   3.3181869838835127        16.000000000000000        4.3886625409953108     
           2         301   3.3773905999930136        16.000000000000000        4.3886840996159373     
           2         302   3.3142353072930408        16.000000000000000        4.3890931992241713     
           2         303   8.2400931504530970        16.000000000000000        4.7128420736803616     
           2         304   3.3792261641563721        16.000000000000000        4.3878164196854588     
           2         305   3.4966769056157090        16.000000000000000        4.3882245133636326     
           2         306   3.3656957976280402        16.000000000000000        4.3890931992241713     
           2         307   3.4029558884731586        16.000000000000000        4.3880334149909102     
           2         308   3.4607250199819535        16.000000000000000        4.3883495017816347     
           2         309   3.2964694761809725        16.000000000000000        4.3869919126875789     
           2         310   3.3252275775432234        16.000000000000000        4.3890931992241713     
           2         311   3.3227987440991500        16.000000000000000        4.3882365646326598     
           2         312   3.3004900697003126        16.000000000000000        4.3874742483580595     
           2         313   3.3176353930335760        16.000000000000000        4.3878106585973731     
           2         314   3.3334078956911934        16.000000000000000        4.3878106585973731     
           2         315   3.3609852806542264        16.000000000000000        4.3880661937798653     
           2         316   3.3566515010026721        16.000000000000000        4.3878958341788179     
           2         317   3.3708852621753937        16.000000000000000        4.3887333743452359     
           2         318   3.3546633482206549        16.000000000000000        4.3888970677787711     
           2         319   3.3623058157755845        16.000000000000000        4.3878106585973731     
           2         320   3.3319584881574023        16.000000000000000        4.3878106585973731     
           2         321   10.251099999538964        16.000000000000000        6.4216785758441244     
           2         322   3.3702458461419691        16.000000000000000        4.3895851641138224     
           2         323   12.248615923840545        16.000000000000000        6.4215499341801241     
           2         324   3.3874256729685293        16.000000000000000        4.3879015952605194     
           2         325   3.3821491708158686        16.000000000000000        4.3879015952605194     
           2         326   3.3446233599725610        16.000000000000000        4.3878106585973731     
           2         327   3.3058322224840415        16.000000000000000        4.3873890685501085     
           2         328   3.3069622754504855        16.000000000000000        4.3874742483580595     
           2         329   3.3381759131025421        16.000000000000000        4.3878958341788179     
           2         330   3.3965063824698567        16.000000000000000        4.3889031823916360     
           2         331   3.3328124820779412        16.000000000000000        4.3878106585973731     
           2         332   8.0292104396209893        16.000000000000000        4.7126418222568081     
           2         333   10.446951385885889        16.000000000000000        6.4217389871595820     
           2         334   3.3166304914459950        16.000000000000000        4.3878106585973731     
           2         335   3.3157519279714762        16.000000000000000        4.3873890685501085     
           2         336   11.779232227061934        16.000000000000000        6.4219743608181581     
           2         337   3.3351368600009290        16.000000000000000        4.3878106585973731     
           2         338   10.677077187945436        16.000000000000000        6.4233513798805877     
           2         339   3.2942091497801034        16.000000000000000        4.3873890685501085     
           2         340   3.6652363394682270        16.000000000000000        4.3882096950357115     
           2         341   3.2938267913295953        16.000000000000000        4.3876446164121834     
           2         342   3.3164882288847104        16.000000000000000        4.3878106585973731     
           2         343   11.674933194038779        16.000000000000000        6.4227854611839383     
           2         344   3.3887295144957479        16.000000000000000        4.3895851641138224     
           2         345   3.3278532248187145        16.000000000000000        4.3878106585973731     
           2         346   3.3516540843213578        16.000000000000000        4.3883433871257314     
           2         347   3.3171642063080227        16.000000000000000        4.3884495440223832     
           2         348   3.3395622401203924        16.000000000000000        4.3880661937798653     
           2         349   3.2778061919416888        16.000000000000000        4.3872474724832839     
           2         350   3.3473009627868082        16.000000000000000        4.3882582160353589     
           2         351   3.3101298996391213        16.000000000000000        4.3880279856732427     
           2         352   3.3514521260598862        16.000000000000000        4.3878106585973731     
           2         353   10.428062919043040        16.000000000000000        6.4213666890525190     
           2         354   3.3266850166166040        16.000000000000000        4.3878106585973731     
           2         355   3.3565937875164642        16.000000000000000        4.3883433871257314     
           2         356   10.433657936163206        16.000000000000000        6.4213666890525190     
           2         357   10.275047896335916        16.000000000000000        6.4213666890525190     
           2         358   3.3064218959252045        16.000000000000000        4.3878149957177266     
           2         359   3.2817711212361056        16.000000000000000        4.3869919126875789     
           2         360   3.3783308488733139        16.000000000000000        4.3906502970042389     
           2         361   3.4220495061279768        16.000000000000000        4.3896637019035838     
           2         362   3.3304674287543330        16.000000000000000        4.3880661937798653     
           2         363   3.3479651018135539        16.000000000000000        4.3883433871257314     
           2         364   3.2790936078341315        16.000000000000000        4.3869919126875789     
           2         365   8.1751882919654175        16.000000000000000        4.7128420736803616     
           2         366   3.3420059700375875        16.000000000000000        4.3882582160353589     
           2         367   10.474237414907371        16.000000000000000        6.4213751481828689     
           2         368   3.3440989908900076        16.000000000000000        4.3878106585973731     
           2         369   3.3874412065240178        16.000000000000000        4.3876500457575371     
           2         370   3.3538507549438932        16.000000000000000        4.3874229778041416     
           2         371   3.3787522325398083        16.000000000000000        4.3888970677787711     
           2         372   10.318071996323226        16.000000000000000        6.4208718169312888     
           2         373   3.3309295760206536        16.000000000000000        4.3878106585973731     
           2         374   3.3281340324025690        16.000000000000000        4.3878106585973731     
           2         375   3.3801230541791316        16.000000000000000        4.3889888817379301     
           2         376   3.3720005030675662        16.000000000000000        4.3879015952605194     
           2         377   3.4691139874902350        16.000000000000000        4.3898835388681672     
           2         378   3.3405805263495982        16.000000000000000        4.3885137377448880     
           2         379   3.3792589887282318        16.000000000000000        4.3893721902972755     
           2         380   3.4294313833511643        16.000000000000000        4.3882423256888332     
           2         381   3.4413449268667002        16.000000000000000        4.3884553050626049     
           2         382   3.3962742070945202        16.000000000000000        4.3880334149909102     
           2         383   3.5484733532706030        16.000000000000000        4.3886504221379878     
           2         384   3.6476027806705251        16.000000000000000        4.3901416570302585     
           2         385   6.9354643442862089        16.000000000000000        2.7153519656633334     
           2         386   10.399603663650920        16.000000000000000        6.4213666890525190     
           2         387   3.3389373757185234        16.000000000000000        4.3884495440223832     
           2         388   3.5439461901115439        16.000000000000000        4.3887776164144041     
           2         389   8.0495811104126975        16.000000000000000        4.7128358825624801     
           2         390   3.4132945923428561        16.000000000000000        4.3892378675416266     
           2         391   3.3692206529241688        16.000000000000000        4.3883433871257314     
           2         392   12.115793426054518        16.000000000000000        6.4202605178450902     
           2         393   3.3288340271456667        16.000000000000000        4.3878106585973731     
           2         394   3.3153307059872072        16.000000000000000        4.3878106585973731     
           2         395   9.6817071845916107        16.000000000000000        4.7124071404734407     
           2         396   3.6780380268416977        16.000000000000000        4.3882245133636326     
           2         397   3.3538531742109194        16.000000000000000        4.3886840996159373     
           2         398   10.435622421227354        16.000000000000000        6.4223960626984233     
           2         399   3.3205738046945363        16.000000000000000        4.3876446164121834     
           2         400   3.3364844126482174        16.000000000000000        4.3878106585973731     
           2         401   3.3261714195238441        16.000000000000000        4.3878106585973731     
           2         402   3.3679008814045122        16.000000000000000        4.3883433871257314     
           2         403   3.3606644993559458        16.000000000000000        4.3873944979139257     
           2         404   11.901273388580158        16.000000000000000        6.4219743608181581     
           2         405   3.3013300669030019        16.000000000000000        4.3874742483580595     
           2         406   3.3816713558473448        16.000000000000000        4.3888185406632862     
           2         407   3.3907691523470467        16.000000000000000        4.3879015952605194     
           2         408   12.266328702893894        16.000000000000000        6.4225948820159271     
           2         409   3.3983572556721944        16.000000000000000        4.3893721902972755     
           2         410   3.3795016079198539        16.000000000000000        4.3879015952605194     
           2         411   3.3558231543137582        16.000000000000000        4.3878204250507711     
