  economy_id district_id expected_wage_bill budget belief_expected_Wage_bill
           1           1   99.273131701741377        746.02634913427732        124.86809175388402     
           1           2   96.851722245314747        730.00205520171698        124.80295862053156     
           1           3   107.13072967808803        812.13131781794505        125.00593455211607     
           1           4   99.622840076211858        879.73257045303069        124.86809175388402     
           1           5   99.126716405105753        892.08531921217389        124.86556432829040     
           1           6   99.268924069198775        719.57133198657971        124.86556432829040     
           1           7   99.707993969479460        770.51415193997877        124.88452214559749     
           1           8   992.46953142842267        847.81994000000009        708.39671637697234     
           1           9   96.220869405906527        839.62383399145313        124.79031514421330     
           1          10   96.784409318108459        892.78563188813780        124.80928117602647     
           1          11   96.532534122091363        734.54369391175521        124.80928117602647     
           1          12   258.49851191987676        750.95830325015083        134.25364819351705     
           1          13   97.686921832825817        843.51970419447957        124.84525717088708     
           1          14   101.77329336918427        824.34636712880501        124.92734782914499     
           1          15   98.969848923707090        905.20474613427723        124.86556432829040     
           1          16   98.202835231830761        722.31364423035450        124.83387932996108     
           1          17   99.283569124756113        763.09433259513492        124.86556432829040     
           1          18   97.875719247309405        784.43033082992019        124.82629508354640     
           1          19   99.206933523716486        857.64608070867075        124.87314686664224     
           1          20   99.028917469278610        858.14572420330421        124.86809175388402     
           1          21   97.475886489680505        745.22438740673249        124.83387932996108     
           1          22   97.809073217152232        736.66703763427734        124.82629508354640     
           1          23   99.959203629610371        814.09646003950354        124.86556432829040     
           1          24   99.897430309502084        829.90240306341491        124.86556432829040     
           1          25   96.254470916984445        832.19614438817291        124.79031514421330     
           1          26   98.932714509574254        686.61110849241607        124.86556432829040     
           1          27   106.53662847716318        742.39850241470356        125.31904011177980     
           1          28   98.593458629213586        707.56589125372864        124.83893593016971     
           1          29   103.71865921844874        794.29629813427755        124.96771095115265     
           1          30   477.62277065685021        818.09641973827740        297.70442540263167     
           1          31   3428.2958804578120        831.96290993549997        3085.2983572621442     
           1          32   99.567386272686505        708.97303045125409        124.86556432829040     
           1          33   98.494794178267753        727.99354100676146        124.82629508354640     
           1          34   99.085570456730437        708.61200586777238        124.91612940934087     
           1          35   100.01366450954595        783.35426596376840        124.86556432829040     
           1          36   99.356268017017896        662.21232041784663        124.88452214559749     
           1          37   97.722272582988182        703.24412809368050        124.82882307850144     
           1          38   101.76488888943236        761.50972104613186        124.91092144241014     
           1          39   99.098675559924303        753.81829965364170        124.86809175388402     
           1          40   101.47672819463634        778.37803636699721        124.91092144241014     
           1          41   96.636928539266279        667.42455816565223        124.79284366512286     
           1          42   99.125103764690536        703.15502213196885        124.91612940934087     
           1          43   97.936879400320990        742.60527513427746        124.83893593016971     
           1          44   100.86736431289511        768.84241279437288        124.92102955205769     
           1          45   101.74739749409093        746.75895744697868        124.87356990220735     
           1          46   104.27193548661221        645.66787458766566        124.95760550810462     
           1          47   4093.1530308841352        780.95737460713883        3580.8882589194104     
           1          48   100.19080315081079        724.40778827638599        124.86556432829040     
           1          49   3521.8942088281729        897.42869186070800        3410.0541433526928     
           1          50   429.22104724131839        939.51210713427736        185.55900645571069     
           1          51   96.295993402555808        653.98189103348830        124.80295862053156     
           1          52   101.99563357464710        703.96686683670464        124.88115239220988     
           1          53   99.045876003122572        690.41634456144322        124.86556432829040     
           1          54   103.15949107153739        779.79519280667307        124.97402756168798     
           1          55   100.51729950045706        850.21512775618999        124.86556432829040     
           1          56   106.28840173246830        678.80737888842157        125.31651493650899     
           1          57   99.105982816629364        685.90784485070799        124.92245249774042     
           1          58   108.50837336522565        733.41183112553949        125.00593455211607     
           1          59   97.870056683814511        747.03310732668274        124.82882307850144     
           1          60   99.396674298822148        812.36731536013212        124.86556432829040     
           1          61   4346.0071081368042        779.64743786250006        3806.2081827502097     
           1          62   98.285343700124642        726.93088522777862        124.80928117602647     
           1          63   100.89089395107311        730.22546947510250        124.93366665133182     
           1          64   99.071354681323129        793.11584613427749        124.87314686664224     
           1          65   98.682419054544823        788.31316996072519        124.82629508354640     
           1          66   307.29599109962464        686.34832117505994        182.16189998735214     
           1          67   99.010379678309576        753.24348489750423        124.86556432829040     
           1          68   99.013353688964855        748.06798881068403        124.86556432829040     
           1          69   100.76658637560372        761.88395660213541        124.89252759864277     
           1          70   99.653966424033840        825.35939906754948        124.86556432829040     
           1          71   97.666596651353984        665.91443313427726        124.84525717088708     
           1          72   99.306457202566165        718.08906407965742        124.89084250806818     
           1          73   99.409780847723567        744.35692682139415        124.86556432829040     
           1          74   99.075692939134697        764.99475699637821        124.86556432829040     
           1          75   100.91269206104502        789.21875956510655        124.86556432829040     
           1          76   99.141562091969405        714.59768782959259        124.87820232817775     
           1          77   103.19268721170118        703.13223809192584        124.96265805520383     
           1          78   101.18907736000477        771.06643513427753        124.91092144241014     
           1          79   99.531384724530639        764.19878759381390        124.86556432829040     
           1          80   346.98944742236063        815.64476544048546        184.89356494967222     
           1          81   99.006405332174907        696.05650501216780        124.87314686664224     
           1          82   99.722575085950481        734.41128037112878        124.86556432829040     
           1          83   100.93899035307942        728.82572765161990        124.86556432829040     
           1          84   100.48140345297426        783.95991864255143        124.86809175388402     
           1          85   349.19344894482208        753.00845955212401        184.82455303086326     
           1          86   101.14748105908548        678.15190902461188        124.87356990220735     
           1          87   101.81721778833811        707.02572507277375        124.96526894038139     
           1          88   300.57188211997959        754.17214925185033        182.07013570186555     
           1          89   99.346559094992813        775.81572507601049        124.86809175388402     
           1          90   106.52863948475232        809.76308433265456        125.00593455211607     
           1          91   102.30157467966497        634.22207183756154        124.87609731168425     
           1          92   100.77256243121828        716.37480891784662        124.90839463299763     
           1          93   103.07894067208717        719.80155864692961        124.96265805520383     
           1          94   99.119670876526641        765.15175447177603        124.87314686664224     
           1          95   102.43469730589950        823.26747396179405        124.89252759864277     
           1          96   239.89281451316319        662.56630913008405        134.09199307596032     
           1          97   99.327136410663073        674.66849719635388        124.86556432829040     
           1          98   97.744511516682053        705.17085622101092        124.79668189029074     
           1          99   99.282266400282950        754.71075341784672        124.88452214559749     
           1         100   99.172680283714996        781.99127403642387        124.86556432829040     
           1         101   100.69127555303251        685.86941870384078        124.86556432829040     
           1         102   101.68659604273412        680.79624594590882        124.89252759864277     
           1         103   99.111160779058920        708.43069755601766        124.87314686664224     
           1         104   99.034932179220206        727.15202768721861        124.86556432829040     
           1         105   99.062077881788767        790.15410177513832        124.86556432829040     
           1         106   99.563839481258270        698.21857413427722        124.86556432829040     
           1         107   120.57578477704813        739.74089801343735        125.32914170323211     
           1         108   100.45305867185472        717.04908735891092        124.87356990220735     
           1         109   103.17997289326341        765.94808997378300        124.98034471738274     
           1         110   105.13751263540853        745.06469713643185        124.95507936536441     
           1         111   99.510209285030186        672.66705654672489        124.86556432829040     
           1         112   99.095575091152284        730.56216471392872        124.86556432829040     
           1         113   103.17266613396009        752.57325513427747        124.96265805520383     
           1         114   243.96076645982131        748.14114783220805        134.08928087530660     
           1         115   101.06632956791779        795.23876653916818        124.87609731168425     
           1         116   107.56282960553537        656.75228555633362        125.32409072942575     
           1         117   363.73677671743644        756.34916685448525        169.14072727044172     
           1         118   376.39434230761907        808.05841714251619        182.95450660192279     
           1         119   418.68650517833066        858.02244273141605        185.62127142417557     
           1         120   98.966350439824751        791.78420813427749        124.86809175388402     
           1         121   113.25200032477140        696.25576214205114        125.41218153307081     
           1         122   104.00598158305199        696.50793644934720        124.95760550810462     
           1         123   97.710676998078952        749.81535045767828        124.82629508354640     
           1         124   99.449914890481921        820.41058303739237        124.87314686664224     
           1         125   103.31621797689463        823.53825419950169        124.93629230668186     
           1         126   103.21038625812346        668.70988234657671        124.92491987723459     
           1         127   651.48859962504775        805.58441641784657        604.48374895738812     
           1         128   101.23633914622796        727.11268698078709        124.95894739200220     
           1         129   97.981891665910851        781.55605462731432        124.85157895660446     
           1         130   100.97956702684445        830.64044766562245        124.90839463299763     
           1         131   99.150161544502879        678.45860221286136        124.86556432829040     
           1         132   965.63662656320048        798.75571332984657        574.57376129234376     
           1         133   12015.375656879340        896.22677312799988        10734.986797934993     
           1         134   99.029710184924582        765.07901913427736        124.86556432829040     
           1         135   99.239307348303257        836.65971203352353        124.87820232817775     
           1         136   5205.5059114317446        802.98995001196931        4143.1788837230479     
           1         137   97.802150769197127        709.42348125254341        124.82629508354640     
           1         138   98.938464773069185        740.19905006127112        124.86556432829040     
           1         139   99.788532898221519        819.74743413840599        124.87314686664224     
           1         140   234.48361515807721        797.29683029911291        134.06271703606674     
           1         141   6635.5792221844240        767.54043899999988        4973.1119001478055     
           1         142   17035.359734331596        810.85646454863854        16011.851346756752     
           1         143   102.24710203497928        751.78048538641667        124.92102955205769     
           1         144   97.732630911341488        770.58198407694113        124.83387932996108     
           1         145   97.997153762681052        824.48145708165941        124.87687155038768     
           1         146   123.36927234194292        686.60584100215613        125.36703536274049     
           1         147   99.008261324160628        742.37711021466123        124.86556432829040     
           1         148   114.17193601662703        707.60722141784686        125.33545592139093     
           1         149   117.59032404493210        794.29375543646393        125.41723076806012     
           1         150   10638.620216741347        972.57894055500014        8726.1394965587169     
           1         151   15288.185591914333        740.21102402827728        13849.601872749392     
           1         152   100.80611205049416        728.34961026271537        124.90839463299763     
           1         153   97.951568261458149        743.43560291536005        124.82629508354640     
           1         154   111.57118876077701        738.75472829203409        125.31651493650899     
           1         155   99.627087174230624        793.40482713427741        124.86556432829040     
           1         156   100.14649027716817        689.51266465377967        124.87314686664224     
           1         157   99.571638397063381        721.46954705388043        124.87820232817775     
           1         158   307.74915990861996        773.79841998704580        182.16189998735214     
           1         159   107.97166930867920        776.98553579631323        125.33545592139093     
           1         160   99.890584909515837        798.24291748991095        124.86556432829040     
           1         161   309.00906096535454        671.09948209169431        182.16189998735214     
           1         162   311.77671130335955        726.95555813427734        182.16557093638545     
           1         163   99.003680105768453        770.31871795293659        124.87820232817775     
           1         164   97.510540317118000        805.48630377175721        124.83387932996108     
           1         165   106.01447177534840        780.11629869771286        125.21904008118233     
           1         166   99.191458103142807        672.96415914353588        124.86809175388402     
           1         167   98.084152467315462        676.31048921081333        124.84525717088708     
           1         168   99.601947445041247        757.91438213693027        124.86556432829040     
           1         169   106.43652794788838        825.94205785070824        125.03119269347104     
           1         170   236.31436816814212        848.36732256432902        134.04241017883714     
           1         171   109.50587922982005        658.69031066092862        125.31651493650899     
           1         172   110.15611575212306        709.46869487790616        125.31651493650899     
           1         173   100.06656863321332        716.93002326736189        124.86556432829040     
           1         174   103.97203967437748        788.02516737629890        125.16469403788992     
           1         175   309.99393350814967        889.94930532541673        182.16189998735214     
           1         176   4451.5388349090472        903.36799156713857        4347.3379497453352     
           1         177   111.75595547296136        704.22059430157833        125.42985541771691     
           1         178   99.777001873458346        760.82360215759832        124.87314686664224     
           1         179   100.44130729400422        757.70394665939386        124.86556432829040     
           1         180   310.02794366637437        813.28110911937881        182.16189998735214     
           1         181   312.62382850825389        719.64430067176420        182.17291321145933     
           1         182   233.49093948209506        726.90650826472609        134.01657214373918     
           1         183   97.592720447235436        730.26835513427750        124.85157895660446     
           1         184   99.486393772368132        793.11373798656155        124.87314686664224     
           1         185   101.31718297055237        788.30868267380629        124.88115239220988     
           1         186   101.42633791085538        686.34365745600530        124.88620782151305     
           1         187   97.598055377127508        733.05997993129517        124.82882307850144     
           1         188   113.31737576922863        741.04903790572257        125.50333405998620     
           1         189   97.929436724682176        758.55048754291909        124.83893593016971     
           1         190   101.03896898713585        847.84532313427724        124.90839463299763     
           1         191   97.924315868762321        672.22405063065275        124.82629508354640     
           1         192   103.15732453991734        738.26145233201555        124.91986603098182     
           1         193   101.05673403305401        733.27972979816627        124.88620782151305     
           1         194   133.92990197765459        771.97837431167648        125.31651493650899     
           1         195   309.87863642870929        802.70386703693578        182.16189998735214     
           1         196   97.244935902723697        719.05643914253437        124.79284366512286     
           1         197   107.46382755552530        704.31075963427725        125.34177069616702     
           1         198   101.13344074086488        780.03750514923934        124.91597532282807     
           1         199   98.968718741075264        736.66003434273523        124.86556432829040     
           1         200   99.685995363131170        815.44356788784296        124.86556432829040     
           1         201   242.96464083600551        676.93521954827293        134.09741775761782     
           1         202   99.704063197044391        727.74855973078650        124.86556432829040     
           1         203   104.34456032165586        746.88861658646567        124.95507936536441     
           1         204   98.929195497979322        805.42378991784699        124.86556432829040     
           1         205   99.344863207833697        763.97716982479585        124.86556432829040     
           1         206   106.05584531954250        697.26203104083697        125.01856253245107     
           1         207   99.606642736660874        696.50211544004014        124.88452214559749     
           1         208   98.793071198421600        751.85367810060291        124.83387932996108     
           1         209   100.97101060567188        789.86806154433839        124.87314686664224     
           1         210   101.21211026136766        774.19725817859910        124.91092144241014     
           1         211   99.700394502114094        628.71030641784660        124.86556432829040     
           1         212   105.40670458087928        696.19515004031518        125.23589654713076     
           1         213   311.75740379148260        719.79666948672661        182.16189998735214     
           1         214   99.218366621342227        757.78660325622138        124.86556432829040     
           1         215   98.998941696162376        799.89822791802101        124.86556432829040     
           1         216   99.301532789598497        656.24876464893157        124.86556432829040     
           1         217   310.10011342189574        691.82897036909696        182.17291321145933     
           1         218   99.440225386043380        725.62392141784687        124.86556432829040     
           1         219   7540.1674607686764        936.18785653819998        6598.7754456000448     
           1         220   105.63329479958104        805.35344800590997        125.02487734035250     
           1         221   18752.717147322877        787.26202270199985        17557.034397241998     
           1         222   99.064455508538472        660.61311681715199        124.87820232817775     
           1         223   99.267082810263631        701.41241731334787        124.86809175388402     
           1         224   21162.133285198441        887.23725109599991        20531.342748901065     
           1         225   134.93812414152262        782.48503241784670        125.31651493650899     
           1         226   35326.041890516870        808.64531408500011        33461.003997633459     
           1         227   131.54560766348263        719.55817378524239        125.31651493650899     
           1         228   310.56942170247515        710.03066326271085        182.16189998735214     
           1         229   313.07936951329333        765.94259747877732        182.17361701018325     
           1         230   22473.737041402863        958.77848216499990        20155.296238195409     
           1         231   99.718585998532745        688.92128292867221        124.86809175388402     
           1         232   103.12422425039313        749.99650663427735        124.96771095115265     
           1         233   99.113969970106766        741.49800557901574        124.87820232817775     
           1         234   100.76624810661635        768.00460415999123        124.92102955205769     
           1         235   98.336858477012328        817.67813810403106        124.82629508354640     
           1         236   96.339990340652818        646.78222873122695        124.79031514421330     
           1         237   306.97683094161295        718.06852036803821        182.10810075781313     
           1         238   98.360767973192324        786.79462531902936        124.82629508354640     
           1         239   100.12114649363217        791.36037213427755        124.86556432829040     
           1         240   100.06613401427714        791.78206166499456        124.86556432829040     
           1         241   308.21578496229409        696.25144803564774        182.16189998735214     
           1         242   100.02352291581451        696.50324215992975        124.86556432829040     
           1         243   117.45344174727718        749.80916107635437        125.41723076806012     
           1         244   99.575428554946129        820.40402883149000        124.86556432829040     
           1         245   43941.590805377200        977.39782128000024        41171.744836478072     
           1         246   470.75050089454191        685.78196913427723        183.26362165560124     
           1         247   99.557880478290016        747.92457719521190        124.86556432829040     
           1         248   242.15356746319969        734.12141852319996        134.11640708737482     
           1         249   101.14187299446927        803.85233329683547        124.90839463299763     
           1         250   99.574849074001591        795.09173351671438        124.86556432829040     
           1         251   100.89705608944298        672.89402355294737        124.91092144241014     
           1         252   50679.246080446930        833.37757769999985        47585.178454822184     
           1         253   100.03866755297041        759.99390513427750        124.86556432829040     
           1         254   100.56618010140761        765.07673669609449        124.87820232817775     
           1         255   99.588505124078566        836.65484941973011        124.86556432829040     
           1         256   99.822544806715172        671.46140667133966        124.86556432829040     
           1         257   98.998800791626053        726.59844719808711        124.86556432829040     
           1         258   99.213710880000946        760.59512693088641        124.87314686664224     
           1         259   111.09382076101298        799.59934814985911        125.25484356583890     
           1         260   318.01532074799070        807.23648441784667        182.22825242765376     
           1         261   99.479732801197343        710.91639336753246        124.86556432829040     
           1         262   103.75063871427784        679.41502489322897        124.87356990220735     
           1         263   470.12300319381978        743.47876325427728        260.10271840119401     
           1         264   102.95569545042444        757.69624831856015        124.91597532282807     
           1         265   1391.6835844404695        750.43928018784663        1272.3090893818469     
           1         266   96.652633506425531        679.19909155147695        124.79031514421330     
           1         267   99.524080008454774        698.80628791784670        124.86556432829040     
           1         268   100.17292936111239        681.74115131283929        124.86556432829040     
           1         269   303.06318466131188        754.32805384973506        182.10442897554609     
           1         270   101.13739516052064        777.38347041983025        124.86556432829040     
           1         271   100.36804241366599        672.28533332980055        124.86556432829040     
           1         272   102.32807206989519        730.61027034546350        124.91733923865252     
           1         273   99.036982283014154        723.36705121173463        124.92245249774042     
           1         274   238.83776268382758        749.55228191784681        134.06743764114870     
           1         275   99.222330512884810        783.79501549262716        124.86556432829040     
           1         276   97.727845179566529        673.75541602496503        124.85157895660446     
           1         277   110.88969054632592        711.22816563225149        125.31904011177980     
           1         278   100.33813767021910        739.06589174179339        124.87820232817775     
           1         279   98.440208929893146        718.03053050994845        124.80426767153951     
           1         280   101.08106598287907        757.14742909712288        124.92734782914499     
           1         281   99.079962759181669        624.73428641784665        124.86556432829040     
           1         282   97.894946737476815        695.40123060370070        124.83893593016971     
           1         283   447.39362128412273        731.19112009204002        183.20934284533453     
           1         284   99.114662169321420        805.48079638352533        124.86556432829040     
           1         285   99.113564377075321        780.10985172155983        124.86556432829040     
           1         286   103.48860249846008        672.95881347570162        124.97402756168798     
           1         287   98.143559149143456        663.05589349223271        124.82882307850144     
           1         288   101.45397624814929        749.52954141784687        124.96526894038139     
           1         289   96.282733471171042        816.82401919646873        124.79284366512286     
           1         290   99.290405324201231        804.13167669739903        124.82629508354640     
           1         291   100.11353207455596        654.34117908095732        124.86556432829040     
           1         292   96.668583646645914        702.48563506874461        124.80295862053156     
           1         293   110.90809263692412        716.92439077562813        125.31651493650899     
           1         294   98.942562266374196        780.63652653769577        124.87820232817775     
           1         295   99.472092454081888        854.01620213427736        124.87314686664224     
           1         296   100.32363538367480        694.75068384362737        124.86556432829040     
           1         297   99.369652066643596        699.50399578540100        124.86809175388402     
           1         298   100.89362980698247        760.81919774314747        124.95894739200220     
           1         299   99.161220564866412        757.69804733263516        124.86809175388402     
           1         300   99.027077166757522        813.27487627021890        124.88452214559749     
           1         301   100.16712468106151        719.61856118718526        124.86556432829040     
           1         302   99.635429907869920        716.43665463427737        124.86556432829040     
           1         303   247.24033323876978        731.10228893106319        134.09788230303323     
           1         304   101.24022842073549        793.10947892426827        124.88115239220988     
           1         305   105.29666370442258        788.30426734682464        125.31651493650899     
           1         306   99.891949765961442        686.33761747462859        124.85157895660446     
           1         307   103.08965880498188        712.87605725800017        124.89252759864277     
           1         308   101.15089533541513        734.01182458268090        124.83597158894372     
           1         309   98.202911758505508        758.59293813427746        124.82882307850144     
           1         310   101.96473360931098        847.84302320380880        124.90839463299763     
           1         311   99.191720570696134        672.21953417792463        124.86809175388402     
           1         312   97.664440257812117        738.25663949737020        124.82629508354640     
           1         313   100.84110427651613        733.27345608080100        124.92102955205769     
           1         314   99.579453770360374        790.96172553600002        124.86809175388402     
           1         315   102.48990327959781        825.12159464583920        124.92102955205769     
           1         316   100.39588951051920        701.81734113427729        124.86556432829040     
           1         317   99.008492115481616        699.59631004122400        124.86556432829040     
           1         318   101.25413574822366        753.51280842655251        124.92102955205769     
           1         319   102.56495167693681        728.41902543595324        124.91092144241014     
           1         320   97.995319865183589        803.25630031178594        124.84525717088708     
           1         321   308.14312434904735        675.85348492926505        182.16189998735214     
           1         322   98.970528178018156        722.21346410456931        124.87820232817775     
           1         323   377.56417682799554        675.61249770141603        182.96990270631045     
           1         324   101.56297681546695        779.51736950932752        124.88115239220988     
           1         325   101.43247172644584        743.23653853080395        124.93045770906454     
           1         326   99.968321353056254        686.23166196084424        124.86556432829040     
           1         327   99.403358325502964        690.98991013596822        124.87820232817775     
           1         328   99.437796762743602        734.19265625927346        124.86556432829040     
           1         329   99.750614387776508        792.34711609363592        124.86556432829040     
           1         330   100.80317529970444        784.24555613427754        124.87356990220735     
           1         331   99.570941748519260        646.74958959569744        124.87314686664224     
           1         332   243.55292551231946        677.14660163832127        134.09741775761782     
           1         333   312.84777245573355        725.61235358810211        182.18943516844584     
           1         334   99.008152162110193        751.67497190037705        124.88452214559749     
           1         335   99.766133874162094        806.29358170449404        124.86556432829040     
           1         336   361.85720006085359        650.98636038080349        182.84025055521349     
           1         337   99.651144421748100        680.21742891784675        124.87820232817775     
           1         338   314.16787230287019        699.39838329478380        182.17361701018325     
           1         339   98.963099035279740        760.81486892144051        124.86809175388402     
           1         340   112.70477609768278        827.78429565583542        125.32409072942575     
           1         341   98.935059986002642        706.84747922797692        124.86556432829040     
           1         342   98.982342983373314        685.49449104471796        124.86556432829040     
           1         343   351.01808320267133        734.92243649230011        182.83291434553038     
           1         344   96.708474586417310        717.75450191784682        124.81560427647740     
           1         345   99.403097309129436        790.19739463073472        124.88452214559749     
           1         346   99.349549496027592        698.21087314622503        124.89084250806818     
           1         347   98.982532651754710        720.68573891092569        124.86809175388402     
           1         348   99.781069207622096        716.61224871195748        124.86556432829040     
           1         349   100.86289982221537        764.31161481724644        124.92102955205769     
           1         350   99.187959455361508        777.08329182250270        124.87314686664224     
           1         351   99.526728614885172        691.91508213427733        124.86809175388402     
           1         352   100.22724660619900        773.43102883510130        124.86556432829040     
           1         353   311.97104188224330        766.16393765691373        182.16189998735214     
           1         354   99.351256814740879        761.01586385913652        124.87314686664224     
           1         355   99.492323781166888        825.38623969257981        124.86556432829040     
           1         356   318.25773267453741        665.89192418451046        182.22825242765376     
           1         357   306.63055556672907        718.04352092788099        182.16189998735214     
           1         358   101.24570248375798        786.84289513427757        124.91092144241014     
           1         359   99.209853649295610        791.35791964079965        124.86556432829040     
           1         360   99.173818613291743        791.77781516612231        124.86556432829040     
           1         361   99.555939711269389        696.24730239569851        124.88452214559749     
           1         362   99.464028181726150        696.49775298309942        124.86556432829040     
           1         363   99.202214270712759        749.80348177773351        124.86809175388402     
           1         364   97.589943442330110        798.07751575965813        124.82882307850144     
           1         365   244.93355479328139        803.66852013427729        134.09788230303323     
           1         366   102.95439122766749        666.66465660470931        124.95507936536441     
           1         367   313.79116672118607        747.92004641728488        182.18463016352518     
           1         368   101.87703380630855        734.11697261615404        124.90839463299763     
           1         369   102.49769208460417        803.84638487862287        124.87356990220735     
           1         370   98.801609777328522        795.08552846205555        124.81564781458866     
           1         371   98.662352929458478        678.10948560734130        124.88319606178855     
           1         372   310.65689816956910        708.96130413427738        182.16189998735214     
           1         373   99.489974767540687        786.21450318469010        124.86556432829040     
           1         374   99.394636854352242        766.32506225900261        124.86809175388402     
           1         375   96.474150183899852        846.52142020908673        124.79284366512286     
           1         376   108.17979629715067        647.85564190542209        125.04229091804966     
           1         377   105.30558917476097        719.93019814140860        124.96505228156030     
           1         378   98.958723606316354        739.33164490493198        124.87820232817775     
           1         379   99.251797560306116        792.23810913427747        124.86556432829040     
           1         380   103.05334006224157        807.23431467627756        124.89252759864277     
           1         381   103.42761904036867        710.91209401236893        124.87356990220735     
           1         382   102.79434642997677        679.41099645259226        124.87356990220735     
           1         383   107.06110297850522        761.93501490067638        125.34177069616702     
           1         384   110.31891819614718        757.69005374580297        125.31651493650899     
           1         385   243.21837920223729        678.26021043569335        77.733447825421095     
           1         386   310.98542588173456        697.60463141784669        182.16189998735214     
           1         387   101.63559005685316        712.04082091238558        124.91597532282807     
           1         388   105.73218421378067        709.09363268294078        125.31651493650899     
           1         389   240.40112025690922        762.55951905870188        134.09741775761782     
           1         390   99.292442706933087        817.14173503054451        124.86809175388402     
           1         391   104.06437145617006        688.03583619461619        124.96265805520383     
           1         392   377.39948369133515        651.47492767433619        182.68984295470872     
           1         393   97.871323397328453        744.11598885070828        124.82629508354640     
           1         394   98.941719250695996        767.20977716984078        124.86556432829040     
           1         395   296.42746763758697        745.30731853648967        134.49307704331162     
           1         396   112.14795322042796        694.74082534033755        125.37335292157121     
           1         397   99.383510097574785        736.11500611742213        124.86809175388402     
           1         398   315.43136308813683        772.59150392587685        182.29800721024665     
           1         399   99.924006152226767        748.54071173872762        124.86556432829040     
           1         400   98.119888881060362        796.95185413427737        124.82882307850144     
           1         401   99.343755731820792        646.79653764193108        124.88452214559749     
           1         402   104.06128488234874        725.81443668467523        125.00561879263759     
           1         403   101.47432331771020        790.70734813098784        124.87356990220735     
           1         404   366.78232633955378        813.70977770286549        182.83291434553038     
           1         405   99.223209499656107        792.25881687977187        124.86809175388402     
           1         406   99.356061937522028        676.63775295949995        124.87314686664224     
           1         407   101.60504625409808        686.85644763427729        124.89884792082509     
           1         408   376.67284191064903        756.00214270847960        182.84025055521349     
           1         409   101.75499603629363        853.46765327191440        124.92102955205769     
           1         410   103.23696233027394        843.89035184696502        124.91733923865252     
           1         411   101.29259879726774        671.68558473223436        124.88620782151305     
           2           1   99.564399663373010        746.02634913427732        126.46376874595630     
           2           2   106.76684150063235        730.00205520171698        126.60684577066240     
           2           3   100.48202971126427        812.13131781794505        126.45643044942068     
           2           4   103.99626728395248        879.73257045303069        126.55817222230033     
           2           5   99.414940937376102        892.08531921217389        126.45643044942068     
           2           6   99.555036720485106        719.57133198657971        126.45643044942068     
           2           7   99.966751486672081        770.51415193997877        126.45643044942068     
           2           8   718.79850740578058        847.81994000000009        491.36538106365413     
           2           9   99.282050671985573        839.62383399145313        126.45643044942068     
           2          10   99.927014107649200        892.78563188813780        126.46376874595630     
           2          11   99.637776453844936        734.54369391175521        126.46866134880281     
           2          12   235.50661918176382        750.95830325015083        135.75799740130566     
           2          13   97.967552476678804        843.51970419447957        126.42719006694219     
           2          14   97.240243540474012        824.34636712880501        126.37691897098192     
           2          15   101.05956531931997        905.20474613427723        126.50162314172735     
           2          16   98.481010977224287        722.31364423035450        126.42229627473031     
           2          17   99.589650456189560        763.09433259513492        126.47477755819321     
           2          18   99.705332033043021        784.43033082992019        126.45643044942068     
           2          19   99.488506914486095        857.64608070867075        126.45887646724017     
           2          20   99.377480694220168        858.14572420330421        126.51148545292840     
           2          21   96.496189898427190        745.22438740673249        126.37691897098192     
           2          22   99.647439151755066        736.66703763427734        126.46866134880281     
           2          23   100.25749742764280        814.09646003950354        126.47477755819321     
           2          24   100.17984862548120        829.90240306341491        126.45887646724017     
           2          25   99.321568781820474        832.19614438817291        126.45643044942068     
           2          26   99.223278188683238        686.61110849241607        126.45643044942068     
           2          27   104.62483832289053        742.39850241470356        126.44809915460966     
           2          28   100.46840026127687        707.56589125372864        126.45887646724017     
           2          29   99.925095352584592        794.29629813427755        126.47477755819321     
           2          30   479.10704499907791        818.09641973827740        298.00533760957063     
           2          31   3428.2750036873354        831.96290993549997        3071.9003958293060     
           2          32   98.308083413289467        708.97303045125409        126.42719006694219     
           2          33   98.790789902783274        727.99354100676146        126.43330776299598     
           2          34   99.340690973365355        708.61200586777238        126.47477755819321     
           2          35   100.29164399442622        783.35426596376840        126.45643044942068     
           2          36   101.45878674999065        662.21232041784663        126.50406851640180     
           2          37   101.36385504882546        703.24412809368050        126.50162314172735     
           2          38   100.15450322523269        761.50972104613186        126.45643044942068     
           2          39   99.384384269001785        753.81829965364170        126.45643044942068     
           2          40   99.902215962771464        778.37803636699721        126.46866134880281     
           2          41   99.767020979957039        667.42455816565223        126.45643044942068     
           2          42   101.17124570343479        703.15502213196885        126.50406851640180     
           2          43   99.764634377564107        742.60527513427746        126.46376874595630     
           2          44   99.349987283417477        768.84241279437288        126.46866134880281     
           2          45   102.01499358687798        746.75895744697868        126.46895210438090     
           2          46   100.40075212893770        645.66787458766566        126.50536620379258     
           2          47   4776.7228650106781        780.95737460713883        4249.6744874812730     
           2          48   100.46882083380281        724.40778827638599        126.45643044942068     
           2          49   3707.9843373225058        897.42869186070800        3596.2164444017294     
           2          50   427.11143006743885        939.51210713427736        187.50059696342507     
           2          51   99.353874442692430        653.98189103348830        126.45643044942068     
           2          52   106.89232023076242        703.96686683670464        126.56953735564228     
           2          53   99.337562411266276        690.41634456144322        126.45887646724017     
           2          54   101.28694887268441        779.79519280667307        126.52608053536079     
           2          55   100.78889583750170        850.21512775618999        126.45887646724017     
           2          56   106.50278530616296        678.80737888842157        126.47269243380428     
           2          57   99.333519163059549        685.90784485070799        126.45643044942068     
           2          58   101.47286157588154        733.41183112553949        126.48089427410636     
           2          59   99.696484481661031        747.03310732668274        126.45643044942068     
           2          60   96.862006110023614        812.36731536013212        126.38915559267809     
           2          61   5302.0366282316509        779.64743786250006        4741.9119286297264     
           2          62   101.76691114228430        726.93088522777862        126.51148545292840     
           2          63   105.88089656028590        730.22546947510250        126.60684577066240     
           2          64   103.32555822754448        793.11584613427749        126.55817222230033     
           2          65   97.599623494924074        788.31316996072519        126.38426070095275     
           2          66   299.55849299345675        686.34832117505994        184.95823788692931     
           2          67   96.534072715246140        753.24348489750423        126.38426070095275     
           2          68   99.302996214166612        748.06798881068403        126.45643044942068     
           2          69   99.362017509311030        761.88395660213541        126.41766239385257     
           2          70   101.81390320814216        825.35939906754948        126.51385082547263     
           2          71   99.457475512680134        665.91443313427726        126.45643044942068     
           2          72   103.58940171955388        718.08906407965742        126.56306214828167     
           2          73   99.692566973498487        744.35692682139415        126.45643044942068     
           2          74   97.869268747253173        764.99475699637821        126.43330776299598     
           2          75   101.18160324787958        789.21875956510655        126.45887646724017     
           2          76   99.415821727908693        714.59768782959259        126.45643044942068     
           2          77   99.485187023086979        703.13223809192584        126.46376874595630     
           2          78   103.66285337068878        771.06643513427753        126.55328262051518     
           2          79   99.829235916927175        764.19878759381390        126.46866134880281     
           2          80   347.92370688588494        815.64476544048546        187.40734991145766     
           2          81   99.287997410823309        696.05650501216780        126.45643044942068     
           2          82   98.437665601589117        734.41128037112878        126.41740280661368     
           2          83   101.21082188507491        728.82572765161990        126.45887646724017     
           2          84   100.75357360373349        783.95991864255143        126.45887646724017     
           2          85   374.42422282264027        753.00845955212401        187.59841348399024     
           2          86   101.41520942239718        678.15190902461188        126.45672120794811     
           2          87   100.13798946920572        707.02572507277375        126.45643044942068     
           2          88   310.48186103161441        754.17214925185033        185.09101192445661     
           2          89   99.632246524800181        775.81572507601049        126.45887646724017     
           2          90   100.03698377159893        809.76308433265456        126.45643044942068     
           2          91   102.55936866180204        634.22207183756154        126.45916722517779     
           2          92   97.769402185306490        716.37480891784662        126.42719006694219     
           2          93   99.414502279718846        719.80155864692961        126.48089427410636     
           2          94   99.399282457196975        765.15175447177603        126.45643044942068     
           2          95   100.89211399370349        823.26747396179405        126.42744965195472     
           2          96   240.58298267005128        662.56630913008405        135.82374167818185     
           2          97   101.44668097752364        674.66849719635388        126.50162314172735     
           2          98   101.07943058731635        705.17085622101092        126.46895210438090     
           2          99   99.547218157189960        754.71075341784672        126.45643044942068     
           2         100   99.487652097706871        781.99127403642387        126.48089427410636     
           2         101   97.913024356572222        685.86941870384078        126.38915559267809     
           2         102   101.93108462855407        680.79624594590882        126.45672120794811     
           2         103   99.411964522431248        708.43069755601766        126.47477755819321     
           2         104   96.574441155433533        727.15202768721861        126.40139423992268     
           2         105   97.844561824624947        790.15410177513832        126.42229627473031     
           2         106   99.846273976325634        698.21857413427722        126.45643044942068     
           2         107   120.63025131371094        739.74089801343735        126.49103895847938     
           2         108   102.68174428144069        717.04908735891092        126.51417574520363     
           2         109   99.453785039057195        765.94808997378300        126.45643044942068     
           2         110   103.06945899540072        745.06469713643185        126.51996542713030     
           2         111   99.814859556844937        672.66705654672489        126.47477755819321     
           2         112   101.19857846897226        730.56216471392872        126.50406851640180     
           2         113   99.481040490747873        752.57325513427747        126.47477755819321     
           2         114   244.61241642510691        748.14114783220805        135.83686917847214     
           2         115   99.653584234335099        795.23876653916818        126.42255586085588     
           2         116   110.42284589382795        656.75228555633362        126.56841262487747     
           2         117   324.87605899912268        756.34916685448525        171.06715721060826     
           2         118   375.50661116739394        808.05841714251619        185.17468453215480     
           2         119   419.60055489601700        858.02244273141605        187.60582235868415     
           2         120   101.07973713899676        791.78420813427749        126.52608053536079     
           2         121   110.16039460999583        696.25576214205114        126.48003049628032     
           2         122   107.00180196648780        696.50793644934720        126.65329580040236     
           2         123   101.35611044551723        749.81535045767828        126.50406851640180     
           2         124   99.728967816529661        820.41058303739237        126.45887646724017     
           2         125   103.55773835910931        823.53825419950169        126.50194806458143     
           2         126   101.45038544111253        668.70988234657671        126.46895210438090     
           2         127   583.21488124208474        805.58441641784657        505.18739043369425     
           2         128   98.115275477897157        727.11268698078709        126.43942596552363     
           2         129   98.250346340706969        781.55605462731432        126.42719006694219     
           2         130   96.671446991680199        830.64044766562245        126.39527466308817     
           2         131   97.915723077858857        678.45860221286136        126.41495619408700     
           2         132   966.40921804713537        798.75571332984657        557.76008705601839     
           2         133   12014.839714443566        896.22677312799988        10721.525257975625     
           2         134   97.827845326019698        765.07901913427736        126.43330776299598     
           2         135   99.519759096112423        836.65971203352353        126.46376874595630     
           2         136   4943.0940718651682        802.98995001196931        3909.2529206096947     
           2         137   98.101616772734744        709.42348125254341        126.42719006694219     
           2         138   99.229113101572793        740.19905006127112        126.45643044942068     
           2         139   101.99401552073792        819.74743413840599        126.55054603484845     
           2         140   242.02612649737253        797.29683029911291        135.82374167818185     
           2         141   6633.5622713975517        767.54043899999988        4942.8586160612558     
           2         142   17035.513331727539        810.85646454863854        16008.201030117862     
           2         143   102.52702245935428        751.78048538641667        126.52608053536079     
           2         144   96.732019247155591        770.58198407694113        126.37936613329333     
           2         145   101.63625978027977        824.48145708165941        126.50895950885912     
           2         146   123.42078582072391        686.60584100215613        126.52774569556681     
           2         147   99.298024873091165        742.37711021466123        126.45643044942068     
           2         148   114.22517326030126        707.60722141784686        126.47513837354060     
           2         149   111.74193148424902        794.29375543646393        126.44809915460966     
           2         150   10635.401542489792        972.57894055500014        8676.0694600052502     
           2         151   16070.530854164313        740.21102402827728        14583.529873942824     
           2         152   101.09602923617629        728.34961026271537        126.50162314172735     
           2         153   99.788481069820477        743.43560291536005        126.45643044942068     
           2         154   111.67858395412404        738.75472829203409        126.47269243380428     
           2         155   99.909651608236373        793.40482713427741        126.45643044942068     
           2         156   102.35099417652631        689.51266465377967        126.52608053536079     
           2         157   99.843383217309849        721.46954705388043        126.45887646724017     
           2         158   303.88642877310838        773.79841998704580        185.00338868492756     
           2         159   110.74829746875838        776.98553579631323        126.51949144999567     
           2         160   102.05609220865905        798.24291748991095        126.50162314172735     
           2         161   310.06284320503408        671.09948209169431        185.14449188126841     
           2         162   312.60998156067234        726.95555813427734        185.08210116139452     
           2         163   99.280022164688049        770.31871795293659        126.45643044942068     
           2         164   99.305248260625604        805.48630377175721        126.45887646724017     
           2         165   110.55008645757643        780.11629869771286        126.47269243380428     
           2         166   99.476059693023089        672.96415914353588        126.45643044942068     
           2         167   99.907379734373606        676.31048921081333        126.45643044942068     
           2         168   99.905607812773425        757.91438213693027        126.47477755819321     
           2         169   104.04072627556918        825.94205785070824        126.55083794118953     
           2         170   244.27346049947357        848.36732256432902        135.83193037773302     
           2         171   109.69694138777132        658.69031066092862        126.47269243380428     
           2         172   110.33787175670926        709.46869487790616        126.47513837354060     
           2         173   102.25939078412473        716.93002326736189        126.50895950885912     
           2         174   108.29033167452143        788.02516737629890        126.47269243380428     
           2         175   316.75951406735021        889.94930532541673        185.14132255389904     
           2         176   4451.4865181226069        903.36799156713857        4346.1285026272362     
           2         177   106.62684419848294        704.22059430157833        126.44809915460966     
           2         178   100.05303296251414        760.82360215759832        126.46376874595630     
           2         179   100.70258944947062        757.70394665939386        126.45643044942068     
           2         180   310.87971904654427        813.28110911937881        185.06784546333932     
           2         181   313.41664508305058        719.64430067176420        185.08210116139452     
           2         182   234.16453254551476        726.90650826472609        135.73829611263952     
           2         183   103.36617618384496        730.26835513427750        126.57528838173857     
           2         184   99.761982887226793        793.11373798656155        126.45643044942068     
           2         185   101.58756760920529        788.30868267380629        126.46895210438090     
           2         186   101.67710502627831        686.34365745600530        126.45672120794811     
           2         187   99.402932692520864        733.05997993129517        126.45643044942068     
           2         188   107.82379587791915        741.04903790572257        126.48492294339729     
           2         189   99.757437777912898        758.55048754291909        126.46376874595630     
           2         190   99.500527226801324        847.84532313427724        126.45643044942068     
           2         191   99.758297688923747        672.22405063065275        126.45643044942068     
           2         192   101.40080123558342        738.26145233201555        126.45916722517779     
           2         193   101.33786802440741        733.27972979816627        126.48118502673645     
           2         194   138.51156016288672        771.97837431167648        126.53171870159102     
           2         195   310.72465940997404        802.70386703693578        185.06428183165983     
           2         196   100.47590264933568        719.05643914253437        126.45643044942068     
           2         197   105.38966629427830        704.31075963427725        126.44809915460966     
           2         198   96.760384800547286        780.03750514923934        126.37691897098192     
           2         199   99.258950274960270        736.66003434273523        126.45643044942068     
           2         200   99.963648205313120        815.44356788784296        126.45643044942068     
           2         201   243.61466465240525        676.93521954827293        135.82636700451869     
           2         202   99.982441866895542        727.74855973078650        126.45643044942068     
           2         203   100.41005904955354        746.88861658646567        126.46376874595630     
           2         204   99.219869165855187        805.42378991784699        126.45643044942068     
           2         205   99.629380906291900        763.97716982479585        126.45643044942068     
           2         206   98.189957744713737        697.26203104083697        126.47002457667992     
           2         207   98.309394705835530        696.50211544004014        126.41740280661368     
           2         208   97.750985231838087        751.85367810060291        126.42587761234856     
           2         209   101.23038972171888        789.86806154433839        126.45643044942068     
           2         210   99.668183957206153        774.19725817859910        126.46866134880281     
           2         211   100.00153922898788        628.71030641784660        126.47477755819321     
           2         212   105.58342726322650        696.19515004031518        126.43219465305305     
           2         213   312.60355660398318        719.79666948672661        185.06428183165983     
           2         214   97.979375593424066        757.78660325622138        126.41740280661368     
           2         215   99.288562660658840        799.89822791802101        126.45643044942068     
           2         216   99.587402517307780        656.24876464893157        126.45643044942068     
           2         217   316.90425160803807        691.82897036909696        185.16626628653353     
           2         218   99.722724571475609        725.62392141784687        126.45643044942068     
           2         219   7538.6786050052897        936.18785653819998        6561.7918645203090     
           2         220   99.391928502490913        805.35344800590997        126.48089427410636     
           2         221   20760.162094404328        787.26202270199985        19530.612202656659     
           2         222   99.353312076417623        660.61311681715199        126.46866134880281     
           2         223   96.737983460047147        701.41241731334787        126.37936613329333     
           2         224   21161.693592707659        887.23725109599991        20509.796715560180     
           2         225   150.81374648759976        782.48503241784670        126.63327065211834     
           2         226   35324.500054979035        808.64531408500011        33407.014539265641     
           2         227   146.28491737902215        719.55817378524239        126.64426958658214     
           2         228   302.27459213716571        710.03066326271085        184.94754159970327     
           2         229   308.72207663458738        765.94259747877732        185.00376984330779     
           2         230   22472.100286623714        958.77848216499990        20071.171185787618     
           2         231   99.997706191542392        688.92128292867221        126.45643044942068     
           2         232   99.438654379295826        749.99650663427735        126.47477755819321     
           2         233   103.37569957323510        741.49800557901574        126.56306214828167     
           2         234   99.259175102963511        768.00460415999123        126.46866134880281     
           2         235   102.16220785896954        817.67813810403106        126.55666367656627     
           2         236   99.424704855346334        646.78222873122695        126.45887646724017     
           2         237   312.95723264782470        718.06852036803821        185.08210116139452     
           2         238   104.38166998689501        786.79462531902936        126.55083794118953     
           2         239   100.41568085999869        791.36037213427755        126.47477755819321     
           2         240   98.749867262653012        791.78206166499456        126.41740280661368     
           2         241   309.09415461713098        696.25144803564774        185.06428183165983     
           2         242   100.30190227485723        696.50324215992975        126.45643044942068     
           2         243   109.20818147538702        749.80916107635437        126.40260265801257     
           2         244   99.858451754415796        820.40402883149000        126.45643044942068     
           2         245   46154.639500493678        977.39782128000024        43320.982157009807     
           2         246   421.23989286921557        685.78196913427723        185.09885055291269     
           2         247   99.848216085340013        747.92457719521190        126.46376874595630     
           2         248   247.36343793480069        734.12141852319996        135.87493176728614     
           2         249   101.42955101773239        803.85233329683547        126.50406851640180     
           2         250   98.298597472515496        795.09173351671438        126.41495619408700     
           2         251   101.21000298035693        672.89402355294737        126.52608053536079     
           2         252   46013.686555430228        833.37757769999985        42800.341463884317     
           2         253   100.31731736351675        759.99390513427750        126.45643044942068     
           2         254   100.81210232571043        765.07673669609449        126.45643044942068     
           2         255   99.891048255924701        836.65484941973011        126.47477755819321     
           2         256   106.89775594210499        671.46140667133966        126.60440184295344     
           2         257   99.316121762453420        726.59844719808711        126.48089427410636     
           2         258   99.499906492053029        760.59512693088641        126.46376874595630     
           2         259   111.31380508015482        799.59934814985911        126.43219465305305     
           2         260   312.72232785922421        807.23648441784667        185.06428183165983     
           2         261   99.763347240592253        710.91639336753246        126.45643044942068     
           2         262   104.00007266377902        679.41502489322897        126.45916722517779     
           2         263   470.94395256921308        743.47876325427728        262.97006723600299     
           2         264   101.20645332693714        757.69624831856015        126.45643044942068     
           2         265   1391.5291800775931        750.43928018784663        1267.1119932440577     
           2         266   98.265237923830142        679.19909155147695        126.43942596552363     
           2         267   103.87417051421011        698.80628791784670        126.55328262051518     
           2         268   102.36311396648136        681.74115131283929        126.50406851640180     
           2         269   321.15944675746090        754.32805384973506        185.20645305598939     
           2         270   103.40464472391477        777.38347041983025        126.50162314172735     
           2         271   102.62984909957889        672.28533332980055        126.55054603484845     
           2         272   100.66014330648909        730.61027034546350        126.45672120794811     
           2         273   99.273812777410370        723.36705121173463        126.46376874595630     
           2         274   243.36179429910138        749.55228191784681        135.82374167818185     
           2         275   99.509070546352930        783.79501549262716        126.45643044942068     
           2         276   98.007719213970674        673.75541602496503        126.43330776299598     
           2         277   111.08724677070803        711.22816563225149        126.47269243380428     
           2         278   100.59630120597613        739.06589174179339        126.45643044942068     
           2         279   101.91720661414990        718.03053050994845        126.45672120794811     
           2         280   99.519770924173173        757.14742909712288        126.45643044942068     
           2         281   99.368812237971568        624.73428641784665        126.45643044942068     
           2         282   101.56604193500175        695.40123060370070        126.50895950885912     
           2         283   502.48753602963438        731.19112009204002        185.20690713963646     
           2         284   101.23683736648732        805.48079638352533        126.51996542713030     
           2         285   97.890394655656905        780.10985172155983        126.42229627473031     
           2         286   101.56124319519465        672.95881347570162        126.50895950885912     
           2         287   99.990720110494408        663.05589349223271        126.45643044942068     
           2         288   99.821952898113508        749.52954141784687        126.45643044942068     
           2         289   99.351402627261777        816.82401919646873        126.45643044942068     
           2         290   103.24000758386576        804.13167669739903        126.50895950885912     
           2         291   97.449140274914598        654.34117908095732        126.37936613329333     
           2         292   106.47830242785335        702.48563506874461        126.60440184295344     
           2         293   108.25802351505679        716.92439077562813        126.44809915460966     
           2         294   99.219538457722052        780.63652653769577        126.45643044942068     
           2         295   99.748628068806752        854.01620213427736        126.45643044942068     
           2         296   98.982379353243019        694.75068384362737        126.41740280661368     
           2         297   99.652538073428957        699.50399578540100        126.45643044942068     
           2         298   99.323646829995042        760.81919774314747        126.45643044942068     
           2         299   99.454001997402258        757.69804733263516        126.46376874595630     
           2         300   99.323833785385602        813.27487627021890        126.48089427410636     
           2         301   102.36769517155251        719.61856118718526        126.51385082547263     
           2         302   98.405478404713918        716.43665463427737        126.46390384117700     
           2         303   247.87433162389229        731.10228893106319        135.82405414004478     
           2         304   101.49206815371394        793.10947892426827        126.45672120794811     
           2         305   105.50130323400320        788.30426734682464        126.47269243380428     
           2         306   100.15329244369208        686.33761747462859        126.46390384117700     
           2         307   101.46592446766370        712.87605725800017        126.43356734661729     
           2         308   105.54240293114633        734.01182458268090        126.50439343863179     
           2         309   97.163465878028106        758.59293813427746        126.37691897098192     
           2         310   98.776901339427610        847.84302320380880        126.46390384117700     
           2         311   99.489386683106119        672.21953417792463        126.46866134880281     
           2         312   97.954360279172988        738.25663949737020        126.41740280661368     
           2         313   99.312574448018282        733.27345608080100        126.45643044942068     
           2         314   99.859499776133660        790.96172553600002        126.45643044942068     
           2         315   100.80541997780878        825.12159464583920        126.46376874595630     
           2         316   100.66582801446464        701.81734113427729        126.45887646724017     
           2         317   103.25213689551863        699.59631004122400        126.55083794118953     
           2         318   101.54576294133489        753.51280842655251        126.51996542713030     
           2         319   100.86313123070271        728.41902543595324        126.45643044942068     
           2         320   99.811709255620684        803.25630031178594        126.45643044942068     
           2         321   304.30170330459850        675.85348492926505        185.03012532583693     
           2         322   103.21655313991658        722.21346410456931        126.57528838173857     
           2         323   394.22346455523927        675.61249770141603        185.03403443731440     
           2         324   101.80135166803214        779.51736950932752        126.45916722517779     
           2         325   101.61393427650931        743.23653853080395        126.45916722517779     
           2         326   100.24635533855728        686.23166196084424        126.45643044942068     
           2         327   98.132743851732400        690.98991013596822        126.41495619408700     
           2         328   98.174311563834976        734.19265625927346        126.41740280661368     
           2         329   100.03024277331221        792.34711609363592        126.45887646724017     
           2         330   103.07489976021522        784.24555613427754        126.52029034529929     
           2         331   99.843128170607841        646.74958959569744        126.45643044942068     
           2         332   236.83343163175775        677.14660163832127        135.75799740130566     
           2         333   313.57959742632028        725.61235358810211        185.07497307809157     
           2         334   99.277558624666185        751.67497190037705        126.45643044942068     
           2         335   98.467663371881102        806.29358170449404        126.41495619408700     
           2         336   362.08773936685986        650.98636038080349        185.08815965014685     
           2         337   99.920467117806169        680.21742891784675        126.45643044942068     
           2         338   328.88851809455412        699.39838329478380        185.22123293389484     
           2         339   97.744282008195540        760.81486892144051        126.41495619408700     
           2         340   110.09760387367523        827.78429565583542        126.44198163320657     
           2         341   97.729718838380109        706.84747922797692        126.42229627473031     
           2         342   99.272452227024189        685.49449104471796        126.45643044942068     
           2         343   361.92462436551841        734.92243649230011        185.16043311827534     
           2         344   103.92395447096956        717.75450191784682        126.57528838173857     
           2         345   99.667327299264571        790.19739463073472        126.45643044942068     
           2         346   101.44398557655030        698.21087314622503        126.50406851640180     
           2         347   99.290390919856833        720.68573891092569        126.47477755819321     
           2         348   100.06989107219309        716.61224871195748        126.46376874595630     
           2         349   96.561333068486135        764.31161481724644        126.38426070095275     
           2         350   101.28708311494019        777.08329182250270        126.50162314172735     
           2         351   98.272869560888736        691.91508213427733        126.43330776299598     
           2         352   100.49465127468412        773.43102883510130        126.45643044942068     
           2         353   312.81706303548810        766.16393765691373        185.06428183165983     
           2         354   99.627710595072600        761.01586385913652        126.45643044942068     
           2         355   101.62920160291338        825.38623969257981        126.50406851640180     
           2         356   312.99873010924540        665.89192418451046        185.06428183165983     
           2         357   307.53256592335589        718.04352092788099        185.06428183165983     
           2         358   98.152064110148316        786.84289513427757        126.42719006694219     
           2         359   96.690873469849407        791.35791964079965        126.37691897098192     
           2         360   103.51011523586770        791.77781516612231        126.60586283286536     
           2         361   106.52920124094878        696.24730239569851        126.61662229207056     
           2         362   99.755807392639397        696.49775298309942        126.46376874595630     
           2         363   101.31115525536995        749.80348177773351        126.50406851640180     
           2         364   96.604526551747114        798.07751575965813        126.37691897098192     
           2         365   245.54598507233032        803.66852013427729        135.82405414004478     
           2         366   101.09497139186088        666.66465660470931        126.50162314172735     
           2         367   314.57349310610351        747.92004641728488        185.06470875869928     
           2         368   100.24359843098969        734.11697261615404        126.45643044942068     
           2         369   100.93346748088645        803.84638487862287        126.42255586085588     
           2         370   99.061066161438887        795.08552846205555        126.38938675406058     
           2         371   102.43312674305311        678.10948560734130        126.51996542713030     
           2         372   306.53614443199734        708.96130413427738        185.00695318972521     
           2         373   99.773747095275354        786.21450318469010        126.45643044942068     
           2         374   99.676912270380456        766.32506225900261        126.45643044942068     
           2         375   103.60152792977945        846.52142020908673        126.55817222230033     
           2         376   101.21598184185852        647.85564190542209        126.45916722517779     
           2         377   108.40775467855383        719.93019814140860        126.62313659896751     
           2         378   101.04074170379975        739.33164490493198        126.50895950885912     
           2         379   103.56574677530647        792.23810913427747        126.56917501169237     
           2         380   103.30372797822230        807.23431467627756        126.46895210438090     
           2         381   103.71254911069443        710.91209401236893        126.47506831229791     
           2         382   101.22136512357105        679.41099645259226        126.43356734661729     
           2         383   107.24402382979670        761.93501490067638        126.48492294339729     
           2         384   110.55183738326136        757.69005374580297        126.52774569556681     
           2         385   220.80744474388291        678.26021043569335        78.170021511293072     
           2         386   311.83615738627412        697.60463141784669        185.06428183165983     
           2         387   100.04828940300727        712.04082091238558        126.47477755819321     
           2         388   108.37093992131950        709.09363268294078        126.52193673810271     
           2         389   241.06957552505827        762.55951905870188        135.82374167818185     
           2         390   106.19167987923051        817.14173503054451        126.60440184295344     
           2         391   102.07840627944370        688.03583619461619        126.50406851640180     
           2         392   378.05804854423138        651.47492767433619        184.90959729016345     
           2         393   99.701259472367269        744.11598885070828        126.45643044942068     
           2         394   99.232278564620032        767.20977716984078        126.45643044942068     
           2         395   308.78447432629372        745.30731853648967        135.74578836682196     
           2         396   111.97224756499951        694.74082534033755        126.47269243380428     
           2         397   101.51865098618772        736.11500611742213        126.51385082547263     
           2         398   316.13661194782981        772.59150392587685        185.14132255389904     
           2         399   98.622642969341882        748.54071173872762        126.42229627473031     
           2         400   99.965819671199156        796.95185413427737        126.45643044942068     
           2         401   99.608913384934766        646.79653764193108        126.45643044942068     
           2         402   102.03357803942924        725.81443668467523        126.50406851640180     
           2         403   100.00291314051717        790.70734813098784        126.41521578188240     
           2         404   366.87872930406121        813.70977770286549        185.08815965014685     
           2         405   97.981924443634981        792.25881687977187        126.41740280661368     
           2         406   103.66218097200422        676.63775295949995        126.55328262051518     
           2         407   101.84466749237880        686.85644763427729        126.45916722517779     
           2         408   378.51288462186324        756.00214270847960        185.10597840755037     
           2         409   104.28220553270927        853.46765327191440        126.56917501169237     
           2         410   101.47926803055330        843.89035184696502        126.45916722517779     
           2         411   99.836808229830169        671.68558473223436        126.42744965195472     
