  economy_id theta_n theta
           1           1   3.5265805889608899     
           1           2  -2.0720120226153802     
           1           3 -0.27152048912769999     
           1           4  0.55168592105296299     
           1           5  -7.1790341759027904E-002
           1           6 -0.38090578624051202     
           1           7  0.52906878844620298     
           1           8 -0.12887978275013201     
           1           9   2.0934960614102800     
           1          10   5.3715105211041996     
           1          11  0.81029377021673199     
           1          12   7.1236515090867698     
           1          13 -0.69407532463088895     
           1          14  -2.6004517007167500     
           1          15  -5.4966231791896902     
           1          16  -5.8882824314572604     
           1          17  -7.1814683062315199     
           1          18  0.81429729184602695     
           1          19   29.549215797854099     
           1          20   11.132581278192500     
           1          21  0.25000000000000000     
           1          22 -0.10000000000000001     
           1          23   34.108416771565800     
           1          24   36.264072704792099     
           1          25   38.679728155792503     
           1          26   42.658337159401199     
           1          27   48.409132894357803     
           1          28   54.139055738650001     
           1          29   5.8103743007015796     
           1          30   25.774159802144300     
           1          31   13.732363756873299     
           1          32   57.329611759389003     
           1          33   0.0000000000000000     
           1          34   10.395846591265800     
           1          35   10.128977821627700     
           1          36   13.061761727243301     
           1          37   19.300163594609799     
           1          38   27.244562913651301     
           1          39   32.280702121736901     
           1          40   16.120569389863899     
           1          41  -108.00861044429728     
           1          42   55.580654831196100     
           1          43  -2489.3023411045301     
           1          44   308.27839208377998     
           1          45  -68.473484466214103     
           1          46  -12.703055314042700     
           1          47   2485.1966602227199     
           1          48   750.33578558447198     
           1          49   91.032979532756499     
           1          50   35.903257977173901     
           1          51   9.5512960603977906     
           1          52   88.808395954577705     
           1          53   19.459046922204099     
           1          54   10.250327483124099     
           1          55   92.426964910070495     
           1          56   29.482245577475702     
           1          57  0.58799690396846405     
           1          58   82.314335978496601     
           1          59   26.807853031885902     
           1          60   5.7739819740535001     
           1          61   983.47814327364495     
           1          62   0.0000000000000000     
           2           1   3.5301840168000100     
           2           2  -2.0766245612737300     
           2           3 -0.27141236321183698     
           2           4  0.35144153533925399     
           2           5  -7.1989310719141206E-002
           2           6 -0.38412005014552503     
           2           7  0.52962083143473804     
           2           8 -0.12797222577325901     
           2           9   2.0871347485549498     
           2          10   8.7163132940094705     
           2          11  0.80415227689068802     
           2          12   7.0696589204625200     
           2          13 -0.69521287705224799     
           2          14  -2.5929059817790701     
           2          15  -5.4660669892279996     
           2          16  -5.8485752696919402     
           2          17  -7.1772097597424898     
           2          18  0.80812545446172801     
           2          19   29.325252195661001     
           2          20   11.048203641174100     
           2          21  0.25000000000000000     
           2          22 -0.10000000000000001     
           2          23   34.139940567281897     
           2          24   36.297581398891701     
           2          25   38.768540242893103     
           2          26   42.749017040222597     
           2          27   48.503324188245600     
           2          28   54.231747831503696     
           2          29   5.8281015596168499     
           2          30   26.150851044853599     
           2          31   15.325246788086501     
           2          32   63.279648763574798     
           2          33   0.0000000000000000     
           2          34   11.191374558897699     
           2          35   10.892788617942200     
           2          36   14.315910995817999     
           2          37   19.314917046476602     
           2          38   26.469290620866602     
           2          39   31.851474106261001     
           2          40   18.704401790457801     
           2          41  -142.18549954479886     
           2          42   56.472479561670198     
           2          43  -3100.8423809680899     
           2          44   396.10716986549897     
           2          45  -1.9603793330297801     
           2          46   2.5348278875569599     
           2          47   2694.0420392264300     
           2          48   699.92241734290496     
           2          49   125.94466105706800     
           2          50   51.767550421428403     
           2          51   9.9769803933149106     
           2          52   135.42815517372000     
           2          53   39.336430563922903     
           2          54   9.9746719679919096     
           2          55   80.159223251594199     
           2          56   36.761092715708003     
           2          57   1.2939108360937499     
           2          58   89.082243617597300     
           2          59   36.262991502017201     
           2          60   5.9598229995867502     
           2          61   1104.3197204137000     
           2          62   0.0000000000000000     
