  t_period economy_id type n c1 c2 exp age master
           2           1  exit         489   9.7081930656023818E-004   2.3492531650088421E-004   12.134969325153374        50.807770961145195       0.46625766871165641     
           2           1  entry         974  -9.8029466119097858E-007   1.2804365605749402E-005   2.4014373716632442        43.490759753593430       0.51437371663244358     
           2           2  exit         489   1.1088451377775624E-003   2.7329561916762088E-004   11.746421267893661        50.582822085889568       0.45603271983640081     
           2           2  entry         974   6.8213552361343844E-009   1.3751647433264797E-005   2.4681724845995894        43.698151950718689       0.51540041067761810     
           3           1  exit         565   2.7371810192355736E-003   9.4722212531003227E-004   11.863716814159291        51.235398230088492       0.54159292035398232     
           3           1  entry         974   3.8809784394250086E-007   1.3282255749486566E-005   2.5441478439425049        43.494866529774129       0.53490759753593431     
           3           2  exit         565   2.5439110663103733E-003   7.6069963350050335E-004   11.964601769911505        51.104424778761064       0.55929203539823014     
           3           2  entry         974  -9.1105749486662354E-008   1.3863219917864373E-005   2.5308008213552360        43.553388090349074       0.53901437371663241     
           4           1  exit         616   3.4863622729489588E-003   1.1492472640624940E-003   11.857142857142858        51.443181818181820       0.49188311688311687     
           4           1  entry         974   3.7075154004105848E-007   1.2967087227926001E-005   2.4476386036960984        43.138603696098563       0.49589322381930184     
           4           2  exit         616   3.7430101055916593E-003   1.3267614095048659E-003   11.586038961038961        51.568181818181820       0.50162337662337664     
           4           2  entry         974  -7.1639425051334997E-007   1.3553434599589241E-005   2.5205338809034910        43.247433264887064       0.51745379876796715     
           5           1  exit         645   3.4306802371299500E-003   1.1688435872859379E-003   12.147286821705427        51.804651162790698       0.53953488372093028     
           5           1  entry         974   9.7762833675563751E-007   1.3261002525667261E-005   2.4014373716632442        43.331622176591374       0.47843942505133469     
           5           2  exit         645   3.5350093674471035E-003   1.1194754580429540E-003   12.077519379844961        51.950387596899226       0.54728682170542631     
           5           2  entry         974  -2.4206427104722805E-006   1.3828499486652887E-005   2.7084188911704312        43.714579055441476       0.50616016427104726     
           6           1  exit         686   3.6496007041027945E-003   1.1142957834204483E-003   13.135568513119534        52.027696793002917       0.49271137026239065     
           6           1  entry         974   6.5397535934290751E-007   1.3332318480492716E-005   2.6098562628336754        43.805954825462010       0.50308008213552358     
           6           2  exit         686   3.5095273984384204E-003   1.1018818838783031E-003   12.822157434402332        52.129737609329446       0.48833819241982507     
           6           2  entry         974   1.9665092402464010E-007   1.2603959917864393E-005   2.4476386036960984        43.250513347022590       0.51334702258726894     
