     time_period  economy_id exp1_tc exp2_tc exp3_tc exp4_tc exp5_tc exp6_tc
   1           1  -7.7737434558231705E-004   2.8085338158874686E-002  -1.3373535161522130E-002  -6.4263863513698873E-003  -3.3107546962643591E-002  -6.3549471224809306E-002
   1           2  -7.7738510903183576E-004   2.8085381058869686E-002  -1.3374059764909416E-002  -6.4248366307605434E-003  -3.3105901570928381E-002  -6.3547667450723988E-002
   2           1  -4.8740801382781405E-004   2.2803296525535774       0.15594439739947469       -4.4016494145068192E-003  0.30874759073781805      -0.20998428792978879     
   2           2  -8.1623019499336969E-004   2.2454295879579287       0.16061822618875637       -3.9785094243519675E-003  0.30396395732762910      -0.21042826553574220     
   3           1  -6.3483115189603176E-004   3.9299130228144934        5.2982988377608180      -0.56836010274770132       0.58422054388854572      -0.38961838651651454     
   3           2  -8.7590797666609315E-004   3.7130942648835563        5.6254015859937629      -0.60882222860480872       0.55911739810086103      -0.39020635694837708     
   4           1  -4.0181205554433615E-004   3.5759176878005512        11.282515816168543      -0.51177687547869555       0.59417647878226754      -0.56883267854114927     
   4           2  -7.7146180207033016E-004   3.4288360533889728        11.408886780881884      -0.54313284939794038       0.56380718642350858      -0.58521537159419390     
   5           1  -3.2196250202821031E-004   3.6431858825386279        12.007595440811059        1.8077359981522516       0.61412806767654438      -0.74977438704930022     
   5           2  -6.3571285602945151E-004   3.4743488660129462        11.483364968588063        1.9080172528205046       0.57697641454887161      -0.75641377268819532     
   6           1  -6.3222588155602917E-004   3.6553886064541228        11.396152687619589        5.4043538659795107       0.60562376484413638      -0.86556010822862928     
   6           2  -7.4343479540968046E-004   3.4114040514223061        11.225042631085060        5.2625777958470676       0.56607097528421979      -0.89139309646248710     
