     time_period  economy_id state_subsidy rewarded_district rewarded_state rewarded_tot mean_reward_dist mean_reward_state mean_reward_tot mean_reward_dist_ratio mean_reward_state_ratio mean_reward_tot_ratio sd_reward_dist sd_reward_state sd_reward_tot sd_reward_dist_ratio sd_reward_state_Ratio sd_reward_tot_Ratio
   1           1   0.0000000000000000       0.10996804142307841        0.0000000000000000       0.10996804142307841        1.4358883552488446E-003                       NaN   1.4358883552488446E-003   4.8183843817933905E-005                       NaN   4.8183843817933905E-005   1.7107307437037207E-003                       NaN   1.7107307437037207E-003   5.5394185303963165E-005                       NaN   5.5394185303963165E-005
   1           2   0.0000000000000000       0.11779588644756266        0.0000000000000000       0.11779588644756266        1.3315034045175112E-003                       NaN   1.3315034045175112E-003   4.6144877219005691E-005                       NaN   4.6144877219005691E-005   1.5801415936494393E-003                       NaN   1.5801415936494393E-003   5.4821502152944595E-005                       NaN   5.4821502152944595E-005
   2           1   451.77760853168166       0.18434528174402645       0.18418652404548908       0.18434528174402645        7.2605513330709803E-002  0.34619994583499825       0.41850731263303004        2.2958297695441143E-003   1.0387442966737191E-002   1.2526381616809685E-002  0.16922285223008079       0.85068712013862036        1.0189183261573114        5.2388390156630398E-003   2.3785305994953140E-002   2.8481296094504095E-002
   2           2   448.27951981934058       0.20126879554507907       0.19822448562034431       0.20126879554507907        6.8128122262754942E-002  0.31919181328187207       0.38249197002491409        2.1879204010198288E-003   9.9306276712154279E-003   1.1832272266734133E-002  0.14971109980091607       0.74469092667148939       0.88863167945054178        5.0410640601392326E-003   2.2973822041528730E-002   2.7363391748630481E-002
   3           1   1500.5478874170958       0.24313551406214487       0.24279283351155667       0.24313551406214487       0.18075171263286791       0.82470818990083106        1.0042975406402563        5.6369126608863040E-003   2.3923104846239943E-002   2.9078370341232257E-002  0.28303265362913310        1.3074816917190495        1.5886151856753343        8.8822354896018873E-003   3.5585822693374819E-002   4.3212869690567424E-002
   3           2   1500.6105744345159       0.26888065917125531       0.26621233823153534       0.26888065917125531       0.16706534381534804       0.75218753772790892       0.91178831431195062        5.2464932439571952E-003   2.2316488291014052E-002   2.6953459696760308E-002  0.25318843796095047        1.1579873933983651        1.4063136366437570        8.2401382777716626E-003   3.3395535447746774E-002   4.0489354213288101E-002
   4           1   2360.9785671345508       0.27051476179195738       0.27018725811644728       0.27051476179195738       0.24438880330175491        1.1128762894424569        1.3559177685811394        7.6738571286706107E-003   3.1447694590731386E-002   3.8269094142170251E-002  0.38781688489458160        1.7893236870900271        2.1756712948807633        1.2467862086496626E-002   4.6360783934383420E-002   5.6353024030244538E-002
   4           2   2515.2476040670836       0.30040450102073940       0.29798515698567551       0.30040450102073940       0.23829416926528518        1.0749934577024824        1.3046300369485964        7.4180740328668084E-003   3.0533013684113406E-002   3.6978433946031841E-002  0.36369639381336294        1.6602997134648201        2.0191565238837952        1.1551611004812619E-002   4.3881544088043088E-002   5.3352949986475703E-002
   5           1   2970.8518528670274       0.29766900997589085       0.29741063794467454       0.29766900997589085       0.26510417925882390        1.2210068607596565        1.4850512252169965        8.1149787429098830E-003   3.3374279765372432E-002   4.0554125668785412E-002  0.41433014534261181        1.9277661626590470        2.3409459726320154        1.3150028827124004E-002   4.8730744393778565E-002   5.9165075000788145E-002
   5           2   3039.0031761732644       0.33408304946753437       0.33217509324298933       0.33408304946753437       0.24453310371618231        1.1182983799071751        1.3564448550352073        7.4673035163178624E-003   3.0933790352443973E-002   3.7455888939268323E-002  0.38124859227430830        1.7595511956514329        2.1370929658012909        1.2007736454370548E-002   4.5293445466911116E-002   5.4986448914298457E-002
   6           1   3604.3171328309286       0.32812990494558553       0.32787638115296819       0.32812990494558553       0.27977964026805308        1.2980180458313353        1.5767947953132420        8.3649109881742418E-003   3.4751023789353665E-002   4.2184322469893135E-002  0.41354062714217887        1.9337717058221073        2.3462652910424193        1.2835462794979890E-002   4.8230988867798065E-002   5.8503932983959228E-002
   6           2   3609.9720779157210       0.35420799130639696       0.35392290163944357       0.35420799130639696       0.26198688298664891        1.2043786385271389        1.4653961591238478        7.7312555495219308E-003   3.2168476739429061E-002   3.9094239674825573E-002  0.39070948987756043        1.8158797347434703        2.2055253782028470        1.1901479259638427E-002   4.4991296500403802E-002   5.4633073855733648E-002
