  economy_id district_id expected_wage_bill budget belief_expected_Wage_bill
           1           1   581.19684285368555        746.02634913427732        133.60458109309806     
           1           2   422.49278752763075        730.00205520171698        133.51610431095628     
           1           3   961.73079489469126        812.13131781794505        133.77084222495535     
           1           4   581.19684285368555        879.73257045303069        133.60458109309806     
           1           5   581.20363739816332        892.08531921217389        133.60458951252318     
           1           6   581.20363739816332        719.57133198657971        133.60458951252318     
           1           7   581.15268222272164        770.51415193997877        133.60452637011286     
           1           8   3105.3486192094870        847.81994000000009        533.92901609961280     
           1           9   422.51624202800735        839.62383399145313        133.51613942417325     
           1          10   422.48106138051378        892.78563188813780        133.51608675541448     
           1          11   422.48106138051378        734.54369391175521        133.51608675541448     
           1          12   2327.0154401483896        750.95830325015083        143.98591115507011     
           1          13   494.45772138285650        843.51970419447957        133.55830601230804     
           1          14   685.48076050601389        824.34636712880501        133.65509020290824     
           1          15   581.20363739816332        905.20474613427723        133.60458951252318     
           1          16   494.48313604837097        722.31364423035450        133.55834062548047     
           1          17   581.20363739816332        763.09433259513492        133.60458951252318     
           1          18   494.50008070369944        784.43033082992019        133.55836370232072     
           1          19   581.18325424570969        857.64608070867075        133.60456425465284     
           1          20   581.19684285368555        858.14572420330421        133.60458109309806     
           1          21   494.48313604837097        745.22438740673249        133.55834062548047     
           1          22   494.50008070369944        736.66703763427734        133.55836370232072     
           1          23   581.20363739816332        814.09646003950354        133.60458951252318     
           1          24   581.20363739816332        829.90240306341491        133.60458951252318     
           1          25   422.51624202800735        832.19614438817291        133.51613942417325     
           1          26   581.20363739816332        686.61110849241607        133.60458951252318     
           1          27   581.19684285368555        742.39850241470356        133.64186940256653     
           1          28   494.47184029812064        707.56589125372864        133.55832524153988     
           1          29   810.94916000311116        794.29629813427755        133.71039314269834     
           1          30   2260.9428775736419        818.09641973827740        312.88489596646411     
           1          31   44.335961804027512        831.96290993549997        2254.2116629210987     
           1          32   581.20363739816332        708.97303045125409        133.60458951252318     
           1          33   494.50008070369944        727.99354100676146        133.55836370232072     
           1          34   581.06777697608993        708.61200586777238        133.60442114954918     
           1          35   581.20363739816332        783.35426596376840        133.60458951252318     
           1          36   581.15268222272164        662.21232041784663        133.60452637011286     
           1          37   494.49443234792932        703.24412809368050        133.55835600991588     
           1          38   685.53383722285105        761.50972104613186        133.65515005536139     
           1          39   581.19684285368555        753.81829965364170        133.60458109309806     
           1          40   685.53383722285105        778.37803636699721        133.65515005536139     
           1          41   422.51155089262642        667.42455816565223        133.51613240130305     
           1          42   581.06777697608993        703.15502213196885        133.60442114954918     
           1          43   494.47184029812064        742.60527513427746        133.55832524153988     
           1          44   685.50117369161853        768.84241279437288        133.65511322235429     
           1          45   581.20363739816332        746.75895744697868        133.60490081772156     
           1          46   810.98838765988262        645.66787458766566        133.71043340126059     
           1          47   25.844337366546153        780.95737460713883        2436.1841800923330     
           1          48   581.20363739816332        724.40778827638599        133.60458951252318     
           1          49   22.615701088171214        897.42869186070800        3276.6760761820328     
           1          50   3072.3884767898007        939.51210713427736        198.42367765694323     
           1          51   422.49278752763075        653.98189103348830        133.51610431095628     
           1          52   581.18325424570969        703.96686683670464        133.60487555764630     
           1          53   581.20363739816332        690.41634456144322        133.60458951252318     
           1          54   810.92464449492400        779.79519280667307        133.71036798238427     
           1          55   581.20363739816332        850.21512775618999        133.60458951252318     
           1          56   581.20363739816332        678.80737888842157        133.64187822532435     
           1          57   581.05079893436573        685.90784485070799        133.60440010795472     
           1          58   961.73079489469126        733.41183112553949        133.77084222495535     
           1          59   494.49443234792932        747.03310732668274        133.55835600991588     
           1          60   581.20363739816332        812.36731536013212        133.60458951252318     
           1          61   38.115122677411883        779.64743786250006        3215.3966072149537     
           1          62   422.48106138051378        726.93088522777862        133.51608675541448     
           1          63   685.46034849084299        730.22546947510250        133.65506718437430     
           1          64   581.18325424570969        793.11584613427749        133.60456425465284     
           1          65   494.50008070369944        788.31316996072519        133.55836370232072     
           1          66   1801.7783386217814        686.34832117505994        195.74080570710913     
           1          67   581.20363739816332        753.24348489750423        133.60458951252318     
           1          68   581.20363739816332        748.06798881068403        133.60458951252318     
           1          69   581.15268222272164        761.88395660213541        133.60483766979914     
           1          70   581.20363739816332        825.35939906754948        133.60458951252318     
           1          71   494.45772138285650        665.91443313427726        133.55830601230804     
           1          72   581.13569916859865        718.08906407965742        133.60450532432282     
           1          73   581.20363739816332        744.35692682139415        133.60458951252318     
           1          74   581.20363739816332        764.99475699637821        133.60458951252318     
           1          75   581.20363739816332        789.21875956510655        133.60458951252318     
           1          76   581.16966627907289        714.59768782959259        133.60454741674357     
           1          77   810.96877339402363        703.13223809192584        133.71041327166353     
           1          78   685.53383722285105        771.06643513427753        133.65515005536139     
           1          79   581.20363739816332        764.19878759381390        133.60458951252318     
           1          80   2014.8849888584741        815.64476544048546        198.18156635707609     
           1          81   581.18325424570969        696.05650501216780        133.60456425465284     
           1          82   581.20363739816332        734.41128037112878        133.60458951252318     
           1          83   581.20363739816332        728.82572765161990        133.60458951252318     
           1          84   581.19684285368555        783.95991864255143        133.60458109309806     
           1          85   1649.4923132303566        753.00845955212401        198.09751136336990     
           1          86   581.20363739816332        678.15190902461188        133.60490081772156     
           1          87   685.35830597454321        707.02572507277375        133.65495210536906     
           1          88   1309.7618524876968        754.17214925185033        195.61071108496688     
           1          89   581.19684285368555        775.81572507601049        133.60458109309806     
           1          90   961.73079489469126        809.76308433265456        133.77084222495535     
           1          91   581.19684285368555        634.22207183756154        133.60489239756143     
           1          92   685.54200357376226        716.37480891784662        133.65515926397936     
           1          93   810.96877339402363        719.80155864692961        133.71041327166353     
           1          94   581.18325424570969        765.15175447177603        133.60456425465284     
           1          95   581.15268222272164        823.26747396179405        133.60483766979914     
           1          96   1406.3569495489651        662.56630913008405        143.80691028477005     
           1          97   581.20363739816332        674.66849719635388        133.60458951252318     
           1          98   422.51624202800735        705.17085622101092        133.51638501999867     
           1          99   581.15268222272164        754.71075341784672        133.60452637011286     
           1         100   581.20363739816332        781.99127403642387        133.60458951252318     
           1         101   581.20363739816332        685.86941870384078        133.60458951252318     
           1         102   581.15268222272164        680.79624594590882        133.60483766979914     
           1         103   581.18325424570969        708.43069755601766        133.60456425465284     
           1         104   581.20363739816332        727.15202768721861        133.60458951252318     
           1         105   581.20363739816332        790.15410177513832        133.60458951252318     
           1         106   581.20363739816332        698.21857413427722        133.60458951252318     
           1         107   581.16966627907289        739.74089801343735        133.64183411301411     
           1         108   581.20363739816332        717.04908735891092        133.60490081772156     
           1         109   810.90013035399534        765.94808997378300        133.71034282305973     
           1         110   810.99819512086583        745.06469713643185        133.71044346629631     
           1         111   581.20363739816332        672.66705654672489        133.60458951252318     
           1         112   581.20363739816332        730.56216471392872        133.60458951252318     
           1         113   810.96877339402363        752.57325513427747        133.71041327166353     
           1         114   1406.3733907167975        748.14114783220805        143.80691935234429     
           1         115   581.19684285368555        795.23876653916818        133.60489239756143     
           1         116   581.18325424570969        656.75228555633362        133.64185175749520     
           1         117   3411.1579371086787        756.34916685448525        181.06569640732312     
           1         118   2125.2104061665605        808.05841714251619        195.87541028949758     
           1         119   2980.7460292248961        858.02244273141605        198.47861015263419     
           1         120   581.19684285368555        791.78420813427749        133.60458109309806     
           1         121   685.51750508275722        696.25576214205114        133.69611990242279     
           1         122   810.98838765988262        696.50793644934720        133.71043340126059     
           1         123   494.50008070369944        749.81535045767828        133.55836370232072     
           1         124   581.18325424570969        820.41058303739237        133.60456425465284     
           1         125   685.48076050601389        823.53825419950169        133.65543942833654     
           1         126   685.51750508275722        668.70988234657671        133.65548086753398     
           1         127   3827.9871286084203        805.58441641784657        492.67883893241685     
           1         128   685.37871213623919        727.11268698078709        133.65497511934819     
           1         129   494.44360332603543        781.55605462731432        133.55828678384941     
           1         130   685.54200357376226        830.64044766562245        133.65515926397936     
           1         131   581.20363739816332        678.45860221286136        133.60458951252318     
           1         132   3488.4775984964913        798.75571332984657        409.60654681010601     
           1         133   86.853188177237328        896.22677312799988        10259.796251440184     
           1         134   581.20363739816332        765.07901913427736        133.60458951252318     
           1         135   581.16966627907289        836.65971203352353        133.60454741674357     
           1         136   54.309622430405483        802.98995001196931        3970.3668400346251     
           1         137   494.50008070369944        709.42348125254341        133.55836370232072     
           1         138   581.20363739816332        740.19905006127112        133.60458951252318     
           1         139   581.18325424570969        819.74743413840599        133.60456425465284     
           1         140   1022.1609835020909        797.29683029911291        143.71150881095380     
           1         141   67.819276877607351        767.54043899999988        4033.6996423747501     
           1         142   120.28519874860649        810.85646454863854        15395.468209839473     
           1         143   685.50117369161853        751.78048538641667        133.65511322235429     
           1         144   494.48313604837097        770.58198407694113        133.55834062548047     
           1         145   494.38713968468210        824.48145708165941        133.55820987775070     
           1         146   581.06777697608993        686.60584100215613        133.64170179819246     
           1         147   581.20363739816332        742.37711021466123        133.60458951252318     
           1         148   581.15268222272164        707.60722141784686        133.64181205824019     
           1         149   685.50117369161853        794.29375543646393        133.69610059748922     
           1         150   131.04041995123788        972.57894055500014        6873.2447309862828     
           1         151   100.84230412612273        740.21102402827728        13225.266776391889     
           1         152   685.54200357376226        728.34961026271537        133.65515926397936     
           1         153   494.50008070369944        743.43560291536005        133.55836370232072     
           1         154   581.20363739816332        738.75472829203409        133.64187822532435     
           1         155   581.20363739816332        793.40482713427741        133.60458951252318     
           1         156   581.18325424570969        689.51266465377967        133.60456425465284     
           1         157   581.16966627907289        721.46954705388043        133.60454741674357     
           1         158   1801.7783386217814        773.79841998704580        195.74080570710913     
           1         159   581.15268222272164        776.98553579631323        133.64181205824019     
           1         160   581.20363739816332        798.24291748991095        133.60458951252318     
           1         161   1801.7783386217814        671.09948209169431        195.74080570710913     
           1         162   1801.7572749836847        726.95555813427734        195.74079332858142     
           1         163   581.16966627907289        770.31871795293659        133.60454741674357     
           1         164   494.48313604837097        805.48630377175721        133.55834062548047     
           1         165   422.41071994491813        780.11629869771286        133.54680608909294     
           1         166   581.19684285368555        672.96415914353588        133.60458109309806     
           1         167   494.45772138285650        676.31048921081333        133.55830601230804     
           1         168   581.20363739816332        757.91438213693027        133.60458951252318     
           1         169   961.61310725391024        825.94205785070824        133.77073229138901     
           1         170   1022.2744564369593        848.36732256432902        143.71184892784177     
           1         171   581.20363739816332        658.69031066092862        133.64187822532435     
           1         172   581.20363739816332        709.46869487790616        133.64187822532435     
           1         173   581.20363739816332        716.93002326736189        133.60458951252318     
           1         174   422.51155089262642        788.02516737629890        133.54696417383019     
           1         175   1801.7783386217814        889.94930532541673        195.74080570710913     
           1         176   66.432151213274423        903.36799156713857        4229.4642304584795     
           1         177   685.46034849084299        704.22059430157833        133.69605233795207     
           1         178   581.18325424570969        760.82360215759832        133.60456425465284     
           1         179   581.20363739816332        757.70394665939386        133.60458951252318     
           1         180   1801.7783386217814        813.28110911937881        195.74080570710913     
           1         181   1801.7151491986494        719.64430067176420        195.74076857211483     
           1         182   1022.3539044358266        726.90650826472609        143.71163736794389     
           1         183   494.44360332603543        730.26835513427750        133.55828678384941     
           1         184   581.18325424570969        793.11373798656155        133.60456425465284     
           1         185   581.18325424570969        788.30868267380629        133.60487555764630     
           1         186   581.16966627907289        686.34365745600530        133.60485871826725     
           1         187   494.49443234792932        733.05997993129517        133.55835600991588     
           1         188   810.98838765988262        741.04903790572257        133.75547577420096     
           1         189   494.47184029812064        758.55048754291909        133.55832524153988     
           1         190   685.54200357376226        847.84532313427724        133.65515926397936     
           1         191   494.50008070369944        672.22405063065275        133.55836370232072     
           1         192   685.53383722285105        738.26145233201555        133.65549928590352     
           1         193   581.16966627907289        733.27972979816627        133.60485871826725     
           1         194   581.20363739816332        771.97837431167648        133.64187822532435     
           1         195   1801.7783386217814        802.70386703693578        195.74080570710913     
           1         196   422.51155089262642        719.05643914253437        133.51613240130305     
           1         197   581.13569916859865        704.31075963427725        133.64179000438853     
           1         198   685.51750508275722        780.03750514923934        133.65513163856548     
           1         199   581.20363739816332        736.66003434273523        133.60458951252318     
           1         200   581.20363739816332        815.44356788784296        133.60458951252318     
           1         201   1406.3240683771171        676.93521954827293        143.80689215005415     
           1         202   581.20363739816332        727.74855973078650        133.60458951252318     
           1         203   810.99819512086583        746.88861658646567        133.71044346629631     
           1         204   581.20363739816332        805.42378991784699        133.60458951252318     
           1         205   581.20363739816332        763.97716982479585        133.60458951252318     
           1         206   961.67194787908431        697.26203104083697        133.77078725602806     
           1         207   581.15268222272164        696.50211544004014        133.60452637011286     
           1         208   494.48313604837097        751.85367810060291        133.55834062548047     
           1         209   581.18325424570969        789.86806154433839        133.60456425465284     
           1         210   685.53383722285105        774.19725817859910        133.65515005536139     
           1         211   581.20363739816332        628.71030641784660        133.60458951252318     
           1         212   494.50008070369944        696.19515004031518        133.59227535462975     
           1         213   1801.7783386217814        719.79666948672661        195.74080570710913     
           1         214   581.20363739816332        757.78660325622138        133.60458951252318     
           1         215   581.20363739816332        799.89822791802101        133.60458951252318     
           1         216   581.20363739816332        656.24876464893157        133.60458951252318     
           1         217   1801.7151491986494        691.82897036909696        195.74076857211483     
           1         218   581.20363739816332        725.62392141784687        133.60458951252318     
           1         219   71.776213373391940        936.18785653819998        5136.6919418694260     
           1         220   961.64252676763635        805.35344800590997        133.77075977317128     
           1         221   126.11289635676339        787.26202270199985        15991.325031770521     
           1         222   581.16966627907289        660.61311681715199        133.60454741674357     
           1         223   581.19684285368555        701.41241731334787        133.60458109309806     
           1         224   235.65348035441664        887.23725109599991        19277.753236327044     
           1         225   581.20363739816332        782.48503241784670        133.64187822532435     
           1         226   355.60664324854571        808.64531408500011        30455.690836378544     
           1         227   581.20363739816332        719.55817378524239        133.64187822532435     
           1         228   1801.7783386217814        710.03066326271085        195.74080570710913     
           1         229   1801.7783386217814        765.94259747877732        195.74126343952813     
           1         230   170.80755447289383        958.77848216499990        16298.090372259818     
           1         231   581.19684285368555        688.92128292867221        133.60458109309806     
           1         232   810.94916000311116        749.99650663427735        133.71039314269834     
           1         233   581.16966627907289        741.49800557901574        133.60454741674357     
           1         234   685.50117369161853        768.00460415999123        133.65511322235429     
           1         235   494.50008070369944        817.67813810403106        133.55836370232072     
           1         236   422.51624202800735        646.78222873122695        133.51613942417325     
           1         237   1532.9727817294950        718.06852036803821        195.67283146690121     
           1         238   494.50008070369944        786.79462531902936        133.55836370232072     
           1         239   581.20363739816332        791.36037213427755        133.60458951252318     
           1         240   581.20363739816332        791.78206166499456        133.60458951252318     
           1         241   1801.7783386217814        696.25144803564774        195.74080570710913     
           1         242   581.20363739816332        696.50324215992975        133.60458951252318     
           1         243   685.50117369161853        749.80916107635437        133.69610059748922     
           1         244   581.20363739816332        820.40402883149000        133.60458951252318     
           1         245   364.91689233914934        977.39782128000024        36517.677766707631     
           1         246   2981.2609093527535        685.78196913427723        196.05790171844308     
           1         247   581.20363739816332        747.92457719521190        133.60458951252318     
           1         248   1406.2089964974220        734.12141852319996        143.80682868310228     
           1         249   685.54200357376226        803.85233329683547        133.65515926397936     
           1         250   581.20363739816332        795.09173351671438        133.60458951252318     
           1         251   685.53383722285105        672.89402355294737        133.65515005536139     
           1         252   564.08396150465467        833.37757769999985        42713.390705146056     
           1         253   581.20363739816332        759.99390513427750        133.60458951252318     
           1         254   581.16966627907289        765.07673669609449        133.60454741674357     
           1         255   581.20363739816332        836.65484941973011        133.60458951252318     
           1         256   581.20363739816332        671.46140667133966        133.60458951252318     
           1         257   581.20363739816332        726.59844719808711        133.60458951252318     
           1         258   581.18325424570969        760.59512693088641        133.60456425465284     
           1         259   494.45772138285650        799.59934814985911        133.59221492196886     
           1         260   2125.2104061665605        807.23648441784667        195.81514129451446     
           1         261   581.20363739816332        710.91639336753246        133.60458951252318     
           1         262   581.20363739816332        679.41502489322897        133.60490081772156     
           1         263   1974.3800613107728        743.47876325427728        279.22825088005220     
           1         264   685.51750508275722        757.69624831856015        133.65513163856548     
           1         265   22.219708617160446        750.43928018784663        1203.6976610740041     
           1         266   422.51624202800735        679.19909155147695        133.51613942417325     
           1         267   581.20363739816332        698.80628791784670        133.60458951252318     
           1         268   581.20363739816332        681.74115131283929        133.60458951252318     
           1         269   1532.9902920897528        754.32805384973506        195.67284277659962     
           1         270   581.20363739816332        777.38347041983025        133.60458951252318     
           1         271   581.20363739816332        672.28533332980055        133.60458951252318     
           1         272   685.54200357376226        730.61027034546350        133.65550849530814     
           1         273   581.05079893436573        723.36705121173463        133.60440010795472     
           1         274   1196.4690814743037        749.55228191784681        143.75707280312051     
           1         275   581.20363739816332        783.79501549262716        133.60458951252318     
           1         276   494.44360332603543        673.75541602496503        133.55828678384941     
           1         277   581.19684285368555        711.22816563225149        133.64186940256653     
           1         278   581.16966627907289        739.06589174179339        133.60454741674357     
           1         279   422.50216897481755        718.03053050994845        133.51636394980298     
           1         280   685.48076050601389        757.14742909712288        133.65509020290824     
           1         281   581.20363739816332        624.73428641784665        133.60458951252318     
           1         282   494.47184029812064        695.40123060370070        133.55832524153988     
           1         283   1581.2265759516226        731.19112009204002        195.81927521137487     
           1         284   581.20363739816332        805.48079638352533        133.60458951252318     
           1         285   581.20363739816332        780.10985172155983        133.60458951252318     
           1         286   810.92464449492400        672.95881347570162        133.71036798238427     
           1         287   494.49443234792932        663.05589349223271        133.55835600991588     
           1         288   685.35830597454321        749.52954141784687        133.65495210536906     
           1         289   422.51155089262642        816.82401919646873        133.51613240130305     
           1         290   494.50008070369944        804.13167669739903        133.55836370232072     
           1         291   581.20363739816332        654.34117908095732        133.60458951252318     
           1         292   422.49278752763075        702.48563506874461        133.51610431095628     
           1         293   581.20363739816332        716.92439077562813        133.64187822532435     
           1         294   581.16966627907289        780.63652653769577        133.60454741674357     
           1         295   581.18325424570969        854.01620213427736        133.60456425465284     
           1         296   581.20363739816332        694.75068384362737        133.60458951252318     
           1         297   581.19684285368555        699.50399578540100        133.60458109309806     
           1         298   685.37871213623919        760.81919774314747        133.65497511934819     
           1         299   581.19684285368555        757.69804733263516        133.60458109309806     
           1         300   581.15268222272164        813.27487627021890        133.60452637011286     
           1         301   581.20363739816332        719.61856118718526        133.60458951252318     
           1         302   581.20363739816332        716.43665463427737        133.60458951252318     
           1         303   1406.3733907167975        731.10228893106319        143.80725462756192     
           1         304   581.18325424570969        793.10947892426827        133.60487555764630     
           1         305   581.20363739816332        788.30426734682464        133.64187822532435     
           1         306   494.44360332603543        686.33761747462859        133.55828678384941     
           1         307   581.15268222272164        712.87605725800017        133.60483766979914     
           1         308   494.49443234792932        734.01182458268090        133.55863286958470     
           1         309   494.49443234792932        758.59293813427746        133.55835600991588     
           1         310   685.54200357376226        847.84302320380880        133.65515926397936     
           1         311   581.19684285368555        672.21953417792463        133.60458109309806     
           1         312   494.50008070369944        738.25663949737020        133.55836370232072     
           1         313   685.50117369161853        733.27345608080100        133.65511322235429     
           1         314   581.19684285368555        790.96172553600002        133.60458109309806     
           1         315   685.50117369161853        825.12159464583920        133.65511322235429     
           1         316   581.20363739816332        701.81734113427729        133.60458951252318     
           1         317   581.20363739816332        699.59631004122400        133.60458951252318     
           1         318   685.50117369161853        753.51280842655251        133.65511322235429     
           1         319   685.53383722285105        728.41902543595324        133.65515005536139     
           1         320   494.45772138285650        803.25630031178594        133.55830601230804     
           1         321   1801.7783386217814        675.85348492926505        195.74080570710913     
           1         322   581.16966627907289        722.21346410456931        133.60454741674357     
           1         323   1333.4941944104255        675.61249770141603        195.72808394235190     
           1         324   581.18325424570969        779.51736950932752        133.60487555764630     
           1         325   581.05079893436573        743.23653853080395        133.60471139661774     
           1         326   581.20363739816332        686.23166196084424        133.60458951252318     
           1         327   581.16966627907289        690.98991013596822        133.60454741674357     
           1         328   581.20363739816332        734.19265625927346        133.60458951252318     
           1         329   581.20363739816332        792.34711609363592        133.60458951252318     
           1         330   581.20363739816332        784.24555613427754        133.60490081772156     
           1         331   581.18325424570969        646.74958959569744        133.60456425465284     
           1         332   1406.3240683771171        677.14660163832127        143.80689215005415     
           1         333   1801.6203734518208        725.61235358810211        195.74071287296340     
           1         334   581.15268222272164        751.67497190037705        133.60452637011286     
           1         335   581.20363739816332        806.29358170449404        133.60458951252318     
           1         336   1801.6730254018009        650.98636038080349        195.79556885251361     
           1         337   581.16966627907289        680.21742891784675        133.60454741674357     
           1         338   1801.7783386217814        699.39838329478380        195.74126343952813     
           1         339   581.19684285368555        760.81486892144051        133.60458109309806     
           1         340   581.18325424570969        827.78429565583542        133.64185175749520     
           1         341   581.20363739816332        706.84747922797692        133.60458951252318     
           1         342   581.20363739816332        685.49449104471796        133.60458951252318     
           1         343   1801.7151491986494        734.92243649230011        195.79559479414254     
           1         344   422.46933596885151        717.75450191784682        133.51606920058336     
           1         345   581.15268222272164        790.19739463073472        133.60452637011286     
           1         346   581.13569916859865        698.21087314622503        133.60450532432282     
           1         347   581.19684285368555        720.68573891092569        133.60458109309806     
           1         348   581.20363739816332        716.61224871195748        133.60458951252318     
           1         349   685.50117369161853        764.31161481724644        133.65511322235429     
           1         350   581.18325424570969        777.08329182250270        133.60456425465284     
           1         351   581.19684285368555        691.91508213427733        133.60458109309806     
           1         352   581.20363739816332        773.43102883510130        133.60458951252318     
           1         353   1801.7783386217814        766.16393765691373        195.74080570710913     
           1         354   581.18325424570969        761.01586385913652        133.60456425465284     
           1         355   581.20363739816332        825.38623969257981        133.60458951252318     
           1         356   2125.2104061665605        665.89192418451046        195.81514129451446     
           1         357   1801.7783386217814        718.04352092788099        195.74080570710913     
           1         358   685.53383722285105        786.84289513427757        133.65515005536139     
           1         359   581.20363739816332        791.35791964079965        133.60458951252318     
           1         360   581.20363739816332        791.77781516612231        133.60458951252318     
           1         361   581.15268222272164        696.24730239569851        133.60452637011286     
           1         362   581.20363739816332        696.49775298309942        133.60458951252318     
           1         363   581.19684285368555        749.80348177773351        133.60458109309806     
           1         364   494.49443234792932        798.07751575965813        133.55835600991588     
           1         365   1406.3733907167975        803.66852013427729        143.80725462756192     
           1         366   810.99819512086583        666.66465660470931        133.71044346629631     
           1         367   1801.7151491986494        747.92004641728488        195.74122630129204     
           1         368   685.54200357376226        734.11697261615404        133.65515926397936     
           1         369   581.20363739816332        803.84638487862287        133.60490081772156     
           1         370   422.48106138051378        795.08552846205555        133.51633234643151     
           1         371   494.37302592120756        678.10948560734130        133.55819065315870     
           1         372   1801.7783386217814        708.96130413427738        195.74080570710913     
           1         373   581.20363739816332        786.21450318469010        133.60458951252318     
           1         374   581.19684285368555        766.32506225900261        133.60458109309806     
           1         375   422.51155089262642        846.52142020908673        133.51613240130305     
           1         376   961.61310725391024        647.85564190542209        133.77116915374978     
           1         377   810.99819512086583        719.93019814140860        133.71083443364171     
           1         378   581.16966627907289        739.33164490493198        133.60454741674357     
           1         379   581.20363739816332        792.23810913427747        133.60458951252318     
           1         380   581.15268222272164        807.23431467627756        133.60483766979914     
           1         381   581.20363739816332        710.91209401236893        133.60490081772156     
           1         382   581.20363739816332        679.41099645259226        133.60490081772156     
           1         383   581.13569916859865        761.93501490067638        133.64179000438853     
           1         384   581.20363739816332        757.69005374580297        133.64187822532435     
           1         385   908.13456398670701        678.26021043569335        82.337913041649443     
           1         386   1801.7783386217814        697.60463141784669        195.74080570710913     
           1         387   685.51750508275722        712.04082091238558        133.65513163856548     
           1         388   581.20363739816332        709.09363268294078        133.64187822532435     
           1         389   1406.3240683771171        762.55951905870188        143.80689215005415     
           1         390   581.19684285368555        817.14173503054451        133.60458109309806     
           1         391   810.96877339402363        688.03583619461619        133.71041327166353     
           1         392   1825.3585231446909        651.47492767433619        195.61270437351672     
           1         393   494.50008070369944        744.11598885070828        133.55836370232072     
           1         394   581.20363739816332        767.20977716984078        133.60458951252318     
           1         395   1268.4574593177456        745.30731853648967        143.71674329253034     
           1         396   581.05079893436573        694.74082534033755        133.64167974894656     
           1         397   581.19684285368555        736.11500611742213        133.60458109309806     
           1         398   2124.7295058368422        772.59150392587685        195.81488409910475     
           1         399   581.20363739816332        748.54071173872762        133.60458951252318     
           1         400   494.49443234792932        796.95185413427737        133.55835600991588     
           1         401   581.15268222272164        646.79653764193108        133.60452637011286     
           1         402   810.80208746491428        725.81443668467523        133.71024219564865     
           1         403   581.20363739816332        790.70734813098784        133.60490081772156     
           1         404   1801.7151491986494        813.70977770286549        195.79559479414254     
           1         405   581.19684285368555        792.25881687977187        133.60458109309806     
           1         406   581.18325424570969        676.63775295949995        133.60456425465284     
           1         407   581.13569916859865        686.85644763427729        133.60481662217160     
           1         408   1801.6730254018009        756.00214270847960        195.79556885251361     
           1         409   685.50117369161853        853.46765327191440        133.65511322235429     
           1         410   685.54200357376226        843.89035184696502        133.65550849530814     
           1         411   581.16966627907289        671.68558473223436        133.60485871826725     
           2           1   582.19226793906364        746.02634913427732        133.60456425465284     
           2           2   963.35902345120667        730.00205520171698        133.77083123082733     
           2           3   582.21268421997900        812.13131781794505        133.60458951252318     
           2           4   812.35527793060101        879.73257045303069        133.71041327166353     
           2           5   582.21268421997900        892.08531921217389        133.60458951252318     
           2           6   582.21268421997900        719.57133198657971        133.60458951252318     
           2           7   582.21268421997900        770.51415193997877        133.60458951252318     
           2           8   2148.7113406550316        847.81994000000009        415.87288513706972     
           2           9   582.21268421997900        839.62383399145313        133.60458951252318     
           2          10   582.19226793906364        892.78563188813780        133.60456425465284     
           2          11   582.17865788714710        734.54369391175521        133.60454741674357     
           2          12   1024.1358041409151        750.95830325015083        143.71160333470436     
           2          13   495.34223124849666        843.51970419447957        133.55832524153988     
           2          14   423.27379977089112        824.34636712880501        133.51613942417325     
           2          15   686.72088527656297        905.20474613427723        133.65515926397936     
           2          16   495.35354501174538        722.31364423035450        133.55834062548047     
           2          17   582.16164622459826        763.09433259513492        133.60452637011286     
           2          18   582.21268421997900        784.43033082992019        133.60458951252318     
           2          19   582.20587863260982        857.64608070867075        133.60458109309806     
           2          20   582.05959730856887        858.14572420330421        133.60440010795472     
           2          21   423.27379977089112        745.22438740673249        133.51613942417325     
           2          22   582.17865788714710        736.66703763427734        133.60454741674357     
           2          23   582.16164622459826        814.09646003950354        133.60452637011286     
           2          24   582.20587863260982        829.90240306341491        133.60458109309806     
           2          25   582.21268421997900        832.19614438817291        133.60458951252318     
           2          26   582.21268421997900        686.61110849241607        133.60458951252318     
           2          27   495.32808981728181        742.39850241470356        133.59221492196886     
           2          28   582.20587863260982        707.56589125372864        133.60458109309806     
           2          29   582.16164622459826        794.29629813427755        133.60452637011286     
           2          30   2264.2255119680199        818.09641973827740        312.88489596646411     
           2          31   44.309141554074010        831.96290993549997        2254.1966146994737     
           2          32   495.34223124849666        708.97303045125409        133.55832524153988     
           2          33   495.32808981728181        727.99354100676146        133.55830601230804     
           2          34   582.16164622459826        708.61200586777238        133.60452637011286     
           2          35   582.21268421997900        783.35426596376840        133.60458951252318     
           2          36   686.71270541505828        662.21232041784663        133.65515005536139     
           2          37   686.72088527656297        703.24412809368050        133.65515926397936     
           2          38   582.21268421997900        761.50972104613186        133.60458951252318     
           2          39   582.21268421997900        753.81829965364170        133.60458951252318     
           2          40   582.17865788714710        778.37803636699721        133.60454741674357     
           2          41   582.21268421997900        667.42455816565223        133.60458951252318     
           2          42   686.71270541505828        703.15502213196885        133.65515005536139     
           2          43   582.19226793906364        742.60527513427746        133.60456425465284     
           2          44   582.17865788714710        768.84241279437288        133.60454741674357     
           2          45   582.17865788714710        746.75895744697868        133.60485871826725     
           2          46   582.07660295377934        645.66787458766566        133.60442114954918     
           2          47   46.031996802405615        780.95737460713883        3065.1257370961789     
           2          48   582.21268421997900        724.40778827638599        133.60458951252318     
           2          49   28.279971638167911        897.42869186070800        3466.1966016727492     
           2          50   3076.3242536044518        939.51210713427736        198.42367765694323     
           2          51   582.21268421997900        653.98189103348830        133.60458951252318     
           2          52   812.31107479600712        703.96686683670464        133.71075894341269     
           2          53   582.20587863260982        690.41634456144322        133.60458109309806     
           2          54   686.63909509192888        779.79519280667307        133.65506718437430     
           2          55   582.20587863260982        850.21512775618999        133.60458109309806     
           2          56   582.21268421997900        678.80737888842157        133.64187822532435     
           2          57   582.21268421997900        685.90784485070799        133.60458951252318     
           2          58   582.14463556473515        733.41183112553949        133.60450532432282     
           2          59   582.21268421997900        747.03310732668274        133.60458951252318     
           2          60   423.25030862638556        812.36731536013212        133.51610431095628     
           2          61   81.027522778323302        779.64743786250006        4165.8723953510216     
           2          62   582.05959730856887        726.93088522777862        133.60440010795472     
           2          63   963.35902345120667        730.22546947510250        133.77083123082733     
           2          64   812.35527793060101        793.11584613427749        133.71041327166353     
           2          65   423.25970473110721        788.31316996072519        133.51611835590091     
           2          66   1312.1393579192593        686.34832117505994        195.61073173455372     
           2          67   423.25970473110721        753.24348489750423        133.51611835590091     
           2          68   582.21268421997900        748.06798881068403        133.60458951252318     
           2          69   495.36485932454792        761.88395660213541        133.55863286958470     
           2          70   686.67998784237409        825.35939906754948        133.65511322235429     
           2          71   582.21268421997900        665.91443313427726        133.60458951252318     
           2          72   812.33563154584203        718.08906407965742        133.71039314269834     
           2          73   582.21268421997900        744.35692682139415        133.60458951252318     
           2          74   495.32808981728181        764.99475699637821        133.55830601230804     
           2          75   582.20587863260982        789.21875956510655        133.60458109309806     
           2          76   582.21268421997900        714.59768782959259        133.60458951252318     
           2          77   582.19226793906364        703.13223809192584        133.60456425465284     
           2          78   812.37492519080718        771.06643513427753        133.71043340126059     
           2          79   582.17865788714710        764.19878759381390        133.60454741674357     
           2          80   2019.0623902072384        815.64476544048546        198.18149156263874     
           2          81   582.21268421997900        696.05650501216780        133.60458951252318     
           2          82   495.36485932454792        734.41128037112878        133.55835600991588     
           2          83   582.20587863260982        728.82572765161990        133.60458109309806     
           2          84   582.20587863260982        783.95991864255143        133.60458109309806     
           2          85   2811.4934020127143        753.00845955212401        198.32309652488740     
           2          86   582.21268421997900        678.15190902461188        133.60490081772156     
           2          87   582.21268421997900        707.02572507277375        133.60458951252318     
           2          88   1804.7482435580355        754.17214925185033        195.74071287296340     
           2          89   582.20587863260982        775.81572507601049        133.60458109309806     
           2          90   582.21268421997900        809.76308433265456        133.60458951252318     
           2          91   582.20587863260982        634.22207183756154        133.60489239756143     
           2          92   495.34223124849666        716.37480891784662        133.55832524153988     
           2          93   582.14463556473515        719.80155864692961        133.60450532432282     
           2          94   582.21268421997900        765.15175447177603        133.60458951252318     
           2          95   495.34223124849666        823.26747396179405        133.55860209846287     
           2          96   1408.8150419881913        662.56630913008405        143.80691935234429     
           2          97   686.72088527656297        674.66849719635388        133.65515926397936     
           2          98   582.17865788714710        705.17085622101092        133.60485871826725     
           2          99   582.21268421997900        754.71075341784672        133.60458951252318     
           2         100   582.14463556473515        781.99127403642387        133.60450532432282     
           2         101   423.25030862638556        685.86941870384078        133.51610431095628     
           2         102   582.21268421997900        680.79624594590882        133.60490081772156     
           2         103   582.16164622459826        708.43069755601766        133.60452637011286     
           2         104   423.22682042447570        727.15202768721861        133.51606920058336     
           2         105   495.35354501174538        790.15410177513832        133.55834062548047     
           2         106   582.21268421997900        698.21857413427722        133.60458951252318     
           2         107   582.16164622459826        739.74089801343735        133.64181205824019     
           2         108   686.67998784237409        717.04908735891092        133.65546244974917     
           2         109   582.21268421997900        765.94808997378300        133.60458951252318     
           2         110   686.65954088164278        745.06469713643185        133.65509020290824     
           2         111   582.16164622459826        672.66705654672489        133.60452637011286     
           2         112   686.71270541505828        730.56216471392872        133.65515005536139     
           2         113   582.16164622459826        752.57325513427747        133.60452637011286     
           2         114   1408.7327064245385        748.14114783220805        143.80687401591607     
           2         115   495.35354501174538        795.23876653916818        133.55861748377609     
           2         116   686.55732364511027        656.75228555633362        133.69595583087761     
           2         117   1636.3640752208478        756.34916685448525        180.74692314568654     
           2         118   2128.7635658960053        808.05841714251619        195.87535352309470     
           2         119   2985.9865858777439        858.02244273141605        198.47861015263419     
           2         120   686.63909509192888        791.78420813427749        133.65506718437430     
           2         121   582.19226793906364        696.25576214205114        133.64185175749520     
           2         122   963.13506162842634        696.50793644934720        133.77062237498600     
           2         123   686.71270541505828        749.81535045767828        133.65515005536139     
           2         124   582.20587863260982        820.41058303739237        133.60458109309806     
           2         125   686.72088527656297        823.53825419950169        133.65550849530814     
           2         126   582.17865788714710        668.70988234657671        133.60485871826725     
           2         127   3134.9248672924896        805.58441641784657        437.17079332047672     
           2         128   495.31394924483862        727.11268698078709        133.55828678384941     
           2         129   495.34223124849666        781.55605462731432        133.55832524153988     
           2         130   423.23856415757450        830.64044766562245        133.51608675541448     
           2         131   495.37051668699985        678.45860221286136        133.55836370232072     
           2         132   3497.4961541886637        798.75571332984657        409.56956115838790     
           2         133   87.023448457443550        896.22677312799988        10259.796251440184     
           2         134   495.32808981728181        765.07901913427736        133.55830601230804     
           2         135   582.19226793906364        836.65971203352353        133.60456425465284     
           2         136   44.297678290761063        802.98995001196931        3746.5694755397562     
           2         137   495.34223124849666        709.42348125254341        133.55832524153988     
           2         138   582.21268421997900        740.19905006127112        133.60458951252318     
           2         139   686.55732364511027        819.74743413840599        133.65497511934819     
           2         140   1408.8150419881913        797.29683029911291        143.80691935234429     
           2         141   67.866985339134288        767.54043899999988        4033.6016139679487     
           2         142   120.61961103160182        810.85646454863854        15395.414601497265     
           2         143   686.63909509192888        751.78048538641667        133.65506718437430     
           2         144   423.26910130660701        770.58198407694113        133.51613240130305     
           2         145   686.69634625404387        824.48145708165941        133.65513163856548     
           2         146   582.05959730856887        686.60584100215613        133.64167974894656     
           2         147   582.21268421997900        742.37711021466123        133.60458951252318     
           2         148   582.20587863260982        707.60722141784686        133.64186940256653     
           2         149   495.32808981728181        794.29375543646393        133.59221492196886     
           2         150   130.87351396238194        972.57894055500014        6873.1787725370596     
           2         151   123.92086406721621        740.21102402827728        13981.922770019051     
           2         152   686.72088527656297        728.34961026271537        133.65515926397936     
           2         153   582.21268421997900        743.43560291536005        133.60458951252318     
           2         154   582.21268421997900        738.75472829203409        133.64187822532435     
           2         155   582.21268421997900        793.40482713427741        133.60458951252318     
           2         156   686.63909509192888        689.51266465377967        133.65506718437430     
           2         157   582.20587863260982        721.46954705388043        133.60458109309806     
           2         158   1535.6887141211450        773.79841998704580        195.67284277659962     
           2         159   686.72088527656297        776.98553579631323        133.69614886102596     
           2         160   686.72088527656297        798.24291748991095        133.65515926397936     
           2         161   1804.4318836549776        671.09948209169431        195.74052723799815     
           2         162   1804.8009810894268        726.95555813427734        195.74074381644655     
           2         163   582.21268421997900        770.31871795293659        133.60458951252318     
           2         164   582.20587863260982        805.48630377175721        133.60458109309806     
           2         165   582.21268421997900        780.11629869771286        133.64187822532435     
           2         166   582.21268421997900        672.96415914353588        133.60458951252318     
           2         167   582.21268421997900        676.31048921081333        133.60458951252318     
           2         168   582.16164622459826        757.91438213693027        133.60452637011286     
           2         169   812.38474914917481        825.94205785070824        133.71044346629631     
           2         170   1408.7656394855683        848.36732256432902        143.80722742289737     
           2         171   582.21268421997900        658.69031066092862        133.64187822532435     
           2         172   582.20587863260982        709.46869487790616        133.64186940256653     
           2         173   686.69634625404387        716.93002326736189        133.65513163856548     
           2         174   582.21268421997900        788.02516737629890        133.64187822532435     
           2         175   2128.8142782967961        889.94930532541673        195.81511421766859     
           2         176   66.603332862905845        903.36799156713857        4229.4218026801336     
           2         177   495.32808981728181        704.22059430157833        133.59221492196886     
           2         178   582.19226793906364        760.82360215759832        133.60456425465284     
           2         179   582.21268421997900        757.70394665939386        133.60458951252318     
           2         180   1804.8853676045587        813.28110911937881        195.74079332858142     
           2         181   1804.8009810894268        719.64430067176420        195.74074381644655     
           2         182   1024.2210658732799        726.90650826472609        143.71166005815138     
           2         183   812.28651941422731        730.26835513427750        133.71034282305973     
           2         184   582.21268421997900        793.11373798656155        133.60458951252318     
           2         185   582.17865788714710        788.30868267380629        133.60485871826725     
           2         186   582.21268421997900        686.34365745600530        133.60490081772156     
           2         187   582.21268421997900        733.05997993129517        133.60458951252318     
           2         188   582.17865788714710        741.04903790572257        133.64183411301411     
           2         189   582.19226793906364        758.55048754291909        133.60456425465284     
           2         190   582.21268421997900        847.84532313427724        133.60458951252318     
           2         191   582.21268421997900        672.22405063065275        133.60458951252318     
           2         192   582.20587863260982        738.26145233201555        133.60489239756143     
           2         193   582.14463556473515        733.27972979816627        133.60481662217160     
           2         194   686.67998784237409        771.97837431167648        133.69610059748922     
           2         195   1804.9064654764938        802.70386703693578        195.74080570710913     
           2         196   582.21268421997900        719.05643914253437        133.60458951252318     
           2         197   495.32808981728181        704.31075963427725        133.59221492196886     
           2         198   423.27379977089112        780.03750514923934        133.51613942417325     
           2         199   582.21268421997900        736.66003434273523        133.60458951252318     
           2         200   582.21268421997900        815.44356788784296        133.60458951252318     
           2         201   1408.7985740991960        676.93521954827293        143.80691028477005     
           2         202   582.21268421997900        727.74855973078650        133.60458951252318     
           2         203   582.19226793906364        746.88861658646567        133.60456425465284     
           2         204   582.21268421997900        805.42378991784699        133.60458951252318     
           2         205   582.21268421997900        763.97716982479585        133.60458951252318     
           2         206   495.24325926699294        697.26203104083697        133.55819065315870     
           2         207   495.36485932454792        696.50211544004014        133.55835600991588     
           2         208   423.17985285053510        751.85367810060291        133.51599898838123     
           2         209   582.21268421997900        789.86806154433839        133.60458951252318     
           2         210   582.17865788714710        774.19725817859910        133.60454741674357     
           2         211   582.16164622459826        628.71030641784660        133.60452637011286     
           2         212   495.36485932454792        696.19515004031518        133.59226729650121     
           2         213   1804.9064654764938        719.79666948672661        195.74080570710913     
           2         214   495.36485932454792        757.78660325622138        133.55835600991588     
           2         215   582.21268421997900        799.89822791802101        133.60458951252318     
           2         216   582.21268421997900        656.24876464893157        133.60458951252318     
           2         217   2128.6367950583526        691.82897036909696        195.81501945546145     
           2         218   582.21268421997900        725.62392141784687        133.60458951252318     
           2         219   71.694460241254092        936.18785653819998        5136.5268421778383     
           2         220   582.14463556473515        805.35344800590997        133.60450532432282     
           2         221   190.30802748812147        787.26202270199985        17988.802971895562     
           2         222   582.17865788714710        660.61311681715199        133.60454741674357     
           2         223   423.26910130660701        701.41241731334787        133.51613240130305     
           2         224   235.82285438371602        887.23725109599991        19277.753236327044     
           2         225   963.33544417393944        782.48503241784670        133.82028707105761     
           2         226   356.08474107833246        808.64531408500011        30455.690836378544     
           2         227   963.28239454069910        719.55817378524239        133.82023517954551     
           2         228   1312.1830536839204        710.03066326271085        195.61076271019047     
           2         229   1535.6887141211450        765.94259747877732        195.67324986251100     
           2         230   170.86654889896471        958.77848216499990        16298.090372259818     
           2         231   582.21268421997900        688.92128292867221        133.60458951252318     
           2         232   582.16164622459826        749.99650663427735        133.60452637011286     
           2         233   812.33563154584203        741.49800557901574        133.71039314269834     
           2         234   582.17865788714710        768.00460415999123        133.60454741674357     
           2         235   686.53688371186638        817.67813810403106        133.65495210536906     
           2         236   582.20587863260982        646.78222873122695        133.60458109309806     
           2         237   1804.8009810894268        718.06852036803821        195.74074381644655     
           2         238   812.38474914917481        786.79462531902936        133.71044346629631     
           2         239   582.16164622459826        791.36037213427755        133.60452637011286     
           2         240   495.36485932454792        791.78206166499456        133.55835600991588     
           2         241   1804.9064654764938        696.25144803564774        195.74080570710913     
           2         242   582.21268421997900        696.50324215992975        133.60458951252318     
           2         243   423.25030862638556        749.80916107635437        133.54693475833844     
           2         244   582.21268421997900        820.40402883149000        133.60458951252318     
           2         245   449.72421114110455        977.39782128000024        38725.825048826337     
           2         246   1804.8431733524446        685.78196913427723        195.79559479414254     
           2         247   582.19226793906364        747.92457719521190        133.60456425465284     
           2         248   1661.6800271352349        734.12141852319996        143.86137215267544     
           2         249   686.71270541505828        803.85233329683547        133.65515005536139     
           2         250   495.37051668699985        795.09173351671438        133.55836370232072     
           2         251   686.63909509192888        672.89402355294737        133.65506718437430     
           2         252   376.66136833839022        833.37757769999985        38056.859210643990     
           2         253   582.21268421997900        759.99390513427750        133.60458951252318     
           2         254   582.21268421997900        765.07673669609449        133.60458951252318     
           2         255   582.16164622459826        836.65484941973011        133.60452637011286     
           2         256   963.37081347345622        671.46140667133966        133.77084222495535     
           2         257   582.14463556473515        726.59844719808711        133.60450532432282     
           2         258   582.19226793906364        760.59512693088641        133.60456425465284     
           2         259   495.36485932454792        799.59934814985911        133.59226729650121     
           2         260   1804.9064654764938        807.23648441784667        195.74080570710913     
           2         261   582.21268421997900        710.91639336753246        133.60458951252318     
           2         262   582.20587863260982        679.41502489322897        133.60489239756143     
           2         263   1976.6795770476106        743.47876325427728        279.22825088005220     
           2         264   582.21268421997900        757.69624831856015        133.60458951252318     
           2         265   22.189960382378484        750.43928018784663        1203.6958691787911     
           2         266   495.31394924483862        679.19909155147695        133.55828678384941     
           2         267   812.37492519080718        698.80628791784670        133.71043340126059     
           2         268   686.71270541505828        681.74115131283929        133.65515005536139     
           2         269   2518.4280497637910        754.32805384973506        195.89641998585736     
           2         270   686.72088527656297        777.38347041983025        133.65515926397936     
           2         271   686.55732364511027        672.28533332980055        133.65497511934819     
           2         272   582.21268421997900        730.61027034546350        133.60490081772156     
           2         273   582.19226793906364        723.36705121173463        133.60456425465284     
           2         274   1408.8150419881913        749.55228191784681        143.80691935234429     
           2         275   582.21268421997900        783.79501549262716        133.60458951252318     
           2         276   495.32808981728181        673.75541602496503        133.55830601230804     
           2         277   582.21268421997900        711.22816563225149        133.64187822532435     
           2         278   582.21268421997900        739.06589174179339        133.60458951252318     
           2         279   582.21268421997900        718.03053050994845        133.60490081772156     
           2         280   582.21268421997900        757.14742909712288        133.60458951252318     
           2         281   582.21268421997900        624.73428641784665        133.60458951252318     
           2         282   686.69634625404387        695.40123060370070        133.65513163856548     
           2         283   2132.3680171757510        731.19112009204002        195.99988830664151     
           2         284   686.65954088164278        805.48079638352533        133.65509020290824     
           2         285   495.35354501174538        780.10985172155983        133.55834062548047     
           2         286   686.69634625404387        672.95881347570162        133.65513163856548     
           2         287   582.21268421997900        663.05589349223271        133.60458951252318     
           2         288   582.21268421997900        749.52954141784687        133.60458951252318     
           2         289   582.21268421997900        816.82401919646873        133.60458951252318     
           2         290   686.69634625404387        804.13167669739903        133.65513163856548     
           2         291   423.26910130660701        654.34117908095732        133.51613240130305     
           2         292   963.37081347345622        702.48563506874461        133.77084222495535     
           2         293   495.32808981728181        716.92439077562813        133.59221492196886     
           2         294   582.21268421997900        780.63652653769577        133.60458951252318     
           2         295   582.21268421997900        854.01620213427736        133.60458951252318     
           2         296   495.36485932454792        694.75068384362737        133.55835600991588     
           2         297   582.21268421997900        699.50399578540100        133.60458951252318     
           2         298   582.21268421997900        760.81919774314747        133.60458951252318     
           2         299   582.19226793906364        757.69804733263516        133.60456425465284     
           2         300   582.14463556473515        813.27487627021890        133.60450532432282     
           2         301   686.67998784237409        719.61856118718526        133.65511322235429     
           2         302   495.25739554440332        716.43665463427737        133.55820987775070     
           2         303   1408.8150419881913        731.10228893106319        143.80725462756192     
           2         304   582.21268421997900        793.10947892426827        133.60490081772156     
           2         305   582.21268421997900        788.30426734682464        133.64187822532435     
           2         306   495.25739554440332        686.33761747462859        133.55820987775070     
           2         307   495.32808981728181        712.87605725800017        133.55858286751507     
           2         308   686.71270541505828        734.01182458268090        133.65549928590352     
           2         309   423.27379977089112        758.59293813427746        133.51613942417325     
           2         310   495.25739554440332        847.84302320380880        133.55820987775070     
           2         311   582.17865788714710        672.21953417792463        133.60454741674357     
           2         312   495.36485932454792        738.25663949737020        133.55835600991588     
           2         313   582.21268421997900        733.27345608080100        133.60458951252318     
           2         314   582.21268421997900        790.96172553600002        133.60458951252318     
           2         315   582.19226793906364        825.12159464583920        133.60456425465284     
           2         316   582.20587863260982        701.81734113427729        133.60458109309806     
           2         317   812.38474914917481        699.59631004122400        133.71044346629631     
           2         318   686.65954088164278        753.51280842655251        133.65509020290824     
           2         319   582.21268421997900        728.41902543595324        133.60458951252318     
           2         320   582.21268421997900        803.25630031178594        133.60458951252318     
           2         321   1535.5571873895067        675.85348492926505        195.67275795828323     
           2         322   812.28651941422731        722.21346410456931        133.71034282305973     
           2         323   1536.5639375235733        675.61249770141603        195.80358374550738     
           2         324   582.20587863260982        779.51736950932752        133.60489239756143     
           2         325   582.20587863260982        743.23653853080395        133.60489239756143     
           2         326   582.21268421997900        686.23166196084424        133.60458951252318     
           2         327   495.37051668699985        690.98991013596822        133.55836370232072     
           2         328   495.36485932454792        734.19265625927346        133.55835600991588     
           2         329   582.20587863260982        792.34711609363592        133.60458109309806     
           2         330   686.65954088164278        784.24555613427754        133.65543942833654     
           2         331   582.21268421997900        646.74958959569744        133.60458951252318     
           2         332   1024.1358041409151        677.14660163832127        143.71160333470436     
           2         333   1804.8431733524446        725.61235358810211        195.74076857211483     
           2         334   582.21268421997900        751.67497190037705        133.60458951252318     
           2         335   495.37051668699985        806.29358170449404        133.55836370232072     
           2         336   1804.9064654764938        650.98636038080349        195.79563370820929     
           2         337   582.21268421997900        680.21742891784675        133.60458951252318     
           2         338   2518.3062362825658        699.39838329478380        195.89693565576380     
           2         339   495.37051668699985        760.81486892144051        133.55836370232072     
           2         340   495.34223124849666        827.78429565583542        133.59223506533860     
           2         341   495.35354501174538        706.84747922797692        133.55834062548047     
           2         342   582.21268421997900        685.49449104471796        133.60458951252318     
           2         343   2128.8649930206320        734.92243649230011        195.87541028949758     
           2         344   812.28651941422731        717.75450191784682        133.71034282305973     
           2         345   582.21268421997900        790.19739463073472        133.60458951252318     
           2         346   686.71270541505828        698.21087314622503        133.65515005536139     
           2         347   582.16164622459826        720.68573891092569        133.60452637011286     
           2         348   582.19226793906364        716.61224871195748        133.60456425465284     
           2         349   423.25970473110721        764.31161481724644        133.51611835590091     
           2         350   686.72088527656297        777.08329182250270        133.65515926397936     
           2         351   495.32808981728181        691.91508213427733        133.55830601230804     
           2         352   582.21268421997900        773.43102883510130        133.60458951252318     
           2         353   1804.9064654764938        766.16393765691373        195.74080570710913     
           2         354   582.21268421997900        761.01586385913652        133.60458951252318     
           2         355   686.71270541505828        825.38623969257981        133.65515005536139     
           2         356   1804.9064654764938        665.89192418451046        195.74080570710913     
           2         357   1804.9064654764938        718.04352092788099        195.74080570710913     
           2         358   495.34223124849666        786.84289513427757        133.55832524153988     
           2         359   423.27379977089112        791.35791964079965        133.51613942417325     
           2         360   812.16376302929189        791.77781516612231        133.71021704126790     
           2         361   963.31186591971505        696.24730239569851        133.77078725602806     
           2         362   582.19226793906364        696.49775298309942        133.60456425465284     
           2         363   686.71270541505828        749.80348177773351        133.65515005536139     
           2         364   423.27379977089112        798.07751575965813        133.51613942417325     
           2         365   1408.8150419881913        803.66852013427729        143.80725462756192     
           2         366   686.72088527656297        666.66465660470931        133.65515926397936     
           2         367   1804.9064654764938        747.92004641728488        195.74126343952813     
           2         368   582.21268421997900        734.11697261615404        133.60458951252318     
           2         369   495.35354501174538        803.84638487862287        133.55861748377609     
           2         370   423.25030862638556        795.08552846205555        133.51634990357627     
           2         371   686.65954088164278        678.10948560734130        133.65509020290824     
           2         372   1535.6711758394244        708.96130413427738        195.67283146690121     
           2         373   582.21268421997900        786.21450318469010        133.60458951252318     
           2         374   582.21268421997900        766.32506225900261        133.60458951252318     
           2         375   812.35527793060101        846.52142020908673        133.71041327166353     
           2         376   582.20587863260982        647.85564190542209        133.60489239756143     
           2         377   963.28239454069910        719.93019814140860        133.77119663778566     
           2         378   686.69634625404387        739.33164490493198        133.65513163856548     
           2         379   812.31107479600712        792.23810913427747        133.71036798238427     
           2         380   582.17865788714710        807.23431467627756        133.60485871826725     
           2         381   582.16164622459826        710.91209401236893        133.60483766979914     
           2         382   495.32808981728181        679.41099645259226        133.55858286751507     
           2         383   582.17865788714710        761.93501490067638        133.64183411301411     
           2         384   582.05959730856887        757.69005374580297        133.64167974894656     
           2         385   687.68498019993024        678.26021043569335        82.299871443788760     
           2         386   1804.9064654764938        697.60463141784669        195.74080570710913     
           2         387   582.16164622459826        712.04082091238558        133.60452637011286     
           2         388   686.71270541505828        709.09363268294078        133.69613920799750     
           2         389   1408.8150419881913        762.55951905870188        143.80691935234429     
           2         390   963.37081347345622        817.14173503054451        133.77084222495535     
           2         391   686.71270541505828        688.03583619461619        133.65515005536139     
           2         392   1826.0688754868338        651.47492767433619        195.61270437351672     
           2         393   582.21268421997900        744.11598885070828        133.60458951252318     
           2         394   582.21268421997900        767.20977716984078        133.60458951252318     
           2         395   1487.7897995832168        745.30731853648967        143.75672299346536     
           2         396   582.21268421997900        694.74082534033755        133.64187822532435     
           2         397   686.67998784237409        736.11500611742213        133.65511322235429     
           2         398   2128.8142782967961        772.59150392587685        195.81511421766859     
           2         399   495.35354501174538        748.54071173872762        133.55834062548047     
           2         400   582.21268421997900        796.95185413427737        133.60458951252318     
           2         401   582.21268421997900        646.79653764193108        133.60458951252318     
           2         402   686.71270541505828        725.81443668467523        133.65515005536139     
           2         403   495.37051668699985        790.70734813098784        133.55864056267572     
           2         404   1804.9064654764938        813.70977770286549        195.79563370820929     
           2         405   495.36485932454792        792.25881687977187        133.55835600991588     
           2         406   812.37492519080718        676.63775295949995        133.71043340126059     
           2         407   582.20587863260982        686.85644763427729        133.60489239756143     
           2         408   1804.8009810894268        756.00214270847960        195.79556885251361     
           2         409   812.31107479600712        853.46765327191440        133.71036798238427     
           2         410   582.20587863260982        843.89035184696502        133.60489239756143     
           2         411   495.34223124849666        671.68558473223436        133.55860209846287     
