  economy_id district_id expected_hires capacity belief_expected_hires
           1           1   12.531511034285616        17.000000000000000        4.6358383540700032     
           1           2   10.275940957282158        17.000000000000000        4.6348819124417959     
           1           3   17.419435640702154        17.000000000000000        4.6375181238891861     
           1           4   12.531511034285616        17.000000000000000        4.6358383540700032     
           1           5   12.531604349196037        17.000000000000000        4.6358384438930011     
           1           6   12.531604349196037        17.000000000000000        4.6358384438930011     
           1           7   12.530904534033544        17.000000000000000        4.6358377702454785     
           1           8   59.949217939140105        17.000000000000000        11.892237966296845     
           1           9   10.276290882379946        17.000000000000000        4.6348823084162394     
           1          10   10.275766008776992        17.000000000000000        4.6348817144629724     
           1          11   10.275766008776992        17.000000000000000        4.6348817144629724     
           1          12   42.149110794722446        17.000000000000000        4.9916450114244775     
           1          13   11.321899795556092        17.000000000000000        4.6353447344516443     
           1          14   13.928890154030997        17.000000000000000        4.6363627889395769     
           1          15   12.531604349196037        17.000000000000000        4.6358384438930011     
           1          16   11.322263321360731        17.000000000000000        4.6353451139656379     
           1          17   12.531604349196037        17.000000000000000        4.6358384438930011     
           1          18   11.322505690941163        17.000000000000000        4.6353453669857831     
           1          19   12.531324410207247        17.000000000000000        4.6358381744271053     
           1          20   12.531511034285616        17.000000000000000        4.6358383540700032     
           1          21   11.322263321360731        17.000000000000000        4.6353451139656379     
           1          22   11.322505690941163        17.000000000000000        4.6353453669857831     
           1          23   12.531604349196037        17.000000000000000        4.6358384438930011     
           1          24   12.531604349196037        17.000000000000000        4.6358384438930011     
           1          25   10.276290882379946        16.000000000000000        4.6348823084162394     
           1          26   12.531604349196037        16.000000000000000        4.6358384438930011     
           1          27   12.531511034285616        16.000000000000000        4.6368093925159775     
           1          28   11.322101750104187        16.000000000000000        4.6353449452903668     
           1          29   15.546562086297689        16.000000000000000        4.6369221453434992     
           1          30   46.005887054093797        16.000000000000000        8.4405742565842914     
           1          31  0.76283949695741615        16.000000000000000        38.109731239112818     
           1          32   12.531604349196037        16.000000000000000        4.6358384438930011     
           1          33   11.322505690941163        16.000000000000000        4.6353453669857831     
           1          34   12.529738414800420        16.000000000000000        4.6358366476272019     
           1          35   12.531604349196037        16.000000000000000        4.6358384438930011     
           1          36   12.530904534033544        16.000000000000000        4.6358377702454785     
           1          37   11.322424899388356        16.000000000000000        4.6353452826447672     
           1          38   13.929591048582004        16.000000000000000        4.6363634107357932     
           1          39   12.531511034285616        16.000000000000000        4.6358383540700032     
           1          40   13.929591048582004        16.000000000000000        4.6363634107357932     
           1          41   10.276220894364650        16.000000000000000        4.6348822292195306     
           1          42   12.529738414800420        16.000000000000000        4.6358366476272019     
           1          43   11.322101750104187        16.000000000000000        4.6353449452903668     
           1          44   13.929159718021067        16.000000000000000        4.6363630280864641     
           1          45   12.531604349196037        16.000000000000000        4.6358445588513932     
           1          46   15.547060811198689        16.000000000000000        4.6369225528961202     
           1          47  0.53984717957379869        16.000000000000000        49.976795426551547     
           1          48   12.531604349196037        16.000000000000000        4.6358384438930011     
           1          49  0.37264280617704443        16.000000000000000        53.904570158793177     
           1          50   56.528704384648456        16.000000000000000        6.8786568250872007     
           1          51   10.275940957282158        16.000000000000000        4.6348819124417959     
           1          52   12.531324410207247        16.000000000000000        4.6358442893608602     
           1          53   12.531604349196037        16.000000000000000        4.6358384438930011     
           1          54   15.546250403186107        16.000000000000000        4.6369218906325278     
           1          55   12.531604349196037        16.000000000000000        4.6358384438930011     
           1          56   12.531604349196037        16.000000000000000        4.6368094882589288     
           1          57   12.529505226868002        16.000000000000000        4.6358364231226838     
           1          58   17.419435640702154        16.000000000000000        4.6375181238891861     
           1          59   11.322424899388356        16.000000000000000        4.6353452826447672     
           1          60   12.531604349196037        16.000000000000000        4.6358384438930011     
           1          61  0.74972838529538210        16.000000000000000        63.348975028660625     
           1          62   10.275766008776992        16.000000000000000        4.6348817144629724     
           1          63   13.928620603588291        16.000000000000000        4.6363625497994665     
           1          64   12.531324410207247        16.000000000000000        4.6358381744271053     
           1          65   11.322505690941163        16.000000000000000        4.6353453669857831     
           1          66   38.848988223196002        16.000000000000000        6.7918175606641835     
           1          67   12.531604349196037        16.000000000000000        4.6358384438930011     
           1          68   12.531604349196037        16.000000000000000        4.6358384438930011     
           1          69   12.530904534033544        16.000000000000000        4.6358438851422781     
           1          70   12.531604349196037        16.000000000000000        4.6358384438930011     
           1          71   11.321899795556092        16.000000000000000        4.6353447344516443     
           1          72   12.530671286247335        16.000000000000000        4.6358375457091094     
           1          73   12.531604349196037        16.000000000000000        4.6358384438930011     
           1          74   12.531604349196037        16.000000000000000        4.6358384438930011     
           1          75   12.531604349196037        16.000000000000000        4.6358384438930011     
           1          76   12.531137793787583        16.000000000000000        4.6358379947882975     
           1          77   15.546811443837047        16.000000000000000        4.6369223491174845     
           1          78   13.929591048582004        16.000000000000000        4.6363634107357932     
           1          79   12.531604349196037        16.000000000000000        4.6358384438930011     
           1          80   40.770540229571282        16.000000000000000        6.8755704392294801     
           1          81   12.531324410207247        16.000000000000000        4.6358381744271053     
           1          82   12.531604349196037        16.000000000000000        4.6358384438930011     
           1          83   12.531604349196037        16.000000000000000        4.6358384438930011     
           1          84   12.531511034285616        16.000000000000000        4.6358383540700032     
           1          85   36.122566032371161        16.000000000000000        6.8747785449680370     
           1          86   12.531604349196037        16.000000000000000        4.6358445588513932     
           1          87   13.927273054624070        16.000000000000000        4.6363613542006457     
           1          88   31.856249056995267        16.000000000000000        6.7904112580340446     
           1          89   12.531511034285616        16.000000000000000        4.6358383540700032     
           1          90   17.419435640702154        16.000000000000000        4.6375181238891861     
           1          91   12.531511034285616        16.000000000000000        4.6358444690201859     
           1          92   13.929698886640304        16.000000000000000        4.6363635064007926     
           1          93   15.546811443837047        16.000000000000000        4.6369223491174845     
           1          94   12.531324410207247        16.000000000000000        4.6358381744271053     
           1          95   12.530904534033544        16.000000000000000        4.6358438851422781     
           1          96   30.323250802402562        16.000000000000000        4.9898365224162404     
           1          97   12.531604349196037        16.000000000000000        4.6358384438930011     
           1          98   10.276290882379946        16.000000000000000        4.6348876992355024     
           1          99   12.530904534033544        16.000000000000000        4.6358377702454785     
           1         100   12.531604349196037        16.000000000000000        4.6358384438930011     
           1         101   12.531604349196037        16.000000000000000        4.6358384438930011     
           1         102   12.530904534033544        16.000000000000000        4.6358438851422781     
           1         103   12.531324410207247        16.000000000000000        4.6358381744271053     
           1         104   12.531604349196037        16.000000000000000        4.6358384438930011     
           1         105   12.531604349196037        16.000000000000000        4.6358384438930011     
           1         106   12.531604349196037        16.000000000000000        4.6358384438930011     
           1         107   12.531137793787583        16.000000000000000        4.6368090095556020     
           1         108   12.531604349196037        16.000000000000000        4.6358445588513932     
           1         109   15.545938735424032        16.000000000000000        4.6369216359287728     
           1         110   15.547185498562650        16.000000000000000        4.6369226547871403     
           1         111   12.531604349196037        16.000000000000000        4.6358384438930011     
           1         112   12.531604349196037        16.000000000000000        4.6358384438930011     
           1         113   15.546811443837047        16.000000000000000        4.6369223491174845     
           1         114   30.323476602102510        16.000000000000000        4.9898366191536692     
           1         115   12.531511034285616        16.000000000000000        4.6358444690201859     
           1         116   12.531324410207247        16.000000000000000        4.6368092010334712     
           1         117   56.010739463601809        16.000000000000000        6.2744724431278973     
           1         118   43.182860192599122        16.000000000000000        6.7940890945994150     
           1         119   53.696859643500495        16.000000000000000        6.8790895570700368     
           1         120   12.531511034285616        16.000000000000000        4.6358383540700032     
           1         121   13.929375378966842        16.000000000000000        4.6373831779119286     
           1         122   15.547060811198689        16.000000000000000        4.6369225528961202     
           1         123   11.322505690941163        16.000000000000000        4.6353453669857831     
           1         124   12.531324410207247        16.000000000000000        4.6358381744271053     
           1         125   13.928890154030997        16.000000000000000        4.6363693042011160     
           1         126   13.929375378966842        16.000000000000000        4.6363697347091293     
           1         127   63.509174545413494        16.000000000000000        11.331487373533722     
           1         128   13.927542537313759        16.000000000000000        4.6363615933068401     
           1         129   11.321697851589793        16.000000000000000        4.6353445236188735     
           1         130   13.929698886640304        16.000000000000000        4.6363635064007926     
           1         131   12.531604349196037        16.000000000000000        4.6358384438930011     
           1         132   60.613677138088910        16.000000000000000        9.8690544337482535     
           1         133   1.4579816938703880        16.000000000000000        167.39809604357120     
           1         134   12.531604349196037        16.000000000000000        4.6358384438930011     
           1         135   12.531137793787583        16.000000000000000        4.6358379947882975     
           1         136  0.88447736694944845        16.000000000000000        60.621586992548373     
           1         137   11.322505690941163        16.000000000000000        4.6353453669857831     
           1         138   12.531604349196037        16.000000000000000        4.6358384438930011     
           1         139   12.531324410207247        16.000000000000000        4.6358381744271053     
           1         140   24.862772593108325        16.000000000000000        4.9888051748042885     
           1         141   1.3683827395501997        16.000000000000000        83.492802342708416     
           1         142   2.0087167366832785        16.000000000000000        247.77340459708120     
           1         143   13.929159718021067        16.000000000000000        4.6363630280864641     
           1         144   11.322263321360731        16.000000000000000        4.6353451139656379     
           1         145   11.320890181556001        16.000000000000000        4.6353436803476615     
           1         146   12.529738414800420        16.000000000000000        4.6368075736178866     
           1         147   12.531604349196037        16.000000000000000        4.6358384438930011     
           1         148   12.530904534033544        16.000000000000000        4.6368087702146639     
           1         149   13.929159718021067        16.000000000000000        4.6373829739152308     
           1         150   2.4026101862273661        16.000000000000000        126.52619973882645     
           1         151   1.7192473974606535        16.000000000000000        220.64915760394203     
           1         152   13.929698886640304        16.000000000000000        4.6363635064007926     
           1         153   11.322505690941163        16.000000000000000        4.6353453669857831     
           1         154   12.531604349196037        16.000000000000000        4.6368094882589288     
           1         155   12.531604349196037        16.000000000000000        4.6358384438930011     
           1         156   12.531324410207247        16.000000000000000        4.6358381744271053     
           1         157   12.531137793787583        16.000000000000000        4.6358379947882975     
           1         158   38.848988223196002        16.000000000000000        6.7918175606641835     
           1         159   12.530904534033544        16.000000000000000        4.6368087702146639     
           1         160   12.531604349196037        16.000000000000000        4.6358384438930011     
           1         161   38.848988223196002        16.000000000000000        6.7918175606641835     
           1         162   38.848698939416870        16.000000000000000        6.7918174286061035     
           1         163   12.531137793787583        16.000000000000000        4.6358379947882975     
           1         164   11.322263321360731        16.000000000000000        4.6353451139656379     
           1         165   10.274716514409993        16.000000000000000        4.6357624872245280     
           1         166   12.531511034285616        16.000000000000000        4.6358383540700032     
           1         167   11.321899795556092        16.000000000000000        4.6353447344516443     
           1         168   12.531604349196037        16.000000000000000        4.6358384438930011     
           1         169   17.417993334624001        16.000000000000000        4.6375170386796825     
           1         170   24.864465609534406        16.000000000000000        4.9888118334205123     
           1         171   12.531604349196037        16.000000000000000        4.6368094882589288     
           1         172   12.531604349196037        16.000000000000000        4.6368094882589288     
           1         173   12.531604349196037        16.000000000000000        4.6358384438930011     
           1         174   10.276220894364650        16.000000000000000        4.6357643007570992     
           1         175   38.848988223196002        16.000000000000000        6.7918175606641835     
           1         176  0.86422941372389761        16.000000000000000        55.085931891478971     
           1         177   13.928620603588291        16.000000000000000        4.6373824639449719     
           1         178   12.531324410207247        16.000000000000000        4.6358381744271053     
           1         179   12.531604349196037        16.000000000000000        4.6358384438930011     
           1         180   38.848988223196002        16.000000000000000        6.7918175606641835     
           1         181   38.848120389662547        16.000000000000000        6.7918171644945105     
           1         182   24.865650936758691        16.000000000000000        4.9888066246101745     
           1         183   11.321697851589793        16.000000000000000        4.6353445236188735     
           1         184   12.531324410207247        16.000000000000000        4.6358381744271053     
           1         185   12.531324410207247        16.000000000000000        4.6358442893608602     
           1         186   12.531137793787583        16.000000000000000        4.6358441097056255     
           1         187   11.322424899388356        16.000000000000000        4.6353452826447672     
           1         188   15.547060811198689        16.000000000000000        4.6379946914266883     
           1         189   11.322101750104187        16.000000000000000        4.6353449452903668     
           1         190   13.929698886640304        16.000000000000000        4.6363635064007926     
           1         191   11.322505690941163        16.000000000000000        4.6353453669857831     
           1         192   13.929591048582004        16.000000000000000        4.6363699260531508     
           1         193   12.531137793787583        16.000000000000000        4.6358441097056255     
           1         194   12.531604349196037        16.000000000000000        4.6368094882589288     
           1         195   38.848988223196002        16.000000000000000        6.7918175606641835     
           1         196   10.276220894364650        16.000000000000000        4.6348822292195306     
           1         197   12.530671286247335        16.000000000000000        4.6368085308809981     
           1         198   13.929375378966842        16.000000000000000        4.6363632194089561     
           1         199   12.531604349196037        16.000000000000000        4.6358384438930011     
           1         200   12.531604349196037        16.000000000000000        4.6358384438930011     
           1         201   30.322799216898481        16.000000000000000        4.9898363289445493     
           1         202   12.531604349196037        16.000000000000000        4.6358384438930011     
           1         203   15.547185498562650        16.000000000000000        4.6369226547871403     
           1         204   12.531604349196037        16.000000000000000        4.6358384438930011     
           1         205   12.531604349196037        16.000000000000000        4.6358384438930011     
           1         206   17.418714452856051        16.000000000000000        4.6375175812690266     
           1         207   12.530904534033544        16.000000000000000        4.6358377702454785     
           1         208   11.322263321360731        16.000000000000000        4.6353451139656379     
           1         209   12.531324410207247        16.000000000000000        4.6358381744271053     
           1         210   13.929591048582004        16.000000000000000        4.6363634107357932     
           1         211   12.531604349196037        16.000000000000000        4.6358384438930011     
           1         212   11.322505690941163        16.000000000000000        4.6362705081897815     
           1         213   38.848988223196002        16.000000000000000        6.7918175606641835     
           1         214   12.531604349196037        16.000000000000000        4.6358384438930011     
           1         215   12.531604349196037        16.000000000000000        4.6358384438930011     
           1         216   12.531604349196037        16.000000000000000        4.6358384438930011     
           1         217   38.848120389662547        16.000000000000000        6.7918171644945105     
           1         218   12.531604349196037        16.000000000000000        4.6358384438930011     
           1         219   1.3515741038204021        16.000000000000000        97.036937648427937     
           1         220   17.418353885037341        16.000000000000000        4.6375173099705354     
           1         221   2.2817380088631363        16.000000000000000        282.66956487478933     
           1         222   12.531137793787583        16.000000000000000        4.6358379947882975     
           1         223   12.531511034285616        16.000000000000000        4.6358383540700032     
           1         224   4.0889826352457366        16.000000000000000        328.96073164943471     
           1         225   12.531604349196037        16.000000000000000        4.6368094882589288     
           1         226   5.6868002067617676        16.000000000000000        477.91661361262783     
           1         227   12.531604349196037        16.000000000000000        4.6368094882589288     
           1         228   38.848988223196002        16.000000000000000        6.7918175606641835     
           1         229   38.848988223196002        16.000000000000000        6.7918265518879606     
           1         230   2.9855393223317264        16.000000000000000        278.67163978906791     
           1         231   12.531511034285616        16.000000000000000        4.6358383540700032     
           1         232   15.546562086297689        16.000000000000000        4.6369221453434992     
           1         233   12.531137793787583        16.000000000000000        4.6358379947882975     
           1         234   13.929159718021067        16.000000000000000        4.6363630280864641     
           1         235   11.322505690941163        16.000000000000000        4.6353453669857831     
           1         236   10.276290882379946        16.000000000000000        4.6348823084162394     
           1         237   35.100434016062813        16.000000000000000        6.7910925119131562     
           1         238   11.322505690941163        16.000000000000000        4.6353453669857831     
           1         239   12.531604349196037        16.000000000000000        4.6358384438930011     
           1         240   12.531604349196037        16.000000000000000        4.6358384438930011     
           1         241   38.848988223196002        16.000000000000000        6.7918175606641835     
           1         242   12.531604349196037        16.000000000000000        4.6358384438930011     
           1         243   13.929159718021067        16.000000000000000        4.6373829739152308     
           1         244   12.531604349196037        16.000000000000000        4.6358384438930011     
           1         245   6.0996646630718336        16.000000000000000        597.76702778813524     
           1         246   53.999425275952021        16.000000000000000        6.7959443788572358     
           1         247   12.531604349196037        16.000000000000000        4.6358384438930011     
           1         248   30.321218813578415        16.000000000000000        4.9898356518284421     
           1         249   13.929698886640304        16.000000000000000        4.6363635064007926     
           1         250   12.531604349196037        16.000000000000000        4.6358384438930011     
           1         251   13.929591048582004        16.000000000000000        4.6363634107357932     
           1         252   8.7814017846872137        16.000000000000000        653.51760695673977     
           1         253   12.531604349196037        16.000000000000000        4.6358384438930011     
           1         254   12.531137793787583        16.000000000000000        4.6358379947882975     
           1         255   12.531604349196037        16.000000000000000        4.6358384438930011     
           1         256   12.531604349196037        16.000000000000000        4.6358384438930011     
           1         257   12.531604349196037        16.000000000000000        4.6358384438930011     
           1         258   12.531324410207247        16.000000000000000        4.6358381744271053     
           1         259   11.321899795556092        16.000000000000000        4.6362698341856294     
           1         260   43.182860192599122        16.000000000000000        6.7925893652647931     
           1         261   12.531604349196037        16.000000000000000        4.6358384438930011     
           1         262   12.531604349196037        16.000000000000000        4.6358445588513932     
           1         263   45.060312364172781        16.000000000000000        9.6880771873831506     
           1         264   13.929375378966842        16.000000000000000        4.6363632194089561     
           1         265  0.43902874671201897        16.000000000000000        23.783294581701977     
           1         266   10.276290882379946        16.000000000000000        4.6348823084162394     
           1         267   12.531604349196037        16.000000000000000        4.6358384438930011     
           1         268   12.531604349196037        16.000000000000000        4.6358384438930011     
           1         269   35.100684476418756        16.000000000000000        6.7910926359122836     
           1         270   12.531604349196037        16.000000000000000        4.6358384438930011     
           1         271   12.531604349196037        16.000000000000000        4.6358384438930011     
           1         272   13.929698886640304        16.000000000000000        4.6363700217267247     
           1         273   12.529505226868002        16.000000000000000        4.6358364231226838     
           1         274   27.396281750941746        16.000000000000000        4.9893049042748858     
           1         275   12.531604349196037        16.000000000000000        4.6358384438930011     
           1         276   11.321697851589793        16.000000000000000        4.6353445236188735     
           1         277   12.531511034285616        16.000000000000000        4.6368093925159775     
           1         278   12.531137793787583        16.000000000000000        4.6358379947882975     
           1         279   10.276080922827555        16.000000000000000        4.6348874616255440     
           1         280   13.928890154030997        16.000000000000000        4.6363627889395769     
           1         281   12.531604349196037        16.000000000000000        4.6358384438930011     
           1         282   11.322101750104187        16.000000000000000        4.6353449452903668     
           1         283   36.147691072025459        16.000000000000000        6.7937831195595022     
           1         284   12.531604349196037        16.000000000000000        4.6358384438930011     
           1         285   12.531604349196037        16.000000000000000        4.6358384438930011     
           1         286   15.546250403186107        16.000000000000000        4.6369218906325278     
           1         287   11.322424899388356        16.000000000000000        4.6353452826447672     
           1         288   13.927273054624070        16.000000000000000        4.6363613542006457     
           1         289   10.276220894364650        16.000000000000000        4.6348822292195306     
           1         290   11.322505690941163        16.000000000000000        4.6353453669857831     
           1         291   12.531604349196037        16.000000000000000        4.6358384438930011     
           1         292   10.275940957282158        16.000000000000000        4.6348819124417959     
           1         293   12.531604349196037        16.000000000000000        4.6368094882589288     
           1         294   12.531137793787583        16.000000000000000        4.6358379947882975     
           1         295   12.531324410207247        16.000000000000000        4.6358381744271053     
           1         296   12.531604349196037        16.000000000000000        4.6358384438930011     
           1         297   12.531511034285616        16.000000000000000        4.6358383540700032     
           1         298   13.927542537313759        16.000000000000000        4.6363615933068401     
           1         299   12.531511034285616        16.000000000000000        4.6358383540700032     
           1         300   12.530904534033544        16.000000000000000        4.6358377702454785     
           1         301   12.531604349196037        16.000000000000000        4.6358384438930011     
           1         302   12.531604349196037        16.000000000000000        4.6358384438930011     
           1         303   30.323476602102510        16.000000000000000        4.9898432049544219     
           1         304   12.531324410207247        16.000000000000000        4.6358442893608602     
           1         305   12.531604349196037        16.000000000000000        4.6368094882589288     
           1         306   11.321697851589793        16.000000000000000        4.6353445236188735     
           1         307   12.530904534033544        16.000000000000000        4.6358438851422781     
           1         308   11.322424899388356        16.000000000000000        4.6353510233474893     
           1         309   11.322424899388356        16.000000000000000        4.6353452826447672     
           1         310   13.929698886640304        16.000000000000000        4.6363635064007926     
           1         311   12.531511034285616        16.000000000000000        4.6358383540700032     
           1         312   11.322505690941163        16.000000000000000        4.6353453669857831     
           1         313   13.929159718021067        16.000000000000000        4.6363630280864641     
           1         314   12.531511034285616        16.000000000000000        4.6358383540700032     
           1         315   13.929159718021067        16.000000000000000        4.6363630280864641     
           1         316   12.531604349196037        16.000000000000000        4.6358384438930011     
           1         317   12.531604349196037        16.000000000000000        4.6358384438930011     
           1         318   13.929159718021067        16.000000000000000        4.6363630280864641     
           1         319   13.929591048582004        16.000000000000000        4.6363634107357932     
           1         320   11.321899795556092        16.000000000000000        4.6353447344516443     
           1         321   38.848988223196002        16.000000000000000        6.7918175606641835     
           1         322   12.531137793787583        16.000000000000000        4.6358379947882975     
           1         323   32.523870516958361        16.000000000000000        6.7927355342778695     
           1         324   12.531324410207247        16.000000000000000        4.6358442893608602     
           1         325   12.529505226868002        16.000000000000000        4.6358425378962771     
           1         326   12.531604349196037        16.000000000000000        4.6358384438930011     
           1         327   12.531137793787583        16.000000000000000        4.6358379947882975     
           1         328   12.531604349196037        16.000000000000000        4.6358384438930011     
           1         329   12.531604349196037        16.000000000000000        4.6358384438930011     
           1         330   12.531604349196037        16.000000000000000        4.6358445588513932     
           1         331   12.531324410207247        16.000000000000000        4.6358381744271053     
           1         332   30.322799216898481        16.000000000000000        4.9898363289445493     
           1         333   38.846818739524650        16.000000000000000        6.7918165702654951     
           1         334   12.530904534033544        16.000000000000000        4.6358377702454785     
           1         335   12.531604349196037        16.000000000000000        4.6358384438930011     
           1         336   38.847541863650598        16.000000000000000        6.7932446460010674     
           1         337   12.531137793787583        16.000000000000000        4.6358379947882975     
           1         338   38.848988223196002        16.000000000000000        6.7918265518879606     
           1         339   12.531511034285616        16.000000000000000        4.6358383540700032     
           1         340   12.531324410207247        16.000000000000000        4.6368092010334712     
           1         341   12.531604349196037        16.000000000000000        4.6358384438930011     
           1         342   12.531604349196037        16.000000000000000        4.6358384438930011     
           1         343   38.848120389662547        16.000000000000000        6.7932449275142810     
           1         344   10.275591069635654        16.000000000000000        4.6348815164897639     
           1         345   12.530904534033544        16.000000000000000        4.6358377702454785     
           1         346   12.530671286247335        16.000000000000000        4.6358375457091094     
           1         347   12.531511034285616        16.000000000000000        4.6358383540700032     
           1         348   12.531604349196037        16.000000000000000        4.6358384438930011     
           1         349   13.929159718021067        16.000000000000000        4.6363630280864641     
           1         350   12.531324410207247        16.000000000000000        4.6358381744271053     
           1         351   12.531511034285616        16.000000000000000        4.6358383540700032     
           1         352   12.531604349196037        16.000000000000000        4.6358384438930011     
           1         353   38.848988223196002        16.000000000000000        6.7918175606641835     
           1         354   12.531324410207247        16.000000000000000        4.6358381744271053     
           1         355   12.531604349196037        16.000000000000000        4.6358384438930011     
           1         356   43.182860192599122        16.000000000000000        6.7925893652647931     
           1         357   38.848988223196002        16.000000000000000        6.7918175606641835     
           1         358   13.929591048582004        16.000000000000000        4.6363634107357932     
           1         359   12.531604349196037        16.000000000000000        4.6358384438930011     
           1         360   12.531604349196037        16.000000000000000        4.6358384438930011     
           1         361   12.530904534033544        16.000000000000000        4.6358377702454785     
           1         362   12.531604349196037        16.000000000000000        4.6358384438930011     
           1         363   12.531511034285616        16.000000000000000        4.6358383540700032     
           1         364   11.322424899388356        16.000000000000000        4.6353452826447672     
           1         365   30.323476602102510        16.000000000000000        4.9898432049544219     
           1         366   15.547185498562650        16.000000000000000        4.6369226547871403     
           1         367   38.848120389662547        16.000000000000000        6.7918261556820534     
           1         368   13.929698886640304        16.000000000000000        4.6363635064007926     
           1         369   12.531604349196037        16.000000000000000        4.6358445588513932     
           1         370   10.275766008776992        16.000000000000000        4.6348871052258112     
           1         371   11.320688290509905        16.000000000000000        4.6353434695447655     
           1         372   38.848988223196002        16.000000000000000        6.7918175606641835     
           1         373   12.531604349196037        16.000000000000000        4.6358384438930011     
           1         374   12.531511034285616        16.000000000000000        4.6358383540700032     
           1         375   10.276220894364650        16.000000000000000        4.6348822292195306     
           1         376   17.417993334624001        16.000000000000000        4.6375244407250467     
           1         377   15.547185498562650        16.000000000000000        4.6369295984959598     
           1         378   12.531137793787583        16.000000000000000        4.6358379947882975     
           1         379   12.531604349196037        16.000000000000000        4.6358384438930011     
           1         380   12.530904534033544        16.000000000000000        4.6358438851422781     
           1         381   12.531604349196037        16.000000000000000        4.6358445588513932     
           1         382   12.531604349196037        16.000000000000000        4.6358445588513932     
           1         383   12.530671286247335        16.000000000000000        4.6368085308809981     
           1         384   12.531604349196037        16.000000000000000        4.6368094882589288     
           1         385   19.593948015385134        16.000000000000000        2.8583969058772651     
           1         386   38.848988223196002        16.000000000000000        6.7918175606641835     
           1         387   13.929375378966842        16.000000000000000        4.6363632194089561     
           1         388   12.531604349196037        16.000000000000000        4.6368094882589288     
           1         389   30.322799216898481        16.000000000000000        4.9898363289445493     
           1         390   12.531511034285616        16.000000000000000        4.6358383540700032     
           1         391   15.546811443837047        16.000000000000000        4.6369223491174845     
           1         392   38.861325449766575        16.000000000000000        6.7914091023163898     
           1         393   11.322505690941163        16.000000000000000        4.6353453669857831     
           1         394   12.531604349196037        16.000000000000000        4.6358384438930011     
           1         395   28.268213198149731        16.000000000000000        4.9895795714901334     
           1         396   12.529505226868002        16.000000000000000        4.6368073343200544     
           1         397   12.531511034285616        16.000000000000000        4.6358383540700032     
           1         398   43.176509641790048        16.000000000000000        6.7925866932923142     
           1         399   12.531604349196037        16.000000000000000        4.6358384438930011     
           1         400   11.322424899388356        16.000000000000000        4.6353452826447672     
           1         401   12.530904534033544        16.000000000000000        4.6358377702454785     
           1         402   15.544692217885640        16.000000000000000        4.6369206171861608     
           1         403   12.531604349196037        16.000000000000000        4.6358445588513932     
           1         404   38.848120389662547        16.000000000000000        6.7932449275142810     
           1         405   12.531511034285616        16.000000000000000        4.6358383540700032     
           1         406   12.531324410207247        16.000000000000000        4.6358381744271053     
           1         407   12.530671286247335        16.000000000000000        4.6358436605853681     
           1         408   38.847541863650598        16.000000000000000        6.7932446460010674     
           1         409   13.929159718021067        16.000000000000000        4.6363630280864641     
           1         410   13.929698886640304        16.000000000000000        4.6363700217267247     
           1         411   12.531137793787583        16.000000000000000        4.6358441097056255     
           2           1   12.552504561514954        17.000000000000000        4.6358381744271053     
           2           2   17.447769765895863        17.000000000000000        4.6375180153626747     
           2           3   12.552784905797317        17.000000000000000        4.6358384438930011     
           2           4   15.572440727454433        17.000000000000000        4.6369223491174845     
           2           5   12.552784905797317        17.000000000000000        4.6358384438930011     
           2           6   12.552784905797317        17.000000000000000        4.6358384438930011     
           2           7   12.552784905797317        17.000000000000000        4.6358384438930011     
           2           8   46.194583314995320        17.000000000000000        10.245818549624561     
           2           9   12.552784905797317        17.000000000000000        4.6358384438930011     
           2          10   12.552504561514954        17.000000000000000        4.6358381744271053     
           2          11   12.552317674901712        17.000000000000000        4.6358379947882975     
           2          12   24.908452838029877        17.000000000000000        4.9888062408108507     
           2          13   11.341559319571353        17.000000000000000        4.6353449452903668     
           2          14   10.294295008176396        17.000000000000000        4.6348823084162394     
           2          15   13.952917992206457        17.000000000000000        4.6363635064007926     
           2          16   11.341721119085681        17.000000000000000        4.6353451139656379     
           2          17   12.552084077408253        17.000000000000000        4.6358377702454785     
           2          18   12.552784905797317        17.000000000000000        4.6358384438930011     
           2          19   12.552691455788317        17.000000000000000        4.6358383540700032     
           2          20   12.550682743860440        17.000000000000000        4.6358364231226838     
           2          21   10.294295008176396        17.000000000000000        4.6348823084162394     
           2          22   12.552317674901712        17.000000000000000        4.6358379947882975     
           2          23   12.552084077408253        17.000000000000000        4.6358377702454785     
           2          24   12.552691455788317        17.000000000000000        4.6358383540700032     
           2          25   12.552784905797317        16.000000000000000        4.6358384438930011     
           2          26   12.552784905797317        16.000000000000000        4.6358384438930011     
           2          27   11.341357079702734        16.000000000000000        4.6362698341856294     
           2          28   12.552691455788317        16.000000000000000        4.6358383540700032     
           2          29   12.552084077408253        16.000000000000000        4.6358377702454785     
           2          30   46.074995239204014        16.000000000000000        8.4405742565842914     
           2          31  0.76234302119381170        16.000000000000000        38.109658871127614     
           2          32   11.341559319571353        16.000000000000000        4.6353449452903668     
           2          33   11.341357079702734        16.000000000000000        4.6353447344516443     
           2          34   12.552084077408253        16.000000000000000        4.6358377702454785     
           2          35   12.552784905797317        16.000000000000000        4.6358384438930011     
           2          36   13.952809994369732        16.000000000000000        4.6363634107357932     
           2          37   13.952917992206457        16.000000000000000        4.6363635064007926     
           2          38   12.552784905797317        16.000000000000000        4.6358384438930011     
           2          39   12.552784905797317        16.000000000000000        4.6358384438930011     
           2          40   12.552317674901712        16.000000000000000        4.6358379947882975     
           2          41   12.552784905797317        16.000000000000000        4.6358384438930011     
           2          42   13.952809994369732        16.000000000000000        4.6363634107357932     
           2          43   12.552504561514954        16.000000000000000        4.6358381744271053     
           2          44   12.552317674901712        16.000000000000000        4.6358379947882975     
           2          45   12.552317674901712        16.000000000000000        4.6358441097056255     
           2          46   12.550916269516858        16.000000000000000        4.6358366476272019     
           2          47  0.82332050215748120        16.000000000000000        53.866377445459094     
           2          48   12.552784905797317        16.000000000000000        4.6358384438930011     
           2          49  0.44265341895302385        16.000000000000000        54.170115431753231     
           2          50   56.601613174034810        16.000000000000000        6.8786568250872007     
           2          51   12.552784905797317        16.000000000000000        4.6358384438930011     
           2          52   15.571878837158099        16.000000000000000        4.6369288342740091     
           2          53   12.552691455788317        16.000000000000000        4.6358383540700032     
           2          54   13.951838111399244        16.000000000000000        4.6363625497994665     
           2          55   12.552691455788317        16.000000000000000        4.6358383540700032     
           2          56   12.552784905797317        16.000000000000000        4.6368094882589288     
           2          57   12.552784905797317        16.000000000000000        4.6358384438930011     
           2          58   12.551850491885055        16.000000000000000        4.6358375457091094     
           2          59   12.552784905797317        16.000000000000000        4.6358384438930011     
           2          60   10.293944601462380        16.000000000000000        4.6348819124417959     
           2          61   1.3159637169902332        16.000000000000000        67.777911719752552     
           2          62   12.550682743860440        16.000000000000000        4.6358364231226838     
           2          63   17.447769765895863        16.000000000000000        4.6375180153626747     
           2          64   15.572440727454433        16.000000000000000        4.6369223491174845     
           2          65   10.294084759653659        16.000000000000000        4.6348820708288478     
           2          66   31.912496313532220        16.000000000000000        6.7904114908980651     
           2          67   10.294084759653659        16.000000000000000        4.6348820708288478     
           2          68   12.552784905797317        16.000000000000000        4.6358384438930011     
           2          69   11.341882925372465        16.000000000000000        4.6353510233474893     
           2          70   13.952378024702396        16.000000000000000        4.6363630280864641     
           2          71   12.552784905797317        16.000000000000000        4.6358384438930011     
           2          72   15.572190992292809        16.000000000000000        4.6369221453434992     
           2          73   12.552784905797317        16.000000000000000        4.6358384438930011     
           2          74   11.341357079702734        16.000000000000000        4.6353447344516443     
           2          75   12.552691455788317        16.000000000000000        4.6358383540700032     
           2          76   12.552784905797317        16.000000000000000        4.6358384438930011     
           2          77   12.552504561514954        16.000000000000000        4.6358381744271053     
           2          78   15.572690472441378        16.000000000000000        4.6369225528961202     
           2          79   12.552317674901712        16.000000000000000        4.6358379947882975     
           2          80   40.851964047197399        16.000000000000000        6.8755697476112720     
           2          81   12.552784905797317        16.000000000000000        4.6358384438930011     
           2          82   11.341882925372465        16.000000000000000        4.6353452826447672     
           2          83   12.552691455788317        16.000000000000000        4.6358383540700032     
           2          84   12.552691455788317        16.000000000000000        4.6358383540700032     
           2          85   50.326119201054425        16.000000000000000        6.8768527756567526     
           2          86   12.552784905797317        16.000000000000000        4.6358445588513932     
           2          87   12.552784905797317        16.000000000000000        4.6358384438930011     
           2          88   38.912477038988733        16.000000000000000        6.7918165702654951     
           2          89   12.552691455788317        16.000000000000000        4.6358383540700032     
           2          90   12.552784905797317        16.000000000000000        4.6358384438930011     
           2          91   12.552691455788317        16.000000000000000        4.6358444690201859     
           2          92   11.341559319571353        16.000000000000000        4.6353449452903668     
           2          93   12.551850491885055        16.000000000000000        4.6358375457091094     
           2          94   12.552784905797317        16.000000000000000        4.6358384438930011     
           2          95   11.341559319571353        16.000000000000000        4.6353506859616491     
           2          96   30.374728468553034        16.000000000000000        4.9898366191536692     
           2          97   13.952917992206457        16.000000000000000        4.6363635064007926     
           2          98   12.552317674901712        16.000000000000000        4.6358441097056255     
           2          99   12.552784905797317        16.000000000000000        4.6358384438930011     
           2         100   12.551850491885055        16.000000000000000        4.6358375457091094     
           2         101   10.293944601462380        16.000000000000000        4.6348819124417959     
           2         102   12.552784905797317        16.000000000000000        4.6358445588513932     
           2         103   12.552084077408253        16.000000000000000        4.6358377702454785     
           2         104   10.293594232204237        16.000000000000000        4.6348815164897639     
           2         105   11.341721119085681        16.000000000000000        4.6353451139656379     
           2         106   12.552784905797317        16.000000000000000        4.6358384438930011     
           2         107   12.552084077408253        16.000000000000000        4.6368087702146639     
           2         108   13.952378024702396        16.000000000000000        4.6363695433694811     
           2         109   12.552784905797317        16.000000000000000        4.6358384438930011     
           2         110   13.952108061275128        16.000000000000000        4.6363627889395769     
           2         111   12.552084077408253        16.000000000000000        4.6358377702454785     
           2         112   13.952809994369732        16.000000000000000        4.6363634107357932     
           2         113   12.552084077408253        16.000000000000000        4.6358377702454785     
           2         114   30.373597881859286        16.000000000000000        4.9898361354773186     
           2         115   11.341721119085681        16.000000000000000        4.6353508546526383     
           2         116   13.950758447428395        16.000000000000000        4.6373814440962171     
           2         117   35.151280681103565        16.000000000000000        6.2716515578857432     
           2         118   43.253501663736259        16.000000000000000        6.7940884947587321     
           2         119   53.788136257359966        16.000000000000000        6.8790895570700368     
           2         120   13.951838111399244        16.000000000000000        4.6363625497994665     
           2         121   12.552504561514954        16.000000000000000        4.6368092010334712     
           2         122   17.445025439329122        16.000000000000000        4.6375159535936978     
           2         123   13.952809994369732        16.000000000000000        4.6363634107357932     
           2         124   12.552691455788317        16.000000000000000        4.6358383540700032     
           2         125   13.952917992206457        16.000000000000000        4.6363700217267247     
           2         126   12.552317674901712        16.000000000000000        4.6358441097056255     
           2         127   55.472338559759741        16.000000000000000        10.555551351005249     
           2         128   11.341154850417206        16.000000000000000        4.6353445236188735     
           2         129   11.341559319571353        16.000000000000000        4.6353449452903668     
           2         130   10.293769412150910        16.000000000000000        4.6348817144629724     
           2         131   11.341963831055281        16.000000000000000        4.6353453669857831     
           2         132   60.759159734613817        16.000000000000000        9.8685336752494717     
           2         133   1.4606347259936228        16.000000000000000        167.39809604357120     
           2         134   11.341357079702734        16.000000000000000        4.6353447344516443     
           2         135   12.552504561514954        16.000000000000000        4.6358381744271053     
           2         136  0.75918974154685936        16.000000000000000        59.978827007974751     
           2         137   11.341559319571353        16.000000000000000        4.6353449452903668     
           2         138   12.552784905797317        16.000000000000000        4.6358384438930011     
           2         139   13.950758447428395        16.000000000000000        4.6363615933068401     
           2         140   30.374728468553034        16.000000000000000        4.9898366191536692     
           2         141   1.3693067539273363        16.000000000000000        83.492114343408673     
           2         142   2.0144580669814847        16.000000000000000        247.77332879467787     
           2         143   13.951838111399244        16.000000000000000        4.6363625497994665     
           2         144   10.294224923837504        16.000000000000000        4.6348822292195306     
           2         145   13.952594005200053        16.000000000000000        4.6363632194089561     
           2         146   12.550682743860440        16.000000000000000        4.6368073343200544     
           2         147   12.552784905797317        16.000000000000000        4.6358384438930011     
           2         148   12.552691455788317        16.000000000000000        4.6368093925159775     
           2         149   11.341357079702734        16.000000000000000        4.6362698341856294     
           2         150   2.3995569265139323        16.000000000000000        126.52574101542069     
           2         151   2.0113706365888233        16.000000000000000        222.23648134979513     
           2         152   13.952917992206457        16.000000000000000        4.6363635064007926     
           2         153   12.552784905797317        16.000000000000000        4.6358384438930011     
           2         154   12.552784905797317        16.000000000000000        4.6368094882589288     
           2         155   12.552784905797317        16.000000000000000        4.6358384438930011     
           2         156   13.951838111399244        16.000000000000000        4.6363625497994665     
           2         157   12.552691455788317        16.000000000000000        4.6358383540700032     
           2         158   35.161006286385089        16.000000000000000        6.7910926359122836     
           2         159   13.952917992206457        16.000000000000000        4.6373834839161114     
           2         160   13.952917992206457        16.000000000000000        4.6363635064007926     
           2         161   38.908132791518341        16.000000000000000        6.7918145897212350     
           2         162   38.913201210134673        16.000000000000000        6.7918169003890307     
           2         163   12.552784905797317        16.000000000000000        4.6358384438930011     
           2         164   12.552691455788317        16.000000000000000        4.6358383540700032     
           2         165   12.552784905797317        16.000000000000000        4.6368094882589288     
           2         166   12.552784905797317        16.000000000000000        4.6358384438930011     
           2         167   12.552784905797317        16.000000000000000        4.6358384438930011     
           2         168   12.552084077408253        16.000000000000000        4.6358377702454785     
           2         169   15.572815348619343        16.000000000000000        4.6369226547871403     
           2         170   30.374050102635064        16.000000000000000        4.9898429147187615     
           2         171   12.552784905797317        16.000000000000000        4.6368094882589288     
           2         172   12.552691455788317        16.000000000000000        4.6368093925159775     
           2         173   13.952594005200053        16.000000000000000        4.6363632194089561     
           2         174   12.552784905797317        16.000000000000000        4.6368094882589288     
           2         175   43.254171220768256        16.000000000000000        6.7925890839773198     
           2         176  0.86650104492846236        16.000000000000000        55.085888059257897     
           2         177   11.341357079702734        16.000000000000000        4.6362698341856294     
           2         178   12.552504561514954        16.000000000000000        4.6358381744271053     
           2         179   12.552784905797317        16.000000000000000        4.6358384438930011     
           2         180   38.914359961149579        16.000000000000000        6.7918174286061035     
           2         181   38.913201210134673        16.000000000000000        6.7918169003890307     
           2         182   24.909724654338042        16.000000000000000        4.9888068804873154     
           2         183   15.571566697377257        16.000000000000000        4.6369216359287728     
           2         184   12.552784905797317        16.000000000000000        4.6358384438930011     
           2         185   12.552317674901712        16.000000000000000        4.6358441097056255     
           2         186   12.552784905797317        16.000000000000000        4.6358445588513932     
           2         187   12.552784905797317        16.000000000000000        4.6358384438930011     
           2         188   12.552317674901712        16.000000000000000        4.6368090095556020     
           2         189   12.552504561514954        16.000000000000000        4.6358381744271053     
           2         190   12.552784905797317        16.000000000000000        4.6358384438930011     
           2         191   12.552784905797317        16.000000000000000        4.6358384438930011     
           2         192   12.552691455788317        16.000000000000000        4.6358444690201859     
           2         193   12.551850491885055        16.000000000000000        4.6358436605853681     
           2         194   13.952378024702396        16.000000000000000        4.6373829739152308     
           2         195   38.914649663744818        16.000000000000000        6.7918175606641835     
           2         196   12.552784905797317        16.000000000000000        4.6358384438930011     
           2         197   11.341357079702734        16.000000000000000        4.6362698341856294     
           2         198   10.294295008176396        16.000000000000000        4.6348823084162394     
           2         199   12.552784905797317        16.000000000000000        4.6358384438930011     
           2         200   12.552784905797317        16.000000000000000        4.6358384438930011     
           2         201   30.374502341946751        16.000000000000000        4.9898365224162404     
           2         202   12.552784905797317        16.000000000000000        4.6358384438930011     
           2         203   12.552504561514954        16.000000000000000        4.6358381744271053     
           2         204   12.552784905797317        16.000000000000000        4.6358384438930011     
           2         205   12.552784905797317        16.000000000000000        4.6358384438930011     
           2         206   11.340143862769200        16.000000000000000        4.6353434695447655     
           2         207   11.341882925372465        16.000000000000000        4.6353452826447672     
           2         208   10.292893606079687        16.000000000000000        4.6348807246531196     
           2         209   12.552784905797317        16.000000000000000        4.6358384438930011     
           2         210   12.552317674901712        16.000000000000000        4.6358379947882975     
           2         211   12.552084077408253        16.000000000000000        4.6358377702454785     
           2         212   11.341882925372465        16.000000000000000        4.6362704183190813     
           2         213   38.914649663744818        16.000000000000000        6.7918175606641835     
           2         214   11.341882925372465        16.000000000000000        4.6353452826447672     
           2         215   12.552784905797317        16.000000000000000        4.6358384438930011     
           2         216   12.552784905797317        16.000000000000000        4.6358384438930011     
           2         217   43.251827888776781        16.000000000000000        6.7925880995216410     
           2         218   12.552784905797317        16.000000000000000        4.6358384438930011     
           2         219   1.3500497024007621        16.000000000000000        97.035940537529143     
           2         220   12.551850491885055        16.000000000000000        4.6358375457091094     
           2         221   3.1090375772680465        16.000000000000000        287.86720375370908     
           2         222   12.552317674901712        16.000000000000000        4.6358379947882975     
           2         223   10.294224923837504        16.000000000000000        4.6348822292195306     
           2         224   4.0913706942297337        16.000000000000000        328.96073164943471     
           2         225   17.447480842055562        16.000000000000000        4.6386455425238013     
           2         226   5.6936947000077893        16.000000000000000        477.91661361262783     
           2         227   17.446830804153798        16.000000000000000        4.6386450215023070     
           2         228   31.913148100977036        16.000000000000000        6.7904118402039284     
           2         229   35.161006286385089        16.000000000000000        6.7911010768550195     
           2         230   2.9861699009271385        16.000000000000000        278.67163978906791     
           2         231   12.552784905797317        16.000000000000000        4.6358384438930011     
           2         232   12.552084077408253        16.000000000000000        4.6358377702454785     
           2         233   15.572190992292809        16.000000000000000        4.6369221453434992     
           2         234   12.552317674901712        16.000000000000000        4.6358379947882975     
           2         235   13.950488565323901        16.000000000000000        4.6363613542006457     
           2         236   12.552691455788317        16.000000000000000        4.6358383540700032     
           2         237   38.913201210134673        16.000000000000000        6.7918169003890307     
           2         238   15.572815348619343        16.000000000000000        4.6369226547871403     
           2         239   12.552084077408253        16.000000000000000        4.6358377702454785     
           2         240   11.341882925372465        16.000000000000000        4.6353452826447672     
           2         241   38.914649663744818        16.000000000000000        6.7918175606641835     
           2         242   12.552784905797317        16.000000000000000        4.6358384438930011     
           2         243   10.293944601462380        16.000000000000000        4.6357639633203123     
           2         244   12.552784905797317        16.000000000000000        4.6358384438930011     
           2         245   7.1527825620955863        16.000000000000000        604.00566279003556     
           2         246   38.913780573768840        16.000000000000000        6.7932449275142810     
           2         247   12.552504561514954        16.000000000000000        4.6358381744271053     
           2         248   33.762453362565459        16.000000000000000        4.9904019970165523     
           2         249   13.952809994369732        16.000000000000000        4.6363634107357932     
           2         250   11.341963831055281        16.000000000000000        4.6353453669857831     
           2         251   13.951838111399244        16.000000000000000        4.6363625497994665     
           2         252   6.4591271819575669        16.000000000000000        639.98374079971165     
           2         253   12.552784905797317        16.000000000000000        4.6358384438930011     
           2         254   12.552784905797317        16.000000000000000        4.6358384438930011     
           2         255   12.552084077408253        16.000000000000000        4.6358377702454785     
           2         256   17.447914231993757        16.000000000000000        4.6375181238891861     
           2         257   12.551850491885055        16.000000000000000        4.6358375457091094     
           2         258   12.552504561514954        16.000000000000000        4.6358381744271053     
           2         259   11.341882925372465        16.000000000000000        4.6362704183190813     
           2         260   38.914649663744818        16.000000000000000        6.7918175606641835     
           2         261   12.552784905797317        16.000000000000000        4.6358384438930011     
           2         262   12.552691455788317        16.000000000000000        4.6358444690201859     
           2         263   45.119949841201432        16.000000000000000        9.6880771873831506     
           2         264   12.552784905797317        16.000000000000000        4.6358384438930011     
           2         265  0.43844152152825450        16.000000000000000        23.783289345533131     
           2         266   11.341154850417206        16.000000000000000        4.6353445236188735     
           2         267   15.572690472441378        16.000000000000000        4.6369225528961202     
           2         268   13.952809994369732        16.000000000000000        4.6363634107357932     
           2         269   48.276601455754971        16.000000000000000        6.7934114087367767     
           2         270   13.952917992206457        16.000000000000000        4.6363635064007926     
           2         271   13.950758447428395        16.000000000000000        4.6363615933068401     
           2         272   12.552784905797317        16.000000000000000        4.6358445588513932     
           2         273   12.552504561514954        16.000000000000000        4.6358381744271053     
           2         274   30.374728468553034        16.000000000000000        4.9898366191536692     
           2         275   12.552784905797317        16.000000000000000        4.6358384438930011     
           2         276   11.341357079702734        16.000000000000000        4.6353447344516443     
           2         277   12.552784905797317        16.000000000000000        4.6368094882589288     
           2         278   12.552784905797317        16.000000000000000        4.6358384438930011     
           2         279   12.552784905797317        16.000000000000000        4.6358445588513932     
           2         280   12.552784905797317        16.000000000000000        4.6358384438930011     
           2         281   12.552784905797317        16.000000000000000        4.6358384438930011     
           2         282   13.952594005200053        16.000000000000000        4.6363632194089561     
           2         283   43.707074762826664        16.000000000000000        6.7957152333198163     
           2         284   13.952108061275128        16.000000000000000        4.6363627889395769     
           2         285   11.341721119085681        16.000000000000000        4.6353451139656379     
           2         286   13.952594005200053        16.000000000000000        4.6363632194089561     
           2         287   12.552784905797317        16.000000000000000        4.6358384438930011     
           2         288   12.552784905797317        16.000000000000000        4.6358384438930011     
           2         289   12.552784905797317        16.000000000000000        4.6358384438930011     
           2         290   13.952594005200053        16.000000000000000        4.6363632194089561     
           2         291   10.294224923837504        16.000000000000000        4.6348822292195306     
           2         292   17.447914231993757        16.000000000000000        4.6375181238891861     
           2         293   11.341357079702734        16.000000000000000        4.6362698341856294     
           2         294   12.552784905797317        16.000000000000000        4.6358384438930011     
           2         295   12.552784905797317        16.000000000000000        4.6358384438930011     
           2         296   11.341882925372465        16.000000000000000        4.6353452826447672     
           2         297   12.552784905797317        16.000000000000000        4.6358384438930011     
           2         298   12.552784905797317        16.000000000000000        4.6358384438930011     
           2         299   12.552504561514954        16.000000000000000        4.6358381744271053     
           2         300   12.551850491885055        16.000000000000000        4.6358375457091094     
           2         301   13.952378024702396        16.000000000000000        4.6363630280864641     
           2         302   11.340346039125397        16.000000000000000        4.6353436803476615     
           2         303   30.374728468553034        16.000000000000000        4.9898432049544219     
           2         304   12.552784905797317        16.000000000000000        4.6358445588513932     
           2         305   12.552784905797317        16.000000000000000        4.6368094882589288     
           2         306   11.340346039125397        16.000000000000000        4.6353436803476615     
           2         307   11.341357079702734        16.000000000000000        4.6353504751032872     
           2         308   13.952809994369732        16.000000000000000        4.6363699260531508     
           2         309   10.294295008176396        16.000000000000000        4.6348823084162394     
           2         310   11.340346039125397        16.000000000000000        4.6353436803476615     
           2         311   12.552317674901712        16.000000000000000        4.6358379947882975     
           2         312   11.341882925372465        16.000000000000000        4.6353452826447672     
           2         313   12.552784905797317        16.000000000000000        4.6358384438930011     
           2         314   12.552784905797317        16.000000000000000        4.6358384438930011     
           2         315   12.552504561514954        16.000000000000000        4.6358381744271053     
           2         316   12.552691455788317        16.000000000000000        4.6358383540700032     
           2         317   15.572815348619343        16.000000000000000        4.6369226547871403     
           2         318   13.952108061275128        16.000000000000000        4.6363627889395769     
           2         319   12.552784905797317        16.000000000000000        4.6358384438930011     
           2         320   12.552784905797317        16.000000000000000        4.6358384438930011     
           2         321   35.159125308060567        16.000000000000000        6.7910917059530149     
           2         322   15.571566697377257        16.000000000000000        4.6369216359287728     
           2         323   35.497180890498271        16.000000000000000        6.7935791535807200     
           2         324   12.552691455788317        16.000000000000000        4.6358444690201859     
           2         325   12.552691455788317        16.000000000000000        4.6358444690201859     
           2         326   12.552784905797317        16.000000000000000        4.6358384438930011     
           2         327   11.341963831055281        16.000000000000000        4.6353453669857831     
           2         328   11.341882925372465        16.000000000000000        4.6353452826447672     
           2         329   12.552691455788317        16.000000000000000        4.6358383540700032     
           2         330   13.952108061275128        16.000000000000000        4.6363693042011160     
           2         331   12.552784905797317        16.000000000000000        4.6358384438930011     
           2         332   24.908452838029877        16.000000000000000        4.9888062408108507     
           2         333   38.913780573768840        16.000000000000000        6.7918171644945105     
           2         334   12.552784905797317        16.000000000000000        4.6358384438930011     
           2         335   11.341963831055281        16.000000000000000        4.6353453669857831     
           2         336   38.914649663744818        16.000000000000000        6.7932453497968455     
           2         337   12.552784905797317        16.000000000000000        4.6358384438930011     
           2         338   48.275053026848632        16.000000000000000        6.7934210192835565     
           2         339   11.341963831055281        16.000000000000000        4.6353453669857831     
           2         340   11.341559319571353        16.000000000000000        4.6362700588469403     
           2         341   11.341721119085681        16.000000000000000        4.6353451139656379     
           2         342   12.552784905797317        16.000000000000000        4.6358384438930011     
           2         343   43.254840804683376        16.000000000000000        6.7940890945994150     
           2         344   15.571566697377257        16.000000000000000        4.6369216359287728     
           2         345   12.552784905797317        16.000000000000000        4.6358384438930011     
           2         346   13.952809994369732        16.000000000000000        4.6363634107357932     
           2         347   12.552084077408253        16.000000000000000        4.6358377702454785     
           2         348   12.552504561514954        16.000000000000000        4.6358381744271053     
           2         349   10.294084759653659        16.000000000000000        4.6348820708288478     
           2         350   13.952917992206457        16.000000000000000        4.6363635064007926     
           2         351   11.341357079702734        16.000000000000000        4.6353447344516443     
           2         352   12.552784905797317        16.000000000000000        4.6358384438930011     
           2         353   38.914649663744818        16.000000000000000        6.7918175606641835     
           2         354   12.552784905797317        16.000000000000000        4.6358384438930011     
           2         355   13.952809994369732        16.000000000000000        4.6363634107357932     
           2         356   38.914649663744818        16.000000000000000        6.7918175606641835     
           2         357   38.914649663744818        16.000000000000000        6.7918175606641835     
           2         358   11.341559319571353        16.000000000000000        4.6353449452903668     
           2         359   10.294295008176396        16.000000000000000        4.6348823084162394     
           2         360   15.570006228820269        16.000000000000000        4.6369203625186834     
           2         361   17.447191929357455        16.000000000000000        4.6375175812690266     
           2         362   12.552504561514954        16.000000000000000        4.6358381744271053     
           2         363   13.952809994369732        16.000000000000000        4.6363634107357932     
           2         364   10.294295008176396        16.000000000000000        4.6348823084162394     
           2         365   30.374728468553034        16.000000000000000        4.9898432049544219     
           2         366   13.952917992206457        16.000000000000000        4.6363635064007926     
           2         367   38.914649663744818        16.000000000000000        6.7918265518879606     
           2         368   12.552784905797317        16.000000000000000        4.6358384438930011     
           2         369   11.341721119085681        16.000000000000000        4.6353508546526383     
           2         370   10.293944601462380        16.000000000000000        4.6348873032234339     
           2         371   13.952108061275128        16.000000000000000        4.6363627889395769     
           2         372   35.160755472216685        16.000000000000000        6.7910925119131562     
           2         373   12.552784905797317        16.000000000000000        4.6358384438930011     
           2         374   12.552784905797317        16.000000000000000        4.6358384438930011     
           2         375   15.572440727454433        16.000000000000000        4.6369223491174845     
           2         376   12.552691455788317        16.000000000000000        4.6358444690201859     
           2         377   17.446830804153798        16.000000000000000        4.6375247120393803     
           2         378   13.952594005200053        16.000000000000000        4.6363632194089561     
           2         379   15.571878837158099        16.000000000000000        4.6369218906325278     
           2         380   12.552317674901712        16.000000000000000        4.6358441097056255     
           2         381   12.552084077408253        16.000000000000000        4.6358438851422781     
           2         382   11.341357079702734        16.000000000000000        4.6353504751032872     
           2         383   12.552317674901712        16.000000000000000        4.6368090095556020     
           2         384   12.550682743860440        16.000000000000000        4.6368073343200544     
           2         385   16.722495116743321        16.000000000000000        2.8579599036609835     
           2         386   38.914649663744818        16.000000000000000        6.7918175606641835     
           2         387   12.552084077408253        16.000000000000000        4.6358377702454785     
           2         388   13.952809994369732        16.000000000000000        4.6373833819134918     
           2         389   30.374728468553034        16.000000000000000        4.9898366191536692     
           2         390   17.447914231993757        16.000000000000000        4.6375181238891861     
           2         391   13.952809994369732        16.000000000000000        4.6363634107357932     
           2         392   38.890401060405743        16.000000000000000        6.7914091023163898     
           2         393   12.552784905797317        16.000000000000000        4.6358384438930011     
           2         394   12.552784905797317        16.000000000000000        4.6358384438930011     
           2         395   31.198111526176636        16.000000000000000        4.9900263038664612     
           2         396   12.552784905797317        16.000000000000000        4.6368094882589288     
           2         397   13.952378024702396        16.000000000000000        4.6363630280864641     
           2         398   43.254171220768256        16.000000000000000        6.7925890839773198     
           2         399   11.341721119085681        16.000000000000000        4.6353451139656379     
           2         400   12.552784905797317        16.000000000000000        4.6358384438930011     
           2         401   12.552784905797317        16.000000000000000        4.6358384438930011     
           2         402   13.952809994369732        16.000000000000000        4.6363634107357932     
           2         403   11.341963831055281        16.000000000000000        4.6353511076963745     
           2         404   38.914649663744818        16.000000000000000        6.7932453497968455     
           2         405   11.341882925372465        16.000000000000000        4.6353452826447672     
           2         406   15.572690472441378        16.000000000000000        4.6369225528961202     
           2         407   12.552691455788317        16.000000000000000        4.6358444690201859     
           2         408   38.913201210134673        16.000000000000000        6.7932446460010674     
           2         409   15.571878837158099        16.000000000000000        4.6369218906325278     
           2         410   12.552691455788317        16.000000000000000        4.6358444690201859     
           2         411   11.341559319571353        16.000000000000000        4.6353506859616491     
