  economy_id district_id expected_wage_bill budget belief_expected_Wage_bill
           1           1   99.280148385030330        746.02634913427732        134.00036682287146     
           1           2   96.846662698012111        730.00205520171698        133.83100134471141     
           1           3   107.14082420412845        812.13131781794505        134.31859719416096     
           1           4   99.629869127143451        879.73257045303069        134.00036682287146     
           1           5   99.136741244647354        892.08531921217389        134.00038231933294     
           1           6   99.278957653590922        719.57133198657971        134.00038231933294     
           1           7   99.695357965763634        770.51415193997877        134.00026610161905     
           1           8   992.57313991092087        847.81994000000009        534.57881748573254     
           1           9   96.230885829923139        839.62383399145313        133.83106602107469     
           1          10   96.771797320120143        892.78563188813780        133.83096900840115     
           1          11   96.519947476469497        734.54369391175521        133.83096900840115     
           1          12   258.48615208642656        750.95830325015083        144.57577135641012     
           1          13   97.674339203482958        843.51970419447957        133.91179032629486     
           1          14   101.76062171717551        824.34636712880501        134.09705164801886     
           1          15   98.979863849226177        905.20474613427723        134.00038231933294     
           1          16   98.203822817436929        722.31364423035450        133.91185405758881     
           1          17   99.293603178516051        763.09433259513492        134.00038231933294     
           1          18   97.885761990578644        784.43033082992019        133.91189654755496     
           1          19   99.207916339986866        857.64608070867075        134.00033583066073     
           1          20   99.035924362362110        858.14572420330421        134.00036682287146     
           1          21   97.476871414613214        745.22438740673249        133.91185405758881     
           1          22   97.819111892028502        736.66703763427734        133.91189654755496     
           1          23   99.969282531243607        814.09646003950354        134.00038231933294     
           1          24   99.907504769036123        829.90240306341491        134.00038231933294     
           1          25   96.264489744377769        832.19614438817291        133.83106602107469     
           1          26   98.942727184530142        686.61110849241607        134.00038231933294     
           1          27   106.54395948241761        742.39850241470356        134.04319140215836     
           1          28   98.588371106686424        707.56589125372864        133.91182573202522     
           1          29   103.71357452029380        794.29629813427755        134.20290243618436     
           1          30   477.56114177499762        818.09641973827740        313.48836156378792     
           1          31   3428.2958804578120        831.96290993549997        2890.5530024766417     
           1          32   99.577438567224092        708.97303045125409        134.00038231933294     
           1          33   98.504879682702963        727.99354100676146        133.91189654755496     
           1          34   99.035325067163683        708.61200586777238        134.00007243482594     
           1          35   100.02374707003673        783.35426596376840        134.00038231933294     
           1          36   99.343665051193625        662.21232041784663        134.00026610161905     
           1          37   97.729289504257821        703.24412809368050        133.91188238401563     
           1          38   101.77192929902421        761.50972104613186        134.09716177109638     
           1          39   99.105685239209222        753.81829965364170        134.00036682287146     
           1          40   101.48375651696173        778.37803636699721        134.09716177109638     
           1          41   96.643956361683635        667.42455816565223        133.83105308540337     
           1          42   99.074847563688294        703.15502213196885        134.00007243482594     
           1          43   97.931825783716619        742.60527513427746        133.91182573202522     
           1          44   100.86231793949534        768.84241279437288        134.09709400177360     
           1          45   101.75755265843982        746.75895744697868        134.00123184629382     
           1          46   104.27897929738201        645.66787458766566        134.20297648255828     
           1          47   4093.1530308841352        780.95737460713883        3293.6539736866730     
           1          48   100.20089520225204        724.40778827638599        134.00038231933294     
           1          49   3521.8942088281729        897.42869186070800        3399.1187383811098     
           1          50   429.25487949588762        939.51210713427736        199.18893106573924     
           1          51   96.290957173392698        653.98189103348830        133.83100134471141     
           1          52   101.99662168750788        703.96686683670464        134.00118535171970     
           1          53   99.055895508540090        690.41634456144322        134.00038231933294     
           1          54   103.14689122098324        779.79519280667307        134.20285615944766     
           1          55   100.52741657757252        850.21512775618999        134.00038231933294     
           1          56   106.29890363801017        678.80737888842157        134.04320735658615     
           1          57   99.048194121024181        685.90784485070799        134.00003370587609     
           1          58   108.51852327724994        733.41183112553949        134.31859719416096     
           1          59   97.877080511133158        747.03310732668274        133.91188238401563     
           1          60   99.406715962276863        812.36731536013212        134.00038231933294     
           1          61   4346.0071081368042        779.64743786250006        3529.4314569584972     
           1          62   98.272630918413768        726.93088522777862        133.83096900840115     
           1          63   100.87077739622929        730.22546947510250        134.09700929586054     
           1          64   99.072337680547136        793.11584613427749        134.00033583066073     
           1          65   98.692512262780610        788.31316996072519        133.91189654755496     
           1          66   307.32706822730296        686.34832117505994        196.32265677923326     
           1          67   99.020397285264067        753.24348489750423        134.00038231933294     
           1          68   99.023371490297762        748.06798881068403        134.00038231933294     
           1          69   100.75384875509103        761.88395660213541        134.00111561382542     
           1          70   99.664022284263368        825.35939906754948        134.00038231933294     
           1          71   97.654015966396031        665.91443313427726        133.91179032629486     
           1          72   99.286315371155382        718.08906407965742        134.00022736532179     
           1          73   99.419821093928206        744.35692682139415        134.00038231933294     
           1          74   99.085714540255708        764.99475699637821        134.00038231933294     
           1          75   100.92283949901119        789.21875956510655        134.00038231933294     
           1          76   99.136516410321235        714.59768782959259        134.00030483938590     
           1          77   103.19366454691706        703.13223809192584        134.20293945881852     
           1          78   101.19609537144473        771.06643513427753        134.09716177109638     
           1          79   99.541434811699276        764.19878759381390        134.00038231933294     
           1          80   347.02261219736579        815.64476544048546        198.91814028451807     
           1          81   99.007388385185365        696.05650501216780        134.00033583066073     
           1          82   99.732637501721072        734.41128037112878        134.00038231933294     
           1          83   100.94913916970687        728.82572765161990        134.00038231933294     
           1          84   100.48847277705669        783.95991864255143        134.00036682287146     
           1          85   349.15169876454303        753.00845955212401        198.73148924796729     
           1          86   101.15762950813397        678.15190902461188        134.00123184629382     
           1          87   101.75909850308618        707.02572507277375        134.09679755897955     
           1          88   300.55619951963797        754.17214925185033        196.07364726829374     
           1          89   99.353579052193837        775.81572507601049        134.00036682287146     
           1          90   106.53870493835431        809.76308433265456        134.31859719416096     
           1          91   102.30868893053125        634.22207183756154        134.00121634786538     
           1          92   100.78257765067659        716.37480891784662        134.09717871406576     
           1          93   103.07991809988611        719.80155864692961        134.20293945881852     
           1          94   99.120654072860304        765.15175447177603        134.00033583066073     
           1          95   102.42182328177985        823.26747396179405        134.00111561382542     
           1          96   239.90978030073819        662.56630913008405        144.23315783176741     
           1          97   99.337173182893636        674.66849719635388        134.00038231933294     
           1          98   97.754645273831116        705.17085622101092        133.83173638930813     
           1          99   99.269673343565316        754.71075341784672        134.00026610161905     
           1         100   99.182707916691868        781.99127403642387        134.00038231933294     
           1         101   100.70138889369827        685.86941870384078        134.00038231933294     
           1         102   101.67378120110162        680.79624594590882        134.00111561382542     
           1         103   99.112143695477457        708.43069755601766        134.00033583066073     
           1         104   99.044951359648351        727.15202768721861        134.00038231933294     
           1         105   99.072098707627575        790.15410177513832        134.00038231933294     
           1         106   99.573892029036074        698.21857413427722        134.00038231933294     
           1         107   120.56979304911687        739.74089801343735        134.04312758693843     
           1         108   100.46316826214601        717.04908735891092        134.00123184629382     
           1         109   103.15982666776617        765.94808997378300        134.20280988444355     
           1         110   105.14765243992821        745.06469713643185        134.20299499484250     
           1         111   99.520258308856171        672.66705654672489        134.00038231933294     
           1         112   99.105597461570412        730.56216471392872        134.00038231933294     
           1         113   103.17364371418965        752.57325513427747        134.20293945881852     
           1         114   243.98527393481541        748.14114783220805        144.23317452093667     
           1         115   101.07341661022011        795.23876653916818        134.00121634786538     
           1         116   107.56377170455781        656.75228555633362        134.04315949405174     
           1         117   363.75736642051430        756.34916685448525        182.07097776742899     
           1         118   376.41761795596807        808.05841714251619        196.53432797375854     
           1         119   418.71994189716196        858.02244273141605        199.37937916380636     
           1         120   98.973354782238417        791.78420813427749        134.00036682287146     
           1         121   113.25298223307482        696.25576214205114        134.14432378437735     
           1         122   104.01301779426790        696.50793644934720        134.20297648255828     
           1         123   97.720708891243902        749.81535045767828        133.91189654755496     
           1         124   99.450897048296227        820.41058303739237        134.00033583066073     
           1         125   103.30342908863452        823.53825419950169        134.09800454848769     
           1         126   103.21136305387593        668.70988234657671        134.09808079585787     
           1         127   651.49450419291179        805.58441641784657        493.76883252035833     
           1         128   101.18598051036662        727.11268698078709        134.09683990316631     
           1         129   97.961733547902867        781.55605462731432        133.91175492191442     
           1         130   100.98959377292408        830.64044766562245        134.09717871406576     
           1         131   99.160187814812289        678.45860221286136        134.00038231933294     
           1         132   964.83056613392478        798.75571332984657        410.49274107038076     
           1         133   12015.375656879340        896.22677312799988        10659.030037179728     
           1         134   99.039728999698056        765.07901913427736        134.00038231933294     
           1         135   99.234259014209755        836.65971203352353        134.00030483938590     
           1         136   5205.5059114317446        802.98995001196931        4094.4705821866396     
           1         137   97.812188660395151        709.42348125254341        133.91189654755496     
           1         138   98.948478003412873        740.19905006127112        134.00038231933294     
           1         139   99.789514349340777        819.74743413840599        134.00033583066073     
           1         140   234.36160482766991        797.29683029911291        144.05054762974294     
           1         141   6635.5792221844240        767.54043899999988        4567.0136837148348     
           1         142   17035.359734331596        810.85646454863854        15946.354720745232     
           1         143   102.24199071632162        751.78048538641667        134.09709400177360     
           1         144   97.733616412007549        770.58198407694113        133.91185405758881     
           1         145   97.946775664290968        824.48145708165941        133.91161331794106     
           1         146   123.31134609481435        686.60584100215613        134.04288831529141     
           1         147   99.018278850183165        742.37711021466123        134.00038231933294     
           1         148   114.15771665551792        707.60722141784686        134.04308770444419     
           1         149   117.58448111351531        794.29375543646393        134.14428889158259     
           1         150   10638.620216741347        972.57894055500014        8119.9182077862297     
           1         151   15288.185591914333        740.21102402827728        13759.079845537031     
           1         152   100.81612914624736        728.34961026271537        134.09717871406576     
           1         153   97.961616459938639        743.43560291536005        133.91189654755496     
           1         154   111.58209605945456        738.75472829203409        134.04320735658615     
           1         155   99.637143823922287        793.40482713427741        134.00038231933294     
           1         156   100.14747403544344        689.51266465377967        134.00033583066073     
           1         157   99.566572590738289        721.46954705388043        134.00030483938590     
           1         158   307.78026576629884        773.79841998704580        196.32265677923326     
           1         159   107.95812276012205        776.98553579631323        134.04308770444419     
           1         160   99.900655070205602        798.24291748991095        134.00038231933294     
           1         161   309.04023499218238        671.09948209169431        196.32265677923326     
           1         162   311.79861158211543        726.95555813427734        196.32263399787834     
           1         163   98.998640090228093        770.31871795293659        134.00030483938590     
           1         164   97.511525429550176        805.48630377175721        133.91185405758881     
           1         165   105.95156129200491        780.11629869771286        133.86597051102225     
           1         166   99.198471622615656        672.96415914353588        134.00036682287146     
           1         167   98.071533757368726        676.31048921081333        133.91179032629486     
           1         168   99.612002358485412        757.91438213693027        134.00038231933294     
           1         169   106.41626669262837        825.94205785070824        134.31839506425800     
           1         170   236.26521839998898        848.36732256432902        144.05140887895627     
           1         171   109.51663480166339        658.69031066092862        134.04320735658615     
           1         172   110.16693679887977        709.46869487790616        134.04320735658615     
           1         173   100.07665264007115        716.93002326736189        134.00038231933294     
           1         174   103.97947060992050        788.02516737629890        133.86625667393679     
           1         175   310.02516740795664        889.94930532541673        196.32265677923326     
           1         176   4451.5388349090472        903.36799156713857        4340.4148330974685     
           1         177   111.73442708791929        704.22059430157833        134.14420166431120     
           1         178   99.777985930291308        760.82360215759832        134.00033583066073     
           1         179   100.45140562403925        757.70394665939386        134.00038231933294     
           1         180   310.05918090533083        813.28110911937881        196.32265677923326     
           1         181   312.62688725196460        719.64430067176420        196.32258843621020     
           1         182   233.49333015376843        726.90650826472609        144.05078442227941     
           1         183   97.572614922739561        730.26835513427750        133.91175492191442     
           1         184   99.487375863111055        793.11373798656155        134.00033583066073     
           1         185   101.31816772797475        788.30868267380629        134.00118535171970     
           1         186   101.42120947477041        686.34365745600530        134.00115435651043     
           1         187   97.605066509287056        733.05997993129517        133.91188238401563     
           1         188   113.32472619513445        741.04903790572257        134.25496509148959     
           1         189   97.924381276082940        758.55048754291909        133.91182573202522     
           1         190   101.04899816756728        847.84532313427724        134.09717871406576     
           1         191   97.934359883431839        672.22405063065275        133.91189654755496     
           1         192   103.16440886177129        738.26145233201555        134.09811468523424     
           1         193   101.05161594198165        733.27972979816627        134.00115435651043     
           1         194   133.94289256341892        771.97837431167648        134.04320735658615     
           1         195   309.90986434253034        802.70386703693578        196.32265677923326     
           1         196   97.251996473346495        719.05643914253437        133.83105308540337     
           1         197   107.44246648938937        704.31075963427725        134.04304782350448     
           1         198   101.13442028216465        780.03750514923934        134.09712788592583     
           1         199   98.978733805535200        736.66003434273523        134.00038231933294     
           1         200   99.696050866152163        815.44356788784296        134.00038231933294     
           1         201   242.96700586906317        676.93521954827293        144.23312445418574     
           1         202   99.714122638478187        727.74855973078650        134.00038231933294     
           1         203   104.35464053254869        746.88861658646567        134.20299499484250     
           1         204   98.939208053923892        805.42378991784699        134.00038231933294     
           1         205   99.354900998403465        763.97716982479585        134.00038231933294     
           1         206   106.05077230139477        697.26203104083697        134.31849612546137     
           1         207   99.594019519438277        696.50211544004014        134.00026610161905     
           1         208   98.794057497720743        751.85367810060291        133.91185405758881     
           1         209   100.97198165617775        789.86806154433839        134.00033583066073     
           1         210   101.21912997828666        774.19725817859910        134.09716177109638     
           1         211   99.710455913603624        628.71030641784660        134.00038231933294     
           1         212   105.41728641096748        696.19515004031518        133.95073429301186     
           1         213   311.78877912305177        719.79666948672661        196.32265677923326     
           1         214   99.228396739744369        757.78660325622138        134.00038231933294     
           1         215   99.008958367923071        799.89822791802101        134.00038231933294     
           1         216   99.311568540292939        656.24876464893157        134.00038231933294     
           1         217   310.10316149440104        691.82897036909696        196.32258843621020     
           1         218   99.450268093962208        725.62392141784687        134.00038231933294     
           1         219   7540.1674607686764        936.18785653819998        6096.8446654101845     
           1         220   105.62069553664355        805.35344800590997        134.31844559392147     
           1         221   18752.717147322877        787.26202270199985        17125.958610312184     
           1         222   99.059413524589871        660.61311681715199        134.00030483938590     
           1         223   99.274099087852505        701.41241731334787        134.00036682287146     
           1         224   21162.133285198441        887.23725109599991        20228.784655044627     
           1         225   134.95142068407847        782.48503241784670        134.04320735658615     
           1         226   35326.041890516870        808.64531408500011        32756.875556733750     
           1         227   131.55866457496816        719.55817378524239        134.04320735658615     
           1         228   310.60071413368729        710.03066326271085        196.32265677923326     
           1         229   313.11082020462135        765.94259747877732        196.32390589427115     
           1         230   22473.737041402863        958.77848216499990        19086.081603426443     
           1         231   99.725621445735854        688.92128292867221        134.00036682287146     
           1         232   103.11916969001379        749.99650663427735        134.20290243618436     
           1         233   99.108926038082288        741.49800557901574        134.00030483938590     
           1         234   100.76120632839036        768.00460415999123        134.09709400177360     
           1         235   98.346927249817654        817.67813810403106        133.91189654755496     
           1         236   96.350015485579775        646.78222873122695        133.83106602107469     
           1         237   306.99878006809428        718.06852036803821        196.19255237667198     
           1         238   98.370844671873328        786.79462531902936        133.91189654755496     
           1         239   100.13123550096068        791.36037213427755        134.00038231933294     
           1         240   100.07621895117514        791.78206166499456        134.00038231933294     
           1         241   308.24691767974105        696.25144803564774        196.32265677923326     
           1         242   100.03360583683563        696.50324215992975        134.00038231933294     
           1         243   117.44778075820149        749.80916107635437        134.14428889158259     
           1         244   99.585481901094724        820.40402883149000        134.00038231933294     
           1         245   43941.590805377200        977.39782128000024        40084.030790919292     
           1         246   470.72893613823078        685.78196913427723        196.87446206960900     
           1         247   99.567932395053660        747.92457719521190        134.00038231933294     
           1         248   242.10457184004991        734.12141852319996        144.23300764063072     
           1         249   101.15190907463860        803.85233329683547        134.09717871406576     
           1         250   99.584901829890057        795.09173351671438        134.00038231933294     
           1         251   100.90406447406781        672.89402355294737        134.09716177109638     
           1         252   50679.246080446930        833.37757769999985        46340.712984360791     
           1         253   100.04875103907274        759.99390513427750        134.00038231933294     
           1         254   100.56108107233821        765.07673669609449        134.00030483938590     
           1         255   99.598559174569857        836.65484941973011        134.00038231933294     
           1         256   99.832611293619991        671.46140667133966        134.00038231933294     
           1         257   99.008817727900436        726.59844719808711        134.00038231933294     
           1         258   99.214694267583724        760.59512693088641        134.00033583066073     
           1         259   111.08026129940200        799.59934814985911        133.95062495592634     
           1         260   318.03723686031753        807.23648441784667        196.46493131179875     
           1         261   99.489779940683604        710.91639336753246        134.00038231933294     
           1         262   103.76085543260874        679.41502489322897        134.00123184629382     
           1         263   470.16413814159438        743.47876325427728        279.96756654458511     
           1         264   102.95666778345283        757.69624831856015        134.09712788592583     
           1         265   1391.7589486055679        750.43928018784663        1203.6976610740041     
           1         266   96.662679267761675        679.19909155147695        133.83106602107469     
           1         267   99.534127003312975        698.80628791784670        134.00038231933294     
           1         268   100.18301869562832        681.74115131283929        134.00038231933294     
           1         269   303.09429485731476        754.32805384973506        196.19257319873122     
           1         270   101.14752550496071        777.38347041983025        134.00038231933294     
           1         271   100.37814877296010        672.28533332980055        134.00038231933294     
           1         272   102.33817502147009        730.61027034546350        134.09813163030671     
           1         273   98.979220728696589        723.36705121173463        134.00003370587609     
           1         274   238.80708778954562        749.55228191784681        144.13776382406471     
           1         275   99.232361176605494        783.79501549262716        134.00038231933294     
           1         276   97.707719411598788        673.75541602496503        133.91175492191442     
           1         277   110.89722446915060        711.22816563225149        134.04319140215836     
           1         278   100.33303225427983        739.06589174179339        134.00030483938590     
           1         279   98.441211151575160        718.03053050994845        133.83169757772976     
           1         280   101.06846966513648        757.14742909712288        134.09705164801886     
           1         281   99.089984711489905        624.73428641784665        134.00038231933294     
           1         282   97.889896220257100        695.40123060370070        133.91182573202522     
           1         283   447.34180780734943        731.19112009204002        196.30893980753584     
           1         284   99.124685456805707        805.48079638352533        134.00038231933294     
           1         285   99.123587999175825        780.10985172155983        134.00038231933294     
           1         286   103.47597098938596        672.95881347570162        134.20285615944766     
           1         287   98.150595501625332        663.05589349223271        133.91188238401563     
           1         288   101.39594486340654        749.52954141784687        134.09679755897955     
           1         289   96.289743116164871        816.82401919646873        133.83105308540337     
           1         290   99.300533909915501        804.13167669739903        133.91189654755496     
           1         291   100.12362133286651        654.34117908095732        134.00038231933294     
           1         292   96.663532317283554        702.48563506874461        133.83100134471141     
           1         293   110.91866873641538        716.92439077562813        134.04320735658615     
           1         294   98.937525116599502        780.63652653769577        134.00030483938590     
           1         295   99.473074633849137        854.01620213427736        134.00033583066073     
           1         296   100.33373961954182        694.75068384362737        134.00038231933294     
           1         297   99.376672947556017        699.50399578540100        134.00036682287146     
           1         298   100.84336639844230        760.81919774314747        134.09683990316631     
           1         299   99.168232615696340        757.69804733263516        134.00036682287146     
           1         300   99.014505886770351        813.27487627021890        134.00026610161905     
           1         301   100.17721594043468        719.61856118718526        134.00038231933294     
           1         302   99.645483616653109        716.43665463427737        134.00038231933294     
           1         303   247.26491448120362        731.10228893106319        144.23408946015039     
           1         304   101.24121436995522        793.10947892426827        134.00118535171970     
           1         305   105.30709093632362        788.30426734682464        134.04320735658615     
           1         306   99.871565145661691        686.33761747462859        133.91175492191442     
           1         307   103.07685368183888        712.87605725800017        134.00111561382542     
           1         308   101.15803216043571        734.01182458268090        133.91263799941916     
           1         309   98.209951415071188        758.59293813427746        133.91188238401563     
           1         310   101.97481048368350        847.84302320380880        134.09717871406576     
           1         311   99.198733713618338        672.21953417792463        134.00036682287146     
           1         312   97.674468559268760        738.25663949737020        133.91189654755496     
           1         313   100.83605919102837        733.27345608080100        134.09709400177360     
           1         314   99.586483501868145        790.96172553600002        134.00036682287146     
           1         315   102.48477025512103        825.12159464583920        134.09709400177360     
           1         316   100.40599452998033        701.81734113427729        134.00038231933294     
           1         317   99.018509668621888        699.59631004122400        134.00038231933294     
           1         318   101.24907134002845        753.51280842655251        134.09709400177360     
           1         319   102.57202168630333        728.41902543595324        134.09716177109638     
           1         320   97.982709377942001        803.25630031178594        133.91179032629486     
           1         321   308.17425187983230        675.85348492926505        196.32265677923326     
           1         322   98.965489617561033        722.21346410456931        134.00030483938590     
           1         323   377.59719455502557        675.61249770141603        196.14441407654090     
           1         324   101.56396464660649        779.51736950932752        134.00118535171970     
           1         325   101.37395934547355        743.23653853080395        134.00088318857652     
           1         326   99.978400925338519        686.23166196084424        134.00038231933294     
           1         327   99.398300420637582        690.98991013596822        134.00030483938590     
           1         328   99.447837746554555        734.19265625927346        134.00038231933294     
           1         329   99.760675272679919        792.34711609363592        134.00038231933294     
           1         330   100.81330026756970        784.24555613427754        134.00123184629382     
           1         331   99.571924923734429        646.74958959569744        134.00033583066073     
           1         332   243.55531158145186        677.14660163832127        144.23312445418574     
           1         333   312.80834953356634        725.61235358810211        196.32248592749852     
           1         334   98.995582995793768        751.67497190037705        134.00026610161905     
           1         335   99.776196285271027        806.29358170449404        134.00038231933294     
           1         336   361.84043344178207        650.98636038080349        196.38550792989415     
           1         337   99.646075515516088        680.21742891784675        134.00030483938590     
           1         338   314.19929833563015        699.39838329478380        196.32390589427115     
           1         339   98.970103240867843        760.81486892144051        134.00036682287146     
           1         340   112.70579401657761        827.78429565583542        134.04315949405174     
           1         341   98.945072919958463        706.84747922797692        134.00038231933294     
           1         342   98.992358924560762        685.49449104471796        134.00038231933294     
           1         343   351.02124517451915        734.92243649230011        196.38555483680474     
           1         344   96.688325632016060        717.75450191784682        133.83093667333796     
           1         345   99.390489329475415        790.19739463073472        134.00026610161905     
           1         346   99.329401011734504        698.21087314622503        134.00022736532179     
           1         347   98.989537616019618        720.68573891092569        134.00036682287146     
           1         348   99.791136100572402        716.61224871195748        134.00038231933294     
           1         349   100.85785357534394        764.31161481724644        134.09709400177360     
           1         350   99.188942337751399        777.08329182250270        134.00033583066073     
           1         351   99.533755653848161        691.91508213427733        134.00036682287146     
           1         352   100.23733597333505        773.43102883510130        134.00038231933294     
           1         353   312.00243039829979        766.16393765691373        196.32265677923326     
           1         354   99.352239593399673        761.01586385913652        134.00033583066073     
           1         355   99.502367894135816        825.38623969257981        134.00038231933294     
           1         356   318.27966893078730        665.89192418451046        196.46493131179875     
           1         357   306.66159192112747        718.04352092788099        196.32265677923326     
           1         358   101.25272264337768        786.84289513427757        134.09716177109638     
           1         359   99.219883414038790        791.35791964079965        134.00038231933294     
           1         360   99.183845501066926        791.77781516612231        134.00038231933294     
           1         361   99.543320899163646        696.24730239569851        134.00026610161905     
           1         362   99.474074174031216        696.49775298309942        134.00038231933294     
           1         363   99.209227903654877        749.80348177773351        134.00036682287146     
           1         364   97.596954166906755        798.07751575965813        133.91188238401563     
           1         365   244.95807110818961        803.66852013427729        144.23408946015039     
           1         366   102.96440845345205        666.66465660470931        134.20299499484250     
           1         367   313.79422291706624        747.92004641728488        196.32383754257037     
           1         368   101.88710453029066        734.11697261615404        134.09717871406576     
           1         369   102.50786920311381        803.84638487862287        134.00123184629382     
           1         370   98.788873219227995        795.08552846205555        133.83163936372776     
           1         371   98.604182425303918        678.10948560734130        133.91157792033448     
           1         372   310.68819547524686        708.96130413427738        196.32265677923326     
           1         373   99.500022620238695        786.21450318469010        134.00038231933294     
           1         374   99.401658816579754        766.32506225900261        134.00036682287146     
           1         375   96.481168831788480        846.52142020908673        133.83105308540337     
           1         376   108.15932579011776        647.85564190542209        134.31958682982480     
           1         377   105.31572044073877        719.93019814140860        134.20406167388421     
           1         378   98.953685822822678        739.33164490493198        134.00030483938590     
           1         379   99.261827872950434        792.23810913427747        134.00038231933294     
           1         380   103.04049762663264        807.23431467627756        134.00111561382542     
           1         381   103.43786626246802        710.91209401236893        134.00123184629382     
           1         382   102.80455868749586        679.41099645259226        134.00123184629382     
           1         383   107.03954502173235        761.93501490067638        134.04304782350448     
           1         384   110.32975815180062        757.69005374580297        134.04320735658615     
           1         385   243.17483789326803        678.26021043569335        82.407778593680476     
           1         386   311.01674798415144        697.60463141784669        196.32265677923326     
           1         387   101.63656778438444        712.04082091238558        134.09712788592583     
           1         388   105.74263499388299        709.09363268294078        134.04320735658615     
           1         389   240.40349872643606        762.55951905870188        144.23312445418574     
           1         390   99.299459464094625        817.14173503054451        134.00036682287146     
           1         391   104.06534152801282        688.03583619461619        134.20293945881852     
           1         392   377.43335901925786        651.47492767433619        195.91057943494869     
           1         393   97.881366380526543        744.11598885070828        133.91189654755496     
           1         394   98.951732635480411        767.20977716984078        134.00038231933294     
           1         395   296.41464421466122        745.30731853648967        143.93575287460985     
           1         396   112.08560576387211        694.74082534033755        134.04284844212171     
           1         397   99.390531594847388        736.11500611742213        134.00036682287146     
           1         398   315.27471664507993        772.59150392587685        196.46445813914519     
           1         399   99.934081751059480        748.54071173872762        134.00038231933294     
           1         400   98.126924549310772        796.95185413427737        133.91188238401563     
           1         401   99.331153548726107        646.79653764193108        134.00026610161905     
           1         402   104.01066946713499        725.81443668467523        134.20262480171769     
           1         403   101.48447121338572        790.70734813098784        134.00123184629382     
           1         404   366.78554825966086        813.70977770286549        196.38555483680474     
           1         405   99.230224309992010        792.25881687977187        134.00036682287146     
           1         406   99.357045136260211        676.63775295949995        134.00033583066073     
           1         407   101.58452699026759        686.85644763427729        134.00107687261016     
           1         408   376.65589539774953        756.00214270847960        196.38550792989415     
           1         409   101.74991017652954        853.46765327191440        134.09709400177360     
           1         410   103.24710965629951        843.89035184696502        134.09813163030671     
           1         411   101.28748416926395        671.68558473223436        134.00115435651043     
           2           1   99.565067111355035        746.02634913427732        134.00033583066073     
           2           2   106.77356781840007        730.00205520171698        134.31857697982065     
           2           3   100.49182180141740        812.13131781794505        134.00038231933294     
           2           4   103.99692378797263        879.73257045303069        134.20293945881852     
           2           5   99.424677530442480        892.08531921217389        134.00038231933294     
           2           6   99.564780332486009        719.57133198657971        134.00038231933294     
           2           7   99.976515823162913        770.51415193997877        134.00038231933294     
           2           8   718.84879882746327        847.81994000000009        416.39260604684131     
           2           9   99.291780577897569        839.62383399145313        134.00038231933294     
           2          10   99.927676766056649        892.78563188813780        134.00033583066073     
           2          11   99.632389725730846        734.54369391175521        134.00030483938590     
           2          12   235.47517500274057        750.95830325015083        144.05072173585401     
           2          13   97.962176461633220        843.51970419447957        133.91182573202522     
           2          14   97.250017574818642        824.34636712880501        133.83106602107469     
           2          15   101.06929399830791        905.20474613427723        134.09717871406576     
           2          16   98.481677606943123        722.31364423035450        133.91185405758881     
           2          17   99.576700230663633        763.09433259513492        134.00026610161905     
           2          18   99.715083056280122        784.43033082992019        134.00038231933294     
           2          19   99.495223198086052        857.64608070867075        134.00036682287146     
           2          20   99.319220248629989        858.14572420330421        134.00003370587609     
           2          21   96.505918881500065        745.22438740673249        133.83106602107469     
           2          22   99.642049814590933        736.66703763427734        134.00030483938590     
           2          23   100.24446447781015        814.09646003950354        134.00026610161905     
           2          24   100.18658542117826        829.90240306341491        134.00036682287146     
           2          25   99.331300620803361        832.19614438817291        134.00038231933294     
           2          26   99.233005017709047        686.61110849241607        134.00038231933294     
           2          27   104.61106897835444        742.39850241470356        133.95062495592634     
           2          28   100.47514568073689        707.56589125372864        134.00036682287146     
           2          29   99.912105007387893        794.29629813427755        134.00026610161905     
           2          30   479.04418437788121        818.09641973827740        313.48836156378792     
           2          31   3428.2750036873354        831.96290993549997        2890.5363967359003     
           2          32   98.302687930142341        708.97303045125409        133.91182573202522     
           2          33   98.777762665272249        727.99354100676146        133.91179032629486     
           2          34   99.327767139843800        708.61200586777238        134.00026610161905     
           2          35   100.30142692072071        783.35426596376840        134.00038231933294     
           2          36   101.46550591313047        662.21232041784663        134.09716177109638     
           2          37   101.37359786800441        703.24412809368050        134.09717871406576     
           2          38   100.16427814943044        761.50972104613186        134.00038231933294     
           2          39   99.394119233118232        753.81829965364170        134.00038231933294     
           2          40   99.896816084454656        778.37803636699721        134.00030483938590     
           2          41   99.776775630641936        667.42455816565223        134.00038231933294     
           2          42   101.17795741313148        703.15502213196885        134.09716177109638     
           2          43   99.765299689886049        742.60527513427746        134.00033583066073     
           2          44   99.344615184189905        768.84241279437288        134.00030483938590     
           2          45   102.00951339782206        746.75895744697868        134.00115435651043     
           2          46   100.34970076918641        645.66787458766566        134.00007243482594     
           2          47   4776.7228650106781        780.95737460713883        3982.7456272538407     
           2          48   100.47861137655704        724.40778827638599        134.00038231933294     
           2          49   3707.9843373225058        897.42869186070800        3587.0144675607357     
           2          50   427.14386643081184        939.51210713427736        199.18893106573924     
           2          51   99.363607824727055        653.98189103348830        134.00038231933294     
           2          52   106.87908540577045        703.96686683670464        134.20392282163115     
           2          53   99.344274256070165        690.41634456144322        134.00036682287146     
           2          54   101.26644201692434        779.79519280667307        134.09700929586054     
           2          55   100.79565174865954        850.21512775618999        134.00036682287146     
           2          56   106.51290486768325        678.80737888842157        134.04320735658615     
           2          57   99.343251576542897        685.90784485070799        134.00038231933294     
           2          58   101.45205907689198        733.41183112553949        134.00022736532179     
           2          59   99.706235500258984        747.03310732668274        134.00038231933294     
           2          60   96.856624191212020        812.36731536013212        133.83100134471141     
           2          61   5302.0366282316509        779.64743786250006        4497.1912540640988     
           2          62   101.70785029267968        726.93088522777862        134.00003370587609     
           2          63   105.88760609059571        730.22546947510250        134.31857697982065     
           2          64   103.32622312444035        793.11584613427749        134.20293945881852     
           2          65   97.600290388660454        788.31316996072519        133.83102721465929     
           2          66   299.56058121266506        686.34832117505994        196.07368530054310     
           2          67   96.534747163106829        753.24348489750423        133.83102721465929     
           2          68   99.312727157993564        748.06798881068403        134.00038231933294     
           2          69   99.368779784433471        761.88395660213541        133.91263799941916     
           2          70   101.80849281846903        825.35939906754948        134.09709400177360     
           2          71   99.467214262099986        665.91443313427726        134.00038231933294     
           2          72   103.58400585588610        718.08906407965742        134.20290243618436     
           2          73   99.702315930631130        744.35692682139415        134.00038231933294     
           2          74   97.856345367958326        764.99475699637821        133.91179032629486     
           2          75   101.18837160774903        789.21875956510655        134.00036682287146     
           2          76   99.425558228428528        714.59768782959259        134.00038231933294     
           2          77   99.485855952020557        703.13223809192584        134.00033583066073     
           2          78   103.66957114700726        771.06643513427753        134.20297648255828     
           2          79   99.823836114346548        764.19878759381390        134.00030483938590     
           2          80   347.88312532707272        815.64476544048546        198.91797458399350     
           2          81   99.297727578202000        696.05650501216780        134.00038231933294     
           2          82   98.444398418113309        734.41128037112878        133.91188238401563     
           2          83   101.21759069424566        728.82572765161990        134.00036682287146     
           2          84   100.76032831278266        783.95991864255143        134.00036682287146     
           2          85   374.25118510481201        753.00845955212401        199.23856753273137     
           2          86   101.42504522871380        678.15190902461188        134.00123184629382     
           2          87   100.14775895495382        707.02572507277375        134.00038231933294     
           2          88   310.44155203554942        754.17214925185033        196.32248592749852     
           2          89   99.638967046866597        775.81572507601049        134.00036682287146     
           2          90   100.04675263905418        809.76308433265456        134.00038231933294     
           2          91   102.56615635390257        634.22207183756154        134.00121634786538     
           2          92   97.764037512940419        716.37480891784662        133.91182573202522     
           2          93   99.394013207553101        719.80155864692961        134.00022736532179     
           2          94   99.409017721727480        765.15175447177603        134.00038231933294     
           2          95   100.88658933255630        823.26747396179405        133.91258134006858     
           2          96   240.60654389377942        662.56630913008405        144.23317452093667     
           2          97   101.45642721694676        674.66849719635388        134.09717871406576     
           2          98   101.07394805472401        705.17085622101092        134.00115435651043     
           2          99   99.556960656155681        754.71075341784672        134.00038231933294     
           2         100   99.467151173897633        781.99127403642387        134.00022736532179     
           2         101   97.907594669742693        685.86941870384078        133.83100134471141     
           2         102   101.94094469870308        680.79624594590882        134.00123184629382     
           2         103   99.399032626217149        708.43069755601766        134.00026610161905     
           2         104   96.553975312728028        727.15202768721861        133.83093667333796     
           2         105   97.845233979694839        790.15410177513832        133.91185405758881     
           2         106   99.856032810011769        698.21857413427722        134.00038231933294     
           2         107   120.61469621575590        739.74089801343735        134.04308770444419     
           2         108   102.67627396875325        717.04908735891092        134.09804690749974     
           2         109   99.463523508048382        765.94808997378300        134.00038231933294     
           2         110   103.05628322392936        745.06469713643185        134.09705164801886     
           2         111   99.801881605708388        672.66705654672489        134.00026610161905     
           2         112   101.20529087404729        730.56216471392872        134.09716177109638     
           2         113   99.468104030287236        752.57325513427747        134.00026610161905     
           2         114   244.59919188092809        748.14114783220805        144.23309107761861     
           2         115   99.654238265105107        795.23876653916818        133.91260966931196     
           2         116   110.36822874727525        656.75228555633362        134.14402723000364     
           2         117   324.85124547261239        756.34916685448525        181.36261708626222     
           2         118   375.48812631257937        808.05841714251619        196.53422538098184     
           2         119   419.63267372185305        858.02244273141605        199.37937916380636     
           2         120   101.05926269473233        791.78420813427749        134.09700929586054     
           2         121   110.16098155213415        696.25576214205114        134.04315949405174     
           2         122   106.95070215884240        696.50793644934720        134.31819296435646     
           2         123   101.36282699881417        749.81535045767828        134.09716177109638     
           2         124   99.735691185422226        820.41058303739237        134.00036682287146     
           2         125   103.56757405591338        823.53825419950169        134.09813163030671     
           2         126   101.44491565022982        668.70988234657671        134.00115435651043     
           2         127   583.25573836975866        805.58441641784657        438.13313954697531     
           2         128   98.094766434414865        727.11268698078709        133.91175492191442     
           2         129   98.244957426084071        781.55605462731432        133.91182573202522     
           2         130   96.658520941560596        830.64044766562245        133.83096900840115     
           2         131   97.925460768817956        678.45860221286136        133.91189654755496     
           2         132   966.52351239209304        798.75571332984657        410.45615400518557     
           2         133   12014.839714443566        896.22677312799988        10659.030037179728     
           2         134   97.814926422246245        765.07901913427736        133.91179032629486     
           2         135   99.520427741388175        836.65971203352353        134.00033583066073     
           2         136   4943.0940718651682        802.98995001196931        3871.8054436489938     
           2         137   98.096233506627030        709.42348125254341        133.91182573202522     
           2         138   99.238840376565804        740.19905006127112        134.00038231933294     
           2         139   101.94299025046043        819.74743413840599        134.09683990316631     
           2         140   242.04975381244967        797.29683029911291        144.23317452093667     
           2         141   6633.5622713975517        767.54043899999988        4566.9126568894617     
           2         142   17035.513331727539        810.85646454863854        15946.301604645183     
           2         143   102.50630744555006        751.78048538641667        134.09700929586054     
           2         144   96.738738776569235        770.58198407694113        133.83105308540337     
           2         145   101.63692119003952        824.48145708165941        134.09712788592583     
           2         146   123.35334570309918        686.60584100215613        134.04284844212171     
           2         147   99.307755595985640        742.37711021466123        134.00038231933294     
           2         148   114.23240307385359        707.60722141784686        134.04319140215836     
           2         149   111.72730995143743        794.29375543646393        133.95062495592634     
           2         150   10635.401542489792        972.57894055500014        8119.8483872183187     
           2         151   16070.530854164313        740.21102402827728        14509.841039769710     
           2         152   101.10575961840541        728.34961026271537        134.09717871406576     
           2         153   99.798236478585309        743.43560291536005        134.00038231933294     
           2         154   111.68902887233830        738.75472829203409        134.04320735658615     
           2         155   99.919413734783674        793.40482713427741        134.00038231933294     
           2         156   102.33033574744310        689.51266465377967        134.09700929586054     
           2         157   99.850110009448741        721.46954705388043        134.00036682287146     
           2         158   303.91663532743627        773.79841998704580        196.19257319873122     
           2         159   110.75851212893029        776.98553579631323        134.14437612559504     
           2         160   102.06586528201153        798.24291748991095        134.09717871406576     
           2         161   309.88146731330846        671.09948209169431        196.32214428236875     
           2         162   312.59311636625654        726.95555813427734        196.32254287591837     
           2         163   99.289751998315225        770.31871795293659        134.00038231933294     
           2         164   99.311959163176070        805.48630377175721        134.00036682287146     
           2         165   110.56047063465054        780.11629869771286        134.04320735658615     
           2         166   99.485799354467673        672.96415914353588        134.00038231933294     
           2         167   99.917140510000223        676.31048921081333        134.00038231933294     
           2         168   99.892619195151497        757.91438213693027        134.00026610161905     
           2         169   104.05049086370255        825.94205785070824        134.20299499484250     
           2         170   244.27502422921523        848.36732256432902        144.23403938704359     
           2         171   109.70726466040736        658.69031066092862        134.04320735658615     
           2         172   110.34491334040398        709.46869487790616        134.04319140215836     
           2         173   102.26003992994688        716.93002326736189        134.09712788592583     
           2         174   108.30056725733292        788.02516737629890        134.04320735658615     
           2         175   316.76154343101018        889.94930532541673        196.46488149777426     
           2         176   4451.4865181226069        903.36799156713857        4340.3730190047008     
           2         177   106.61303408860482        704.22059430157833        133.95062495592634     
           2         178   100.05369638478128        760.82360215759832        134.00033583066073     
           2         179   100.71238502128053        757.70394665939386        134.00038231933294     
           2         180   310.90060919044294        813.28110911937881        196.32263399787834     
           2         181   313.39975357210585        719.64430067176420        196.32254287591837     
           2         182   234.18811434952386        726.90650826472609        144.05082621564512     
           2         183   103.34567271117213        730.26835513427750        134.20280988444355     
           2         184   99.771737333844200        793.11373798656155        134.00038231933294     
           2         185   101.58208815818196        788.30868267380629        134.00115435651043     
           2         186   101.68694497272028        686.34365745600530        134.00123184629382     
           2         187   99.412668528992214        733.05997993129517        134.00038231933294     
           2         188   107.81780895597055        741.04903790572257        134.04312758693843     
           2         189   99.758102013750573        758.55048754291909        134.00033583066073     
           2         190   99.510267249970141        847.84532313427724        134.00038231933294     
           2         191   99.768049729712544        672.22405063065275        134.00038231933294     
           2         192   101.40756913554625        738.26145233201555        134.00121634786538     
           2         193   101.31709786017785        733.27972979816627        134.00107687261016     
           2         194   138.50454668721636        771.97837431167648        134.14428889158259     
           2         195   310.75496410239714        802.70386703693578        196.32265677923326     
           2         196   100.48569607667727        719.05643914253437        134.00038231933294     
           2         197   105.37589925185763        704.31075963427725        133.95062495592634     
           2         198   96.770129389949744        780.03750514923934        133.83106602107469     
           2         199   99.268679022065868        736.66003434273523        134.00038231933294     
           2         200   99.973409406608241        815.44356788784296        134.00038231933294     
           2         201   243.63100319940241        676.93521954827293        144.23315783176741     
           2         202   99.992206231481177        727.74855973078650        134.00038231933294     
           2         203   100.41071908542834        746.88861658646567        134.00033583066073     
           2         204   99.229595899445513        805.42378991784699        134.00038231933294     
           2         205   99.639127893797038        763.97716982479585        134.00038231933294     
           2         206   98.131589031987460        697.26203104083697        133.91157792033448     
           2         207   98.316122885532366        696.50211544004014        133.91188238401563     
           2         208   97.699817229194977        751.85367810060291        133.83080734556154     
           2         209   101.24022781769864        789.86806154433839        134.00038231933294     
           2         210   99.662794212387510        774.19725817859910        134.00030483938590     
           2         211   99.988539095404690        628.71030641784660        134.00026610161905     
           2         212   105.59040855516103        696.19515004031518        133.95071971399003     
           2         213   312.63397966326232        719.79666948672661        196.32265677923326     
           2         214   97.986093180615256        757.78660325622138        133.91188238401563     
           2         215   99.298292697605660        799.89822791802101        134.00038231933294     
           2         216   99.597147868270127        656.24876464893157        134.00038231933294     
           2         217   316.84025034081594        691.82897036909696        196.46470716050638     
           2         218   99.732475504909090        725.62392141784687        134.00038231933294     
           2         219   7538.6786050052897        936.18785653819998        6096.6646487194594     
           2         220   99.371443218200625        805.35344800590997        134.00022736532179     
           2         221   20760.162094404328        787.26202270199985        19139.799680855202     
           2         222   99.347940399899855        660.61311681715199        134.00030483938590     
           2         223   96.744703063788990        701.41241731334787        133.83105308540337     
           2         224   21161.693592707659        887.23725109599991        20228.784655044627     
           2         225   150.81405758218227        782.48503241784670        134.37577220030556     
           2         226   35324.500054979035        808.64531408500011        32756.875556733750     
           2         227   146.26648342606859        719.55817378524239        134.37567849600376     
           2         228   302.30494789375916        710.03066326271085        196.07374235111928     
           2         229   308.75255959991966        765.94259747877732        196.19368423218015     
           2         230   22472.100286623714        958.77848216499990        19086.081603426443     
           2         231   100.00747279923075        688.92128292867221        134.00038231933294     
           2         232   99.425721008948884        749.99650663427735        134.00026610161905     
           2         233   103.37031638083370        741.49800557901574        134.20290243618436     
           2         234   99.253808177182250        768.00460415999123        134.00030483938590     
           2         235   102.10358184444922        817.67813810403106        134.09679755897955     
           2         236   99.431419308378736        646.78222873122695        134.00036682287146     
           2         237   312.94024575893542        718.06852036803821        196.32254287591837     
           2         238   104.39144855793967        786.79462531902936        134.20299499484250     
           2         239   100.40263094235334        791.36037213427755        134.00026610161905     
           2         240   98.756610626621651        791.78206166499456        133.91188238401563     
           2         241   309.12438290964610        696.25144803564774        196.32265677923326     
           2         242   100.31168549034518        696.50324215992975        134.00038231933294     
           2         243   109.20220981631113        749.80916107635437        133.86620342693553     
           2         244   99.868211229205556        820.40402883149000        134.00038231933294     
           2         245   46154.639500493678        977.39782128000024        42325.762959373889     
           2         246   421.24164559956569        685.78196913427723        196.38555483680474     
           2         247   99.848879126046413        747.92457719521190        134.00033583066073     
           2         248   247.37974293378142        734.12141852319996        144.33740264698582     
           2         249   101.43626940633379        803.85233329683547        134.09716177109638     
           2         250   98.308356394220752        795.09173351671438        133.91189654755496     
           2         251   101.18950831904081        672.89402355294737        134.09700929586054     
           2         252   46013.686555430228        833.37757769999985        41623.509725245312     
           2         253   100.32710103218443        759.99390513427750        134.00038231933294     
           2         254   100.82190558171655        765.07673669609449        134.00038231933294     
           2         255   99.878061590812905        836.65484941973011        134.00026610161905     
           2         256   106.90752631280196        671.46140667133966        134.31859719416096     
           2         257   99.295648665817197        726.59844719808711        134.00022736532179     
           2         258   99.500575486706694        760.59512693088641        134.00033583066073     
           2         259   111.32090775704719        799.59934814985911        133.95071971399003     
           2         260   312.75273984204506        807.23648441784667        196.32265677923326     
           2         261   99.773101733133288        710.91639336753246        134.00038231933294     
           2         262   104.00688134342543        679.41502489322897        134.00121634786538     
           2         263   470.98352046430711        743.47876325427728        279.96756654458511     
           2         264   101.21628289097625        757.69624831856015        134.00038231933294     
           2         265   1391.5968226391883        750.43928018784663        1203.6958691787911     
           2         266   98.244704131818864        679.19909155147695        133.91175492191442     
           2         267   103.88089280445105        698.80628791784670        134.20297648255828     
           2         268   102.36985629133986        681.74115131283929        134.09716177109638     
           2         269   321.18026954916644        754.32805384973506        196.62048658339040     
           2         270   103.41446614319744        777.38347041983025        134.09717871406576     
           2         271   102.57854407795509        672.28533332980055        134.09683990316631     
           2         272   100.66994246196138        730.61027034546350        134.00123184629382     
           2         273   99.274483944115445        723.36705121173463        134.00033583066073     
           2         274   243.38549423595862        749.55228191784681        144.23317452093667     
           2         275   99.518811814052512        783.79501549262716        134.00038231933294     
           2         276   97.994780908690572        673.75541602496503        133.91179032629486     
           2         277   111.09762481458597        711.22816563225149        134.04320735658615     
           2         278   100.60610114501402        739.06589174179339        134.00038231933294     
           2         279   101.92703994053727        718.03053050994845        134.00123184629382     
           2         280   99.529511608205823        757.14742909712288        134.00038231933294     
           2         281   99.378546513611795        624.73428641784665        134.00038231933294     
           2         282   101.56670511813380        695.40123060370070        134.09712788592583     
           2         283   502.52289521052597        731.19112009204002        196.60407866202183     
           2         284   101.22389987093678        805.48079638352533        134.09705164801886     
           2         285   97.891066495312160        780.10985172155983        133.91185405758881     
           2         286   101.56190460086590        672.95881347570162        134.09712788592583     
           2         287   100.00048593773370        663.05589349223271        134.00038231933294     
           2         288   99.831710199099220        749.52954141784687        134.00038231933294     
           2         289   99.361136024644892        816.82401919646873        134.00038231933294     
           2         290   103.24065165779123        804.13167669739903        134.09712788592583     
           2         291   97.455887225287427        654.34117908095732        133.83105308540337     
           2         292   106.48805826888018        702.48563506874461        134.31859719416096     
           2         293   108.24428750065799        716.92439077562813        133.95062495592634     
           2         294   99.229265145857781        780.63652653769577        134.00038231933294     
           2         295   99.758381552775546        854.01620213427736        134.00038231933294     
           2         296   98.989131457108741        694.75068384362737        133.91188238401563     
           2         297   99.662286765357791        699.50399578540100        134.00038231933294     
           2         298   99.333378786683610        760.81919774314747        134.00038231933294     
           2         299   99.454671027254875        757.69804733263516        134.00033583066073     
           2         300   99.303359301410794        813.27487627021890        134.00022736532179     
           2         301   102.36224676196294        719.61856118718526        134.09709400177360     
           2         302   98.354597647262850        716.43665463427737        133.91161331794106     
           2         303   247.89815146705024        731.10228893106319        144.23408946015039     
           2         304   101.50189414852622        793.10947892426827        134.00123184629382     
           2         305   105.51136282737853        788.30426734682464        134.04320735658615     
           2         306   100.10186414632142        686.33761747462859        133.91161331794106     
           2         307   101.45275639835218        712.87605725800017        133.91254592973792     
           2         308   105.54920131043157        734.01182458268090        134.09811468523424     
           2         309   97.173235750689969        758.59293813427746        133.83106602107469     
           2         310   98.725896517612654        847.84302320380880        133.91161331794106     
           2         311   99.484007876821906        672.21953417792463        134.00030483938590     
           2         312   97.961077030430516        738.25663949737020        133.91188238401563     
           2         313   99.322305812413205        733.27345608080100        134.00038231933294     
           2         314   99.869259352529539        790.96172553600002        134.00038231933294     
           2         315   100.80606457861494        825.12159464583920        134.00033583066073     
           2         316   100.67257937680097        701.81734113427729        134.00036682287146     
           2         317   103.26186774082197        699.59631004122400        134.20299499484250     
           2         318   101.53278852270672        753.51280842655251        134.09705164801886     
           2         319   100.87294244709216        728.41902543595324        134.00038231933294     
           2         320   99.821465293017283        803.25630031178594        134.00038231933294     
           2         321   304.26154496617011        675.85348492926505        196.19241704104536     
           2         322   103.19607171690389        722.21346410456931        134.20280988444355     
           2         323   394.25521699450616        675.61249770141603        196.26635553409216     
           2         324   101.80812322812247        779.51736950932752        134.00121634786538     
           2         325   101.62070173061375        743.23653853080395        134.00121634786538     
           2         326   100.25613586597663        686.23166196084424        134.00038231933294     
           2         327   98.142493669061096        690.98991013596822        133.91189654755496     
           2         328   98.181034642907392        734.19265625927346        133.91188238401563     
           2         329   100.03697411495843        792.34711609363592        134.00036682287146     
           2         330   103.06177102183625        784.24555613427754        134.09800454848769     
           2         331   99.852884998026852        646.74958959569744        134.00038231933294     
           2         332   236.80188461587633        677.14660163832127        144.05072173585401     
           2         333   313.58162481410290        725.61235358810211        196.32258843621020     
           2         334   99.287288261539558        751.67497190037705        134.00038231933294     
           2         335   98.477430033883223        806.29358170449404        133.91189654755496     
           2         336   362.11960865125388        650.98636038080349        196.38562519990882     
           2         337   99.930229309245902        680.21742891784675        134.00038231933294     
           2         338   328.87147917728453        699.39838329478380        196.62194612181341     
           2         339   97.754010293630358        760.81486892144051        133.91189654755496     
           2         340   110.09158222991762        827.78429565583542        133.95066140019077     
           2         341   97.730392348235625        706.84747922797692        133.91185405758881     
           2         342   99.282181677871691        685.49449104471796        134.00038231933294     
           2         343   361.94628317021591        734.92243649230011        196.53432797375854     
           2         344   103.90337997780568        717.75450191784682        134.20280988444355     
           2         345   99.677076767220726        790.19739463073472        134.00038231933294     
           2         346   101.45070428894610        698.21087314622503        134.09716177109638     
           2         347   99.277472427160546        720.68573891092569        134.00026610161905     
           2         348   100.07055005995697        716.61224871195748        134.00033583066073     
           2         349   96.562007247486491        764.31161481724644        133.83102721465929     
           2         350   101.29682224190127        777.08329182250270        134.09717871406576     
           2         351   98.259902060497964        691.91508213427733        133.91179032629486     
           2         352   100.50443965580510        773.43102883510130        134.00038231933294     
           2         353   312.84749667708235        766.16393765691373        196.32265677923326     
           2         354   99.637457625226276        761.01586385913652        134.00038231933294     
           2         355   101.63592407544436        825.38623969257981        134.09716177109638     
           2         356   313.02917897280355        665.89192418451046        196.32265677923326     
           2         357   307.56271687252428        718.04352092788099        196.32265677923326     
           2         358   98.146680184634135        786.84289513427757        133.91182573202522     
           2         359   96.700613914743784        791.35791964079965        133.83106602107469     
           2         360   103.45175571161830        791.77781516612231        134.20257853535836     
           2         361   106.52378107312359        696.24730239569851        134.31849612546137     
           2         362   99.756471761385612        696.49775298309942        134.00033583066073     
           2         363   101.31787048610323        749.80348177773351        134.09716177109638     
           2         364   96.614261804350591        798.07751575965813        133.83106602107469     
           2         365   245.56975283095321        803.66852013427729        144.23408946015039     
           2         366   101.10470183139250        666.66465660470931        134.09717871406576     
           2         367   314.60395276724017        747.92004641728488        196.32390589427115     
           2         368   100.25337175608020        734.11697261615404        134.00038231933294     
           2         369   100.93412381368960        803.84638487862287        133.91260966931196     
           2         370   99.055605890462644        795.08552846205555        133.83167170434038     
           2         371   102.42007829777404        678.10948560734130        134.09705164801886     
           2         372   306.55706432579194        708.96130413427738        196.19255237667198     
           2         373   99.783502160435418        786.21450318469010        134.00038231933294     
           2         374   99.686662285260269        766.32506225900261        134.00038231933294     
           2         375   103.60218916557473        846.52142020908673        134.20293945881852     
           2         376   101.22274617788683        647.85564190542209        134.00121634786538     
           2         377   108.39456547978503        719.93019814140860        134.31963736549449     
           2         378   101.04141139591201        739.33164490493198        134.09712788592583     
           2         379   103.55278924806450        792.23810913427747        134.20285615944766     
           2         380   103.29820411369494        807.23431467627756        134.00115435651043     
           2         381   103.69926768220728        710.91209401236893        134.00111561382542     
           2         382   101.20815985337777        679.41099645259226        133.91254592973792     
           2         383   107.23809318261415        761.93501490067638        134.04312758693843     
           2         384   110.48688413160993        757.69005374580297        134.04284844212171     
           2         385   220.78961619062213        678.26021043569335        82.369699171501210     
           2         386   311.86653771210376        697.60463141784669        196.32265677923326     
           2         387   100.03528915719673        712.04082091238558        134.00026610161905     
           2         388   108.37784085745274        709.09363268294078        134.14435867825225     
           2         389   241.09316011395768        762.55951905870188        144.23317452093667     
           2         390   106.20142340403586        817.14173503054451        134.31859719416096     
           2         391   102.08514145572275        688.03583619461619        134.09716177109638     
           2         392   378.09047667834585        651.47492767433619        195.91057943494869     
           2         393   99.711010690350989        744.11598885070828        134.00038231933294     
           2         394   99.242005963527603        767.20977716984078        134.00038231933294     
           2         395   308.80964945882300        745.30731853648967        143.99361982240555     
           2         396   111.98257591292605        694.74082534033755        134.04320735658615     
           2         397   101.51325358840897        736.11500611742213        134.09709400177360     
           2         398   316.13865030621872        772.59150392587685        196.46488149777426     
           2         399   98.623305425416973        748.54071173872762        133.91185405758881     
           2         400   99.975584920847652        796.95185413427737        134.00038231933294     
           2         401   99.618659872564265        646.79653764193108        134.00038231933294     
           2         402   102.04031171120774        725.81443668467523        134.09716177109638     
           2         403   100.01274833016963        790.70734813098784        133.91265216479900     
           2         404   366.91064682658691        813.70977770286549        196.38562519990882     
           2         405   97.988642215337691        792.25881687977187        133.91188238401563     
           2         406   103.66889890369924        676.63775295949995        134.20297648255828     
           2         407   101.85145455963556        686.85644763427729        134.00121634786538     
           2         408   378.49442567450842        756.00214270847960        196.38550792989415     
           2         409   104.26916438131194        853.46765327191440        134.20285615944766     
           2         410   101.48603971356032        843.89035184696502        134.00121634786538     
           2         411   99.831352786467079        671.68558473223436        133.91258134006858     
