  economy_id district_id expected_hires capacity belief_expected_hires
           1           1   3.3150535910138386        17.000000000000000        4.6428917985145919     
           1           2   3.2855978578695710        17.000000000000000        4.6411166844608305     
           1           3   3.4349603973467575        17.000000000000000        4.6460083899902571     
           1           4   3.3248967533154459        17.000000000000000        4.6428917985145919     
           1           5   3.3109575066540895        17.000000000000000        4.6428919577828722     
           1           6   3.3150325470733883        17.000000000000000        4.6428919577828722     
           1           7   3.3269939016828860        17.000000000000000        4.6428907633121499     
           1           8   22.433249569689167        17.000000000000000        11.903267594131659     
           1           9   3.2665137481719309        17.000000000000000        4.6411173871511515     
           1          10   3.2832459376393808        17.000000000000000        4.6411163331297738     
           1          11   3.2754414399335690        17.000000000000000        4.6411163331297738     
           1          12   8.2913903318294189        17.000000000000000        5.0007882337792449     
           1          13   3.2908241858408123        17.000000000000000        4.6419757551173575     
           1          14   3.3584941027904516        17.000000000000000        4.6438649985301810     
           1          15   3.3064462086508968        17.000000000000000        4.6428919577828722     
           1          16   3.3064464284296182        17.000000000000000        4.6419764283216436     
           1          17   3.3154286904263217        17.000000000000000        4.6428919577828722     
           1          18   3.2970876281405399        17.000000000000000        4.6419768771425458     
           1          19   3.3130038256893766        17.000000000000000        4.6428914799830858     
           1          20   3.3080692828844294        17.000000000000000        4.6428917985145919     
           1          21   3.2849188431410510        17.000000000000000        4.6419764283216436     
           1          22   3.2951225998031251        17.000000000000000        4.6419768771425458     
           1          23   3.3349626923629492        17.000000000000000        4.6428919577828722     
           1          24   3.3331668462462822        17.000000000000000        4.6428919577828722     
           1          25   3.2675506252780493        16.000000000000000        4.6411173871511515     
           1          26   3.3053834529413417        16.000000000000000        4.6428919577828722     
           1          27   3.5252099538643753        16.000000000000000        4.6439712687569603     
           1          28   3.3182077598656941        16.000000000000000        4.6419761291157196     
           1          29   3.3808599748932577        16.000000000000000        4.6449027993313940     
           1          30   13.347595921500050        16.000000000000000        8.4510183505581189     
           1          31   57.977648155769259        16.000000000000000        48.876210028620505     
           1          32   3.3236144498335469        16.000000000000000        4.6428919577828722     
           1          33   3.3155735099636860        16.000000000000000        4.6419768771425458     
           1          34   3.3081199167709010        16.000000000000000        4.6428887727407622     
           1          35   3.3365448419543560        16.000000000000000        4.6428919577828722     
           1          36   3.3169232808264479        16.000000000000000        4.6428907633121499     
           1          37   3.2924399144005942        16.000000000000000        4.6419767275339696     
           1          38   3.3587947292784341        16.000000000000000        4.6438661006223514     
           1          39   3.3100635173123680        16.000000000000000        4.6428917985145919     
           1          40   3.3506233825862619        16.000000000000000        4.6438661006223514     
           1          41   3.2793087178480715        16.000000000000000        4.6411172466100945     
           1          42   3.3092328824417434        16.000000000000000        4.6428887727407622     
           1          43   3.2984368009821319        16.000000000000000        4.6419761291157196     
           1          44   3.3336735420320958        16.000000000000000        4.6438654224027021     
           1          45   3.3842973446848941        16.000000000000000        4.6429087097660560     
           1          46   3.3953432672056114        16.000000000000000        4.6449035214072136     
           1          47   83.930150024905217        16.000000000000000        67.550854792123260     
           1          48   3.3415540849052219        16.000000000000000        4.6428919577828722     
           1          49   57.935975685414405        16.000000000000000        55.917550354846448     
           1          50   12.879274019164837        16.000000000000000        6.8908885873324177     
           1          51   3.2683806061100280        16.000000000000000        4.6411166844608305     
           1          52   3.3915554536680577        16.000000000000000        4.6429082318998924     
           1          53   3.3086204780006585        16.000000000000000        4.6428919577828722     
           1          54   3.3658738008945677        16.000000000000000        4.6449023480498175     
           1          55   3.3511399723637827        16.000000000000000        4.6428919577828722     
           1          56   3.5182588197331572        16.000000000000000        4.6439714345320464     
           1          57   3.3085008765504105        16.000000000000000        4.6428883746584848     
           1          58   3.4689911076975779        16.000000000000000        4.6460083899902571     
           1          59   3.2968603710537945        16.000000000000000        4.6419767275339696     
           1          60   3.3187119475217477        16.000000000000000        4.6428919577828722     
           1          61   85.353275960466220        16.000000000000000        69.303239286529248     
           1          62   3.3287654203281893        16.000000000000000        4.6411163331297738     
           1          63   3.3339084754689092        16.000000000000000        4.6438645746690677     
           1          64   3.3091150007018548        16.000000000000000        4.6428914799830858     
           1          65   3.3209327222230538        16.000000000000000        4.6419768771425458     
           1          66   10.264074644424415        16.000000000000000        6.8021868688441369     
           1          67   3.3076181030732550        16.000000000000000        4.6428919577828722     
           1          68   3.3077040051696889        16.000000000000000        4.6428919577828722     
           1          69   3.3571667211918812        16.000000000000000        4.6429075151294308     
           1          70   3.3259878622702161        16.000000000000000        4.6428919577828722     
           1          71   3.2902185887704123        16.000000000000000        4.6419757551173575     
           1          72   3.3152677726463788        16.000000000000000        4.6428903651765827     
           1          73   3.3189649396109879        16.000000000000000        4.6428919577828722     
           1          74   3.3094891296413786        16.000000000000000        4.6428919577828722     
           1          75   3.3627908478278004        16.000000000000000        4.6428919577828722     
           1          76   3.3109603850166049        16.000000000000000        4.6428911614584436     
           1          77   3.3670226848617735        16.000000000000000        4.6449031603654554     
           1          78   3.3427264565328225        16.000000000000000        4.6438661006223514     
           1          79   3.3225821084077287        16.000000000000000        4.6428919577828722     
           1          80   11.434148496005134        16.000000000000000        6.8875837600349223     
           1          81   3.3072558128253098        16.000000000000000        4.6428914799830858     
           1          82   3.3280918944298694        16.000000000000000        4.6428919577828722     
           1          83   3.3635496395039790        16.000000000000000        4.6428919577828722     
           1          84   3.3500820532555280        16.000000000000000        4.6428917985145919     
           1          85   11.685432303023823        16.000000000000000        6.8858145118420682     
           1          86   3.3687237539348893        16.000000000000000        4.6429087097660560     
           1          87   3.3581428738509027        16.000000000000000        4.6438624555336654     
           1          88   10.195137040357894        16.000000000000000        6.7995771221865215     
           1          89   3.3171940880622164        16.000000000000000        4.6428917985145919     
           1          90   3.4196828383840798        16.000000000000000        4.6460083899902571     
           1          91   3.3996107728903504        16.000000000000000        4.6429085504756538     
           1          92   3.3314485622810617        16.000000000000000        4.6438662701817961     
           1          93   3.3640958061547286        16.000000000000000        4.6449031603654554     
           1          94   3.3104703223610410        16.000000000000000        4.6428914799830858     
           1          95   3.4047832015163659        16.000000000000000        4.6429075151294308     
           1          96   8.0123708453280802        16.000000000000000        4.9974328391158629     
           1          97   3.3166790773399200        16.000000000000000        4.6428919577828722     
           1          98   3.3137580305207193        16.000000000000000        4.6411321597085449     
           1          99   3.3147466690585974        16.000000000000000        4.6428907633121499     
           1         100   3.3122727897190942        16.000000000000000        4.6428919577828722     
           1         101   3.3553316630682071        16.000000000000000        4.6428919577828722     
           1         102   3.3834503664930566        16.000000000000000        4.6429075151294308     
           1         103   3.3102598330479531        16.000000000000000        4.6428914799830858     
           1         104   3.3083256588230441        16.000000000000000        4.6428919577828722     
           1         105   3.3091024083655092        16.000000000000000        4.6428919577828722     
           1         106   3.3235278387880132        16.000000000000000        4.6428919577828722     
           1         107   3.9453804382724629        16.000000000000000        4.6439706056748022     
           1         108   3.3490345606935166        16.000000000000000        4.6429087097660560     
           1         109   3.3662317199048815        16.000000000000000        4.6449018967802242     
           1         110   3.4192940939358545        16.000000000000000        4.6449037019309589     
           1         111   3.3219847647498755        16.000000000000000        4.6428919577828722     
           1         112   3.3100350745118310        16.000000000000000        4.6428919577828722     
           1         113   3.3664836925411015        16.000000000000000        4.6449031603654554     
           1         114   8.1288767506615098        16.000000000000000        4.9974330106413696     
           1         115   3.3660970353390285        16.000000000000000        4.6429085504756538     
           1         116   3.5551297528874537        16.000000000000000        4.6439709372122016     
           1         117   11.259054837285225        16.000000000000000        6.2883708740385940     
           1         118   12.001146861487195        16.000000000000000        6.8052884355178254     
           1         119   12.658963750704302        16.000000000000000        6.8926168459716335     
           1         120   3.3062743512592130        16.000000000000000        4.6428917985145919     
           1         121   3.6655174525975442        16.000000000000000        4.6450012150171087     
           1         122   3.3884602370308068        16.000000000000000        4.6449035214072136     
           1         123   3.2921826236792446        16.000000000000000        4.6419768771425458     
           1         124   3.3200029750521529        16.000000000000000        4.6428914799830858     
           1         125   3.4001899902539274        16.000000000000000        4.6438828445865976     
           1         126   3.3972655929697773        16.000000000000000        4.6438836076692702     
           1         127   16.784252921552774        16.000000000000000        11.346637622180886     
           1         128   3.3424933802925714        16.000000000000000        4.6438628793380108     
           1         129   3.2993109408539540        16.000000000000000        4.6419753811289874     
           1         130   3.3371387108453758        16.000000000000000        4.6438662701817961     
           1         131   3.3116287523166852        16.000000000000000        4.6428919577828722     
           1         132   21.942545358153463        16.000000000000000        9.8819418201348448     
           1         133   198.68031375640379        16.000000000000000        173.87778479630521     
           1         134   3.3081733387759433        16.000000000000000        4.6428919577828722     
           1         135   3.3137044658611616        16.000000000000000        4.6428911614584436     
           1         136   83.743650315296463        16.000000000000000        62.467811336232153     
           1         137   3.2949003344218637        16.000000000000000        4.6419768771425458     
           1         138   3.3055588792222470        16.000000000000000        4.6428919577828722     
           1         139   3.3297294143183267        16.000000000000000        4.6428914799830858     
           1         140   7.9506061347127659        16.000000000000000        4.9955188403776818     
           1         141   139.94760241548693        16.000000000000000        96.298880742873678     
           1         142   284.01276066284959        16.000000000000000        256.54797253446145     
           1         143   3.3717623368474032        16.000000000000000        4.6438654224027021     
           1         144   3.2925661715457566        16.000000000000000        4.6419764283216436     
           1         145   3.2989258308900546        16.000000000000000        4.6419738852753909     
           1         146   4.0087322697946854        16.000000000000000        4.6439681193786013     
           1         147   3.3075601808091211        16.000000000000000        4.6428919577828722     
           1         148   3.7498766321210022        16.000000000000000        4.6439701912633558     
           1         149   3.8028634912843353        16.000000000000000        4.6450008619841539     
           1         150   197.36169921943409        16.000000000000000        149.17114551174848     
           1         151   257.13205114783153        16.000000000000000        229.51948273920055     
           1         152   3.3323713459678541        16.000000000000000        4.6438662701817961     
           1         153   3.2993732413945538        16.000000000000000        4.6419768771425458     
           1         154   3.6733813927670531        16.000000000000000        4.6439714345320464     
           1         155   3.3253567525105905        16.000000000000000        4.6428919577828722     
           1         156   3.3397195578450956        16.000000000000000        4.6428914799830858     
           1         157   3.3233414840506250        16.000000000000000        4.6428911614584436     
           1         158   10.277111686491891        16.000000000000000        6.8021868688441369     
           1         159   3.5663765193540944        16.000000000000000        4.6439701912633558     
           1         160   3.3327489027131363        16.000000000000000        4.6428919577828722     
           1         161   10.312715263268256        16.000000000000000        6.8021868688441369     
           1         162   10.390521784431970        16.000000000000000        6.8021866347134052     
           1         163   3.3070179381352762        16.000000000000000        4.6428911614584436     
           1         164   3.2859374342264553        16.000000000000000        4.6419764283216436     
           1         165   3.5707666928157789        16.000000000000000        4.6420918206940955     
           1         166   3.3127310417227762        16.000000000000000        4.6428917985145919     
           1         167   3.3026255603379084        16.000000000000000        4.6419757551173575     
           1         168   3.3246275013096751        16.000000000000000        4.6428919577828722     
           1         169   3.4166367623693472        16.000000000000000        4.6460064680247353     
           1         170   8.0095080273045269        16.000000000000000        4.9955362635217231     
           1         171   3.6134073077292945        16.000000000000000        4.6439714345320464     
           1         172   3.6333457070083557        16.000000000000000        4.6439714345320464     
           1         173   3.3379751353520644        16.000000000000000        4.6428919577828722     
           1         174   3.5083088343102342        16.000000000000000        4.6420949640684723     
           1         175   10.340866724911209        16.000000000000000        6.8021868688441369     
           1         176   57.984541795795884        16.000000000000000        56.534022354214166     
           1         177   3.6306248792527827        16.000000000000000        4.6449999794360002     
           1         178   3.3291072459813527        16.000000000000000        4.6428914799830858     
           1         179   3.3482098013611350        16.000000000000000        4.6428919577828722     
           1         180   10.341903641229470        16.000000000000000        6.8021868688441369     
           1         181   10.413497969069176        16.000000000000000        6.8021861664595153     
           1         182   7.9239376116751039        16.000000000000000        4.9955214131543135     
           1         183   3.2877887290594239        16.000000000000000        4.6419753811289874     
           1         184   3.3210520940282833        16.000000000000000        4.6428914799830858     
           1         185   3.3727548627028998        16.000000000000000        4.6429082318998924     
           1         186   3.3757090285346534        16.000000000000000        4.6429079133310118     
           1         187   3.2887257702844281        16.000000000000000        4.6419767275339696     
           1         188   3.6386114860968530        16.000000000000000        4.6460987115715380     
           1         189   3.2982864331844355        16.000000000000000        4.6419761291157196     
           1         190   3.3387205512567193        16.000000000000000        4.6438662701817961     
           1         191   3.2984476341985745        16.000000000000000        4.6419768771425458     
           1         192   3.3962190035524236        16.000000000000000        4.6438839468289137     
           1         193   3.3653319703119693        16.000000000000000        4.6429079133310118     
           1         194   4.3502065557227976        16.000000000000000        4.6439714345320464     
           1         195   10.337623973889938        16.000000000000000        6.8021868688441369     
           1         196   3.2982373273502561        16.000000000000000        4.6411172466100945     
           1         197   3.5495959391415570        16.000000000000000        4.6439697768634547     
           1         198   3.3411413366952201        16.000000000000000        4.6438657615089136     
           1         199   3.3064248166853885        16.000000000000000        4.6428919577828722     
           1         200   3.3267890160646485        16.000000000000000        4.6428919577828722     
           1         201   8.1008050853268632        16.000000000000000        4.9974324960703616     
           1         202   3.3274483442092695        16.000000000000000        4.6428919577828722     
           1         203   3.3971484045060656        16.000000000000000        4.6449037019309589     
           1         204   3.3052875770476335        16.000000000000000        4.6428919577828722     
           1         205   3.3171831634310958        16.000000000000000        4.6428919577828722     
           1         206   3.4071082678445697        16.000000000000000        4.6460074289817248     
           1         207   3.3240282147809292        16.000000000000000        4.6428907633121499     
           1         208   3.3243501712939585        16.000000000000000        4.6419764283216436     
           1         209   3.3642626876470918        16.000000000000000        4.6428914799830858     
           1         210   3.3434625361149295        16.000000000000000        4.6438661006223514     
           1         211   3.3274638822708917        16.000000000000000        4.6428919577828722     
           1         212   3.5228365420909493        16.000000000000000        4.6430038441492734     
           1         213   10.393191039019486        16.000000000000000        6.8021868688441369     
           1         214   3.3135642646714056        16.000000000000000        4.6428919577828722     
           1         215   3.3072779223852580        16.000000000000000        4.6428919577828722     
           1         216   3.3159762896428759        16.000000000000000        4.6428919577828722     
           1         217   10.343279920286504        16.000000000000000        6.8021861664595153     
           1         218   3.3198661908654121        16.000000000000000        4.6428919577828722     
           1         219   142.05551091605554        16.000000000000000        114.85675638265609     
           1         220   3.3964654287652802        16.000000000000000        4.6460069484967672     
           1         221   333.63985462303026        16.000000000000000        303.07196669418437     
           1         222   3.3087362141989587        16.000000000000000        4.6428911614584436     
           1         223   3.3148638327029798        16.000000000000000        4.6428917985145919     
           1         224   362.28730758689505        16.000000000000000        345.56315865049237     
           1         225   4.3936351454060407        16.000000000000000        4.6439714345320464     
           1         226   558.18698073251676        16.000000000000000        515.46580628005961     
           1         227   4.2964581025318394        16.000000000000000        4.6439714345320464     
           1         228   10.358627109230641        16.000000000000000        6.8021868688441369     
           1         229   10.430400879965402        16.000000000000000        6.8022115003804764     
           1         230   389.01826731905652        16.000000000000000        327.90967149999875     
           1         231   3.3279050895106290        16.000000000000000        4.6428917985145919     
           1         232   3.3650987977264610        16.000000000000000        4.6449027993313940     
           1         233   3.3101488104384482        16.000000000000000        4.6428911614584436     
           1         234   3.3308883527772735        16.000000000000000        4.6438654224027021     
           1         235   3.3106034811001690        16.000000000000000        4.6419768771425458     
           1         236   3.2701972615238697        16.000000000000000        4.6411173871511515     
           1         237   10.328111049073650        16.000000000000000        6.8008414392483365     
           1         238   3.3116142101089658        16.000000000000000        4.6419768771425458     
           1         239   3.3396008645318407        16.000000000000000        4.6428919577828722     
           1         240   3.3380107128200791        16.000000000000000        4.6428919577828722     
           1         241   10.290377952423695        16.000000000000000        6.8021868688441369     
           1         242   3.3368174502680512        16.000000000000000        4.6428919577828722     
           1         243   3.7888081807846330        16.000000000000000        4.6450008619841539     
           1         244   3.3238686326673426        16.000000000000000        4.6428919577828722     
           1         245   725.70418653757281        16.000000000000000        658.70018838065664     
           1         246   14.459465273519061        16.000000000000000        6.8086176115402637     
           1         247   3.3233413760809216        16.000000000000000        4.6428919577828722     
           1         248   8.0751044945692634        16.000000000000000        4.9974312954690978     
           1         249   3.3416172263442832        16.000000000000000        4.6438662701817961     
           1         250   3.3238157241907986        16.000000000000000        4.6428919577828722     
           1         251   3.3347985100905384        16.000000000000000        4.6438661006223514     
           1         252   780.63068202425541        16.000000000000000        710.51389848052315     
           1         253   3.3372347509860432        16.000000000000000        4.6428919577828722     
           1         254   3.3515037083951515        16.000000000000000        4.6428911614584436     
           1         255   3.3242328388907496        16.000000000000000        4.6428919577828722     
           1         256   3.3308278864482523        16.000000000000000        4.6428919577828722     
           1         257   3.3072884902429562        16.000000000000000        4.6428919577828722     
           1         258   3.3131283059683692        16.000000000000000        4.6428914799830858     
           1         259   3.6831840104700126        16.000000000000000        4.6430026765291981     
           1         260   10.481716721201469        16.000000000000000        6.8036188844897358     
           1         261   3.3211059114811095        16.000000000000000        4.6428919577828722     
           1         262   3.4385604618220857        16.000000000000000        4.6429087097660560     
           1         263   14.897068350802494        16.000000000000000        9.7021483892653055     
           1         264   3.3914060038860527        16.000000000000000        4.6438657615089136     
           1         265   27.499108897388655        16.000000000000000        23.783294581701977     
           1         266   3.2797794531965718        16.000000000000000        4.6411173871511515     
           1         267   3.3222243026867702        16.000000000000000        4.6428919577828722     
           1         268   3.3409246025836512        16.000000000000000        4.6428919577828722     
           1         269   10.210581637970405        16.000000000000000        6.8008416591814385     
           1         270   3.3675393060703116        16.000000000000000        4.6428919577828722     
           1         271   3.3468089362803055        16.000000000000000        4.6428919577828722     
           1         272   3.3740983381690093        16.000000000000000        4.6438841164114582     
           1         273   3.3065299365915592        16.000000000000000        4.6428883746584848     
           1         274   8.0361501006372738        16.000000000000000        4.9964462970051100     
           1         275   3.3136943057929704        16.000000000000000        4.6428919577828722     
           1         276   3.2918145846375904        16.000000000000000        4.6419753811289874     
           1         277   3.6521176331539991        16.000000000000000        4.6439712687569603     
           1         278   3.3455213141784590        16.000000000000000        4.6428911614584436     
           1         279   3.3334275323265152        16.000000000000000        4.6411317380289425     
           1         280   3.3392675220955006        16.000000000000000        4.6438649985301810     
           1         281   3.3096166920555810        16.000000000000000        4.6428919577828722     
           1         282   3.2971365783065800        16.000000000000000        4.6419761291157196     
           1         283   13.604992973831733        16.000000000000000        6.8033227772605507     
           1         284   3.3105691554764567        16.000000000000000        4.6428919577828722     
           1         285   3.3105581139112816        16.000000000000000        4.6428919577828722     
           1         286   3.3745582307322923        16.000000000000000        4.6449023480498175     
           1         287   3.3050064073295986        16.000000000000000        4.6419767275339696     
           1         288   3.3484742244013064        16.000000000000000        4.6438624555336654     
           1         289   3.2683374697796537        16.000000000000000        4.6411172466100945     
           1         290   3.3387556477577101        16.000000000000000        4.6419768771425458     
           1         291   3.3394256464140595        16.000000000000000        4.6428919577828722     
           1         292   3.2799083216518832        16.000000000000000        4.6411166844608305     
           1         293   3.6388506605852009        16.000000000000000        4.6439714345320464     
           1         294   3.3052572483494007        16.000000000000000        4.6428911614584436     
           1         295   3.3206311525896712        16.000000000000000        4.6428914799830858     
           1         296   3.3455547517367181        16.000000000000000        4.6428919577828722     
           1         297   3.3178571710546794        16.000000000000000        4.6428917985145919     
           1         298   3.3332191008557461        16.000000000000000        4.6438628793380108     
           1         299   3.3118382397198669        16.000000000000000        4.6428917985145919     
           1         300   3.3074833478772705        16.000000000000000        4.6428907633121499     
           1         301   3.3408834964896164        16.000000000000000        4.6428919577828722     
           1         302   3.3254058461770790        16.000000000000000        4.6428919577828722     
           1         303   8.2181238203561815        16.000000000000000        4.9974510525011766     
           1         304   3.3701727174055032        16.000000000000000        4.6429082318998924     
           1         305   3.4889979383891516        16.000000000000000        4.6439714345320464     
           1         306   3.3553041396435055        16.000000000000000        4.6419753811289874     
           1         307   3.4209046802388130        16.000000000000000        4.6429075151294308     
           1         308   3.3918540436600875        16.000000000000000        4.6419924565413071     
           1         309   3.3068367277814414        16.000000000000000        4.6419767275339696     
           1         310   3.3639197751557846        16.000000000000000        4.6438662701817961     
           1         311   3.3126977032257359        16.000000000000000        4.6428917985145919     
           1         312   3.2907816433561763        16.000000000000000        4.6419768771425458     
           1         313   3.3329467552007492        16.000000000000000        4.6438654224027021     
           1         314   3.3239024616750448        16.000000000000000        4.6428917985145919     
           1         315   3.3787534672814141        16.000000000000000        4.6438654224027021     
           1         316   3.3474095630299874        16.000000000000000        4.6428919577828722     
           1         317   3.3075675608726463        16.000000000000000        4.6428919577828722     
           1         318   3.3443405541751634        16.000000000000000        4.6438654224027021     
           1         319   3.3807684563870595        16.000000000000000        4.6438661006223514     
           1         320   3.2999835732922111        16.000000000000000        4.6419757551173575     
           1         321   10.288258598829758        16.000000000000000        6.8021868688441369     
           1         322   3.3060665981640915        16.000000000000000        4.6428911614584436     
           1         323   11.994105168766055        16.000000000000000        6.8014618434492879     
           1         324   3.3785819679161038        16.000000000000000        4.6429082318998924     
           1         325   3.3732832853830024        16.000000000000000        4.6429051261439707     
           1         326   3.3352325826205145        16.000000000000000        4.6428919577828722     
           1         327   3.3184967788352151        16.000000000000000        4.6428911614584436     
           1         328   3.3197202282269247        16.000000000000000        4.6428919577828722     
           1         329   3.3287080199098069        16.000000000000000        4.6428919577828722     
           1         330   3.3587382904157996        16.000000000000000        4.6429087097660560     
           1         331   3.3233527411035033        16.000000000000000        4.6428914799830858     
           1         332   8.1152357837188056        16.000000000000000        4.9974324960703616     
           1         333   10.418882492021865        16.000000000000000        6.8021851129250663     
           1         334   3.3069346874386012        16.000000000000000        4.6428907633121499     
           1         335   3.3291814838611962        16.000000000000000        4.6428919577828722     
           1         336   11.763479042744432        16.000000000000000        6.8037728747319628     
           1         337   3.3256090308600044        16.000000000000000        4.6428911614584436     
           1         338   10.456339115707801        16.000000000000000        6.8022115003804764     
           1         339   3.3061806153954341        16.000000000000000        4.6428917985145919     
           1         340   3.7017425208784744        16.000000000000000        4.6439709372122016     
           1         341   3.3054566050385454        16.000000000000000        4.6428919577828722     
           1         342   3.3068176212071845        16.000000000000000        4.6428919577828722     
           1         343   11.498261564546677        16.000000000000000        6.8037733621092134     
           1         344   3.2805791817306393        16.000000000000000        4.6411159818080963     
           1         345   3.3182756450314428        16.000000000000000        4.6428907633121499     
           1         346   3.3165064856085071        16.000000000000000        4.6428903651765827     
           1         347   3.3067345100494419        16.000000000000000        4.6428917985145919     
           1         348   3.3298083815186521        16.000000000000000        4.6428919577828722     
           1         349   3.3335533919380436        16.000000000000000        4.6438654224027021     
           1         350   3.3124553241214301        16.000000000000000        4.6428914799830858     
           1         351   3.3223219348751982        16.000000000000000        4.6428917985145919     
           1         352   3.3423037813832539        16.000000000000000        4.6428919577828722     
           1         353   10.399323789752934        16.000000000000000        6.8021868688441369     
           1         354   3.3171277325068682        16.000000000000000        4.6428914799830858     
           1         355   3.3212706253060293        16.000000000000000        4.6428919577828722     
           1         356   10.490457359793096        16.000000000000000        6.8036188844897358     
           1         357   10.245007141773264        16.000000000000000        6.8021868688441369     
           1         358   3.3442941829794903        16.000000000000000        4.6438661006223514     
           1         359   3.3133294469899042        16.000000000000000        4.6428919577828722     
           1         360   3.3122623842943502        16.000000000000000        4.6428919577828722     
           1         361   3.3225835937074919        16.000000000000000        4.6428907633121499     
           1         362   3.3206450608453095        16.000000000000000        4.6428919577828722     
           1         363   3.3130045259928758        16.000000000000000        4.6428917985145919     
           1         364   3.2884807368806905        16.000000000000000        4.6419767275339696     
           1         365   8.1536347684212611        16.000000000000000        4.9974510525011766     
           1         366   3.3610329733161044        16.000000000000000        4.6449037019309589     
           1         367   10.446140080682726        16.000000000000000        6.8022107978982724     
           1         368   3.3614459817007094        16.000000000000000        4.6438662701817961     
           1         369   3.4050696694120672        16.000000000000000        4.6429087097660560     
           1         370   3.3441745902489854        16.000000000000000        4.6411311055349040     
           1         371   3.3183011029060387        16.000000000000000        4.6419735113370493     
           1         372   10.361116485165221        16.000000000000000        6.8021868688441369     
           1         373   3.3214053537757895        16.000000000000000        4.6428919577828722     
           1         374   3.3185770273505044        16.000000000000000        4.6428917985145919     
           1         375   3.2742110591908244        16.000000000000000        4.6411172466100945     
           1         376   3.4598476916730796        16.000000000000000        4.6460267374187634     
           1         377   3.4224739632220054        16.000000000000000        4.6449227188679094     
           1         378   3.3057182455573999        16.000000000000000        4.6428911614584436     
           1         379   3.3144304500881496        16.000000000000000        4.6428919577828722     
           1         380   3.4199044604531981        16.000000000000000        4.6429075151294308     
           1         381   3.4314488933235419        16.000000000000000        4.6429087097660560     
           1         382   3.4137979977405974        16.000000000000000        4.6429087097660560     
           1         383   3.5403985368303448        16.000000000000000        4.6439697768634547     
           1         384   3.6383959155574281        16.000000000000000        4.6439714345320464     
           1         385   7.2311992812270827        16.000000000000000        2.8608214067287174     
           1         386   10.370753683660329        16.000000000000000        6.8021868688441369     
           1         387   3.3549327879826687        16.000000000000000        4.6438657615089136     
           1         388   3.5012515538804454        16.000000000000000        4.6439714345320464     
           1         389   8.0264658809517577        16.000000000000000        4.9974324960703616     
           1         390   3.3155386368359232        16.000000000000000        4.6428917985145919     
           1         391   3.3901071630161539        16.000000000000000        4.6449031603654554     
           1         392   12.090263159185522        16.000000000000000        6.7988188436465142     
           1         393   3.2969861532557507        16.000000000000000        4.6419768771425458     
           1         394   3.3056497065013013        16.000000000000000        4.6428919577828722     
           1         395   9.4975276074853898        16.000000000000000        4.9950166115364780     
           1         396   3.6775813622051516        16.000000000000000        4.6439677050360668     
           1         397   3.3182558532459026        16.000000000000000        4.6428917985145919     
           1         398   10.405588594702827        16.000000000000000        6.8036141491354387     
           1         399   3.3338878503772866        16.000000000000000        4.6428919577828722     
           1         400   3.3043462527238612        16.000000000000000        4.6419767275339696     
           1         401   3.3165725949353582        16.000000000000000        4.6428907633121499     
           1         402   3.3886523344465531        16.000000000000000        4.6449000918229446     
           1         403   3.3769636970135055        16.000000000000000        4.6429087097660560     
           1         404   11.889037378085897        16.000000000000000        6.8037733621092134     
           1         405   3.3136408522164600        16.000000000000000        4.6428917985145919     
           1         406   3.3172155869743061        16.000000000000000        4.6428914799830858     
           1         407   3.3815304923632725        16.000000000000000        4.6429071169385479     
           1         408   12.213095886468343        16.000000000000000        6.8037728747319628     
           1         409   3.3580925009766291        16.000000000000000        4.6438654224027021     
           1         410   3.3987463808756919        16.000000000000000        4.6438841164114582     
           1         411   3.3713389083346832        16.000000000000000        4.6429079133310118     
           2           1   3.3249548053917777        17.000000000000000        4.6428914799830858     
           2           2   3.4283087369676557        17.000000000000000        4.6460081977844405     
           2           3   3.3517234269914513        17.000000000000000        4.6428919577828722     
           2           4   3.3904191872572667        17.000000000000000        4.6449031603654554     
           2           5   3.3209230063679263        17.000000000000000        4.6428919577828722     
           2           6   3.3249495773661528        17.000000000000000        4.6428919577828722     
           2           7   3.3367855173579937        17.000000000000000        4.6428919577828722     
           2           8   17.970843136407204        17.000000000000000        10.255567476959710     
           2           9   3.3171005754535150        17.000000000000000        4.6428919577828722     
           2          10   3.3353755397674951        17.000000000000000        4.6428914799830858     
           2          11   3.3268661590568489        17.000000000000000        4.6428911614584436     
           2          12   7.9877505035326077        17.000000000000000        4.9955207320797479     
           2          13   3.3007880406626020        17.000000000000000        4.6419761291157196     
           2          14   3.2991717964893588        17.000000000000000        4.6411173871511515     
           2          15   3.3413567746124921        17.000000000000000        4.6438662701817961     
           2          16   3.3161752176509278        17.000000000000000        4.6419764283216436     
           2          17   3.3253014594758787        17.000000000000000        4.6428907633121499     
           2          18   3.3292609395993806        17.000000000000000        4.6428919577828722     
           2          19   3.3229500914900942        17.000000000000000        4.6428917985145919     
           2          20   3.3179799745671321        17.000000000000000        4.6428883746584848     
           2          21   3.2760828171828060        17.000000000000000        4.6411173871511515     
           2          22   3.3272040417863913        17.000000000000000        4.6428911614584436     
           2          23   3.3446530548773254        17.000000000000000        4.6428907633121499     
           2          24   3.3429313344647200        17.000000000000000        4.6428917985145919     
           2          25   3.3182336622235749        16.000000000000000        4.6428919577828722     
           2          26   3.3154026237984975        16.000000000000000        4.6428919577828722     
           2          27   3.5009965081699215        16.000000000000000        4.6430026765291981     
           2          28   3.3512869314092928        16.000000000000000        4.6428917985145919     
           2          29   3.3349962850591699        16.000000000000000        4.6428907633121499     
           2          30   13.388922274615723        16.000000000000000        8.4510183505581189     
           2          31   57.977582746070922        16.000000000000000        48.876167028225630     
           2          32   3.3109722842506639        16.000000000000000        4.6419761291157196     
           2          33   3.3251968385237372        16.000000000000000        4.6419757551173575     
           2          34   3.3181587610099510        16.000000000000000        4.6428907633121499     
           2          35   3.3462742772445075        16.000000000000000        4.6428919577828722     
           2          36   3.3523149426260139        16.000000000000000        4.6438661006223514     
           2          37   3.3497715393703067        16.000000000000000        4.6438662701817961     
           2          38   3.3422641989014279        16.000000000000000        4.6428919577828722     
           2          39   3.3200380331785477        16.000000000000000        4.6428919577828722     
           2          40   3.3344173952484519        16.000000000000000        4.6428911614584436     
           2          41   3.3310716685184922        16.000000000000000        4.6428919577828722     
           2          42   3.3443424341049961        16.000000000000000        4.6438661006223514     
           2          43   3.3306702113267006        16.000000000000000        4.6428914799830858     
           2          44   3.3186381032988215        16.000000000000000        4.6428911614584436     
           2          45   3.3935362720221041        16.000000000000000        4.6429079133310118     
           2          46   3.3473811960101254        16.000000000000000        4.6428887727407622     
           2          47   83.954283609926364        16.000000000000000        69.996049797295541     
           2          48   3.3512858043639993        16.000000000000000        4.6428919577828722     
           2          49   57.946898611524482        16.000000000000000        56.057318690600127     
           2          50   12.850990252538073        16.000000000000000        6.8908885873324177     
           2          51   3.3191575510473084        16.000000000000000        4.6428919577828722     
           2          52   3.4649408927870442        16.000000000000000        4.6449213648057928     
           2          53   3.3185985902802506        16.000000000000000        4.6428917985145919     
           2          54   3.3468484702591472        16.000000000000000        4.6438645746690677     
           2          55   3.3606531334355645        16.000000000000000        4.6428917985145919     
           2          56   3.5265064239225326        16.000000000000000        4.6439714345320464     
           2          57   3.3185756564266935        16.000000000000000        4.6428919577828722     
           2          58   3.3790325518596460        16.000000000000000        4.6428903651765827     
           2          59   3.3290361822340389        16.000000000000000        4.6428919577828722     
           2          60   3.2869684158104397        16.000000000000000        4.6411166844608305     
           2          61   86.040113189263934        16.000000000000000        72.967784030569177     
           2          62   3.3853644955291311        16.000000000000000        4.6428883746584848     
           2          63   3.4057977658349015        16.000000000000000        4.6460081977844405     
           2          64   3.3729312595237593        16.000000000000000        4.6449031603654554     
           2          65   3.3098609861544110        16.000000000000000        4.6411169655324525     
           2          66   10.168051065806639        16.000000000000000        6.7995775353825740     
           2          67   3.2769841185341249        16.000000000000000        4.6411169655324525     
           2          68   3.3177020155339778        16.000000000000000        4.6428919577828722     
           2          69   3.3426400785283654        16.000000000000000        4.6419924565413071     
           2          70   3.3617060154079539        16.000000000000000        4.6438654224027021     
           2          71   3.3221474158363686        16.000000000000000        4.6428919577828722     
           2          72   3.3797466505190283        16.000000000000000        4.6449027993313940     
           2          73   3.3288064484595763        16.000000000000000        4.6428919577828722     
           2          74   3.2976296138900896        16.000000000000000        4.6419757551173575     
           2          75   3.3722400443914808        16.000000000000000        4.6428917985145919     
           2          76   3.3209392348739923        16.000000000000000        4.6428919577828722     
           2          77   3.3226459176599539        16.000000000000000        4.6428914799830858     
           2          78   3.3818856583763690        16.000000000000000        4.6449035214072136     
           2          79   3.3324331780263519        16.000000000000000        4.6428911614584436     
           2          80   11.463703009453297        16.000000000000000        6.8875822185319731     
           2          81   3.3172691799203746        16.000000000000000        4.6428919577828722     
           2          82   3.3152133914719530        16.000000000000000        4.6419767275339696     
           2          83   3.3730665062234801        16.000000000000000        4.6428917985145919     
           2          84   3.3596760990176127        16.000000000000000        4.6428917985145919     
           2          85   12.008558975150088        16.000000000000000        6.8905056597906098     
           2          86   3.3782399377218368        16.000000000000000        4.6429087097660560     
           2          87   3.3414922469148611        16.000000000000000        4.6428919577828722     
           2          88   10.358382932145975        16.000000000000000        6.8021851129250663     
           2          89   3.3271011780236610        16.000000000000000        4.6428917985145919     
           2          90   3.3388749665069648        16.000000000000000        4.6428919577828722     
           2          91   3.4089505433861409        16.000000000000000        4.6429085504756538     
           2          92   3.2948587089069292        16.000000000000000        4.6419761291157196     
           2          93   3.3200801770627870        16.000000000000000        4.6428903651765827     
           2          94   3.3204386225163405        16.000000000000000        4.6428919577828722     
           2          95   3.3877611726852299        16.000000000000000        4.6419918580382937     
           2          96   8.0364797710438260        16.000000000000000        4.9974330106413696     
           2          97   3.3520301088299398        16.000000000000000        4.6438662701817961     
           2          98   3.3685688882906892        16.000000000000000        4.6429079133310118     
           2          99   3.3246795068164703        16.000000000000000        4.6428919577828722     
           2         100   3.3221822929953730        16.000000000000000        4.6428903651765827     
           2         101   3.3192750021687565        16.000000000000000        4.6411166844608305     
           2         102   3.3929462659193117        16.000000000000000        4.6429087097660560     
           2         103   3.3202121486894001        16.000000000000000        4.6428907633121499     
           2         104   3.2776026847822517        16.000000000000000        4.6411159818080963     
           2         105   3.2972843476736822        16.000000000000000        4.6419764283216436     
           2         106   3.3333601912015731        16.000000000000000        4.6428919577828722     
           2         107   3.9496544737994728        16.000000000000000        4.6439701912633558     
           2         108   3.3857993927222680        16.000000000000000        4.6438832685168716     
           2         109   3.3220347922021038        16.000000000000000        4.6428919577828722     
           2         110   3.3968542198454434        16.000000000000000        4.6438649985301810     
           2         111   3.3318237963214985        16.000000000000000        4.6428907633121499     
           2         112   3.3450972361275553        16.000000000000000        4.6438661006223514     
           2         113   3.3221457136891139        16.000000000000000        4.6428907633121499     
           2         114   8.1511178928156767        16.000000000000000        4.9974321530322925     
           2         115   3.3510080868646321        16.000000000000000        4.6419921572866008     
           2         116   3.6008757407068392        16.000000000000000        4.6449982144865691     
           2         117   10.812182311944682        16.000000000000000        6.2820521163072858     
           2         118   11.992624253381576        16.000000000000000        6.8052873975652401     
           2         119   12.690652549351247        16.000000000000000        6.8926168459716335     
           2         120   3.3411371744128924        16.000000000000000        4.6438645746690677     
           2         121   3.6230302567277870        16.000000000000000        4.6439709372122016     
           2         122   3.4326167653254718        16.000000000000000        4.6460045462653374     
           2         123   3.3494811735027326        16.000000000000000        4.6438661006223514     
           2         124   3.3298915728676346        16.000000000000000        4.6428917985145919     
           2         125   3.4096466366424973        16.000000000000000        4.6438841164114582     
           2         126   3.3781780409867053        16.000000000000000        4.6429079133310118     
           2         127   15.753954355965497        16.000000000000000        10.569595614949650     
           2         128   3.3046666544849548        16.000000000000000        4.6419753811289874     
           2         129   3.3091582543126319        16.000000000000000        4.6419761291157196     
           2         130   3.2808260200570269        16.000000000000000        4.6411163331297738     
           2         131   3.2996717143991128        16.000000000000000        4.6419768771425458     
           2         132   21.982128162707774        16.000000000000000        9.8814245451887359     
           2         133   198.66751456919138        16.000000000000000        173.87778479630521     
           2         134   3.2963937959251064        16.000000000000000        4.6419757551173575     
           2         135   3.3236250980220197        16.000000000000000        4.6428914799830858     
           2         136   83.445408522457569        16.000000000000000        61.935056773153043     
           2         137   3.3047888222533728        16.000000000000000        4.6419761291157196     
           2         138   3.3155799271932307        16.000000000000000        4.6428919577828722     
           2         139   3.3656146729338716        16.000000000000000        4.6438628793380108     
           2         140   8.0775641559240619        16.000000000000000        4.9974330106413696     
           2         141   139.91061682379521        16.000000000000000        96.298280100256520     
           2         142   284.01756738890055        16.000000000000000        256.54793263043740     
           2         143   3.3812170274013726        16.000000000000000        4.6438645746690677     
           2         144   3.2832947454731065        16.000000000000000        4.6411172466100945     
           2         145   3.3569689280678014        16.000000000000000        4.6438657615089136     
           2         146   4.0129276050794802        16.000000000000000        4.6439677050360668     
           2         147   3.3175609603979730        16.000000000000000        4.6428919577828722     
           2         148   3.7548467915130939        16.000000000000000        4.6439712687569603     
           2         149   3.7183931528876397        16.000000000000000        4.6430026765291981     
           2         150   197.29920682540683        16.000000000000000        149.17078188390323     
           2         151   257.47666629531568        16.000000000000000        230.59226861940169     
           2         152   3.3423657260490631        16.000000000000000        4.6438662701817961     
           2         153   3.3316713159139884        16.000000000000000        4.6428919577828722     
           2         154   3.6791324599676196        16.000000000000000        4.6439714345320464     
           2         155   3.3351922563748397        16.000000000000000        4.6428919577828722     
           2         156   3.3759874208758687        16.000000000000000        4.6438645746690677     
           2         157   3.3331961868130660        16.000000000000000        4.6428917985145919     
           2         158   10.239420002718285        16.000000000000000        6.8008416591814385     
           2         159   3.6117342116739097        16.000000000000000        4.6450017445812390     
           2         160   3.3687655800589842        16.000000000000000        4.6438662701817961     
           2         161   10.342604076543619        16.000000000000000        6.8021816015097665     
           2         162   10.419209606552233        16.000000000000000        6.8021856982157063     
           2         163   3.3170442113348817        16.000000000000000        4.6428919577828722     
           2         164   3.3176685463483957        16.000000000000000        4.6428917985145919     
           2         165   3.6465920299812704        16.000000000000000        4.6439714345320464     
           2         166   3.3226801812615196        16.000000000000000        4.6428919577828722     
           2         167   3.3350426197755403        16.000000000000000        4.6428919577828722     
           2         168   3.3344434547787083        16.000000000000000        4.6428907633121499     
           2         169   3.3921586825912846        16.000000000000000        4.6449037019309589     
           2         170   8.1417589788092499        16.000000000000000        4.9974505378586969     
           2         171   3.6210949353062123        16.000000000000000        4.6439714345320464     
           2         172   3.6407381662710629        16.000000000000000        4.6439712687569603     
           2         173   3.3743073727675448        16.000000000000000        4.6438657615089136     
           2         174   3.5794565177159003        16.000000000000000        4.6439714345320464     
           2         175   10.452860691279627        16.000000000000000        6.8036183859859296     
           2         176   57.984396536313099        16.000000000000000        56.533999731790296     
           2         177   3.5582152097524613        16.000000000000000        4.6430026765291981     
           2         178   3.3387943533653806        16.000000000000000        4.6428914799830858     
           2         179   3.3575599041756510        16.000000000000000        4.6428919577828722     
           2         180   10.371633385561342        16.000000000000000        6.8021866347134052     
           2         181   10.441683301075685        16.000000000000000        6.8021856982157063     
           2         182   7.9480131412885573        16.000000000000000        4.9955218672223225     
           2         183   3.3734756599170397        16.000000000000000        4.6449018967802242     
           2         184   3.3309282358561090        16.000000000000000        4.6428919577828722     
           2         185   3.3822147355161780        16.000000000000000        4.6429079133310118     
           2         186   3.3851925676281192        16.000000000000000        4.6429087097660560     
           2         187   3.3205675660632354        16.000000000000000        4.6428919577828722     
           2         188   3.5653558430695438        16.000000000000000        4.6439706056748022     
           2         189   3.3305379940942395        16.000000000000000        4.6428914799830858     
           2         190   3.3233294884857880        16.000000000000000        4.6428919577828722     
           2         191   3.3306822843347548        16.000000000000000        4.6428919577828722     
           2         192   3.3772830575842776        16.000000000000000        4.6429085504756538     
           2         193   3.3748272379973128        16.000000000000000        4.6429071169385479     
           2         194   4.4222347470121992        16.000000000000000        4.6450008619841539     
           2         195   10.367430517104948        16.000000000000000        6.8021868688441369     
           2         196   3.3516471788118385        16.000000000000000        4.6428919577828722     
           2         197   3.5228595184661642        16.000000000000000        4.6430026765291981     
           2         198   3.2842635073252047        16.000000000000000        4.6411173871511515     
           2         199   3.3164363216407478        16.000000000000000        4.6428919577828722     
           2         200   3.3365135187887907        16.000000000000000        4.6428919577828722     
           2         201   8.1241518197586835        16.000000000000000        4.9974328391158629     
           2         202   3.3371880853156806        16.000000000000000        4.6428919577828722     
           2         203   3.3489394210400905        16.000000000000000        4.6428914799830858     
           2         204   3.3153092339304187        16.000000000000000        4.6428919577828722     
           2         205   3.3270637279973081        16.000000000000000        4.6428919577828722     
           2         206   3.3058222545861420        16.000000000000000        4.6419735113370493     
           2         207   3.3113017584025610        16.000000000000000        4.6419767275339696     
           2         208   3.3132682147144670        16.000000000000000        4.6411145766152995     
           2         209   3.3737642792297060        16.000000000000000        4.6428919577828722     
           2         210   3.3277797253505725        16.000000000000000        4.6428911614584436     
           2         211   3.3372212367325313        16.000000000000000        4.6428907633121499     
           2         212   3.5300045382640528        16.000000000000000        4.6430036884609907     
           2         213   10.422990187406985        16.000000000000000        6.8021868688441369     
           2         214   3.3014730681232267        16.000000000000000        4.6419767275339696     
           2         215   3.3172755097383417        16.000000000000000        4.6428919577828722     
           2         216   3.3258877202005257        16.000000000000000        4.6428919577828722     
           2         217   10.455293138539853        16.000000000000000        6.8036166413070180     
           2         218   3.3297008200604266        16.000000000000000        4.6428919577828722     
           2         219   142.03009892581798        16.000000000000000        114.85606399849915     
           2         220   3.3194299491315737        16.000000000000000        4.6428903651765827     
           2         221   334.20153624932635        16.000000000000000        306.62063925312850     
           2         222   3.3187153692467377        16.000000000000000        4.6428911614584436     
           2         223   3.2834653502329090        16.000000000000000        4.6411172466100945     
           2         224   362.27807190046269        16.000000000000000        345.56315865049237     
           2         225   4.6281742657391680        16.000000000000000        4.6472666894432955     
           2         226   558.15861313643109        16.000000000000000        515.46580628005961     
           2         227   4.5135147530236788        16.000000000000000        4.6472657886705466     
           2         228   10.253449358497926        16.000000000000000        6.7995781551934327     
           2         229   10.384237249636092        16.000000000000000        6.8008647866007914     
           2         230   388.98429763049182        16.000000000000000        327.90967149999875     
           2         231   3.3377286723592690        16.000000000000000        4.6428919577828722     
           2         232   3.3209545797687978        16.000000000000000        4.6428907633121499     
           2         233   3.3740784212445880        16.000000000000000        4.6449027993313940     
           2         234   3.3160252501040537        16.000000000000000        4.6428911614584436     
           2         235   3.3696965187187251        16.000000000000000        4.6438624555336654     
           2         236   3.3211191548826737        16.000000000000000        4.6428917985145919     
           2         237   10.432090219539040        16.000000000000000        6.8021856982157063     
           2         238   3.4011632221871606        16.000000000000000        4.6449037019309589     
           2         239   3.3492040336747233        16.000000000000000        4.6428907633121499     
           2         240   3.3245914726165737        16.000000000000000        4.6419767275339696     
           2         241   10.320924482683509        16.000000000000000        6.8021868688441369     
           2         242   3.3465563238166443        16.000000000000000        4.6428919577828722     
           2         243   3.6679952496214017        16.000000000000000        4.6420943791979745     
           2         244   3.3337146513384894        16.000000000000000        4.6428919577828722     
           2         245   725.99670964009090        16.000000000000000        662.62783242445983     
           2         246   13.743829662373473        16.000000000000000        6.8037733621092134     
           2         247   3.3331536560918256        16.000000000000000        4.6428914799830858     
           2         248   8.1627718353252767        16.000000000000000        4.9984821213547495     
           2         249   3.3514995000834737        16.000000000000000        4.6438661006223514     
           2         250   3.3111244044177224        16.000000000000000        4.6419768771425458     
           2         251   3.3447256494205333        16.000000000000000        4.6438645746690677     
           2         252   779.53080216837520        16.000000000000000        701.56079329238480     
           2         253   3.3469801495901832        16.000000000000000        4.6428919577828722     
           2         254   3.3608358911161114        16.000000000000000        4.6428919577828722     
           2         255   3.3340228810935910        16.000000000000000        4.6428907633121499     
           2         256   3.4315193345857673        16.000000000000000        4.6460083899902571     
           2         257   3.3172526025323488        16.000000000000000        4.6428903651765827     
           2         258   3.3230472471824135        16.000000000000000        4.6428914799830858     
           2         259   3.6920714255137810        16.000000000000000        4.6430036884609907     
           2         260   10.425220888065335        16.000000000000000        6.8021868688441369     
           2         261   3.3309654520860237        16.000000000000000        4.6428919577828722     
           2         262   3.4476679923086628        16.000000000000000        4.6429085504756538     
           2         263   14.930056300499823        16.000000000000000        9.7021483892653055     
           2         264   3.3725687828606032        16.000000000000000        4.6428919577828722     
           2         265   27.495940405388520        16.000000000000000        23.783289345533131     
           2         266   3.3091456091833238        16.000000000000000        4.6419753811289874     
           2         267   3.3874401051494991        16.000000000000000        4.6449035214072136     
           2         268   3.3772574398202440        16.000000000000000        4.6438661006223514     
           2         269   10.479149361098806        16.000000000000000        6.8051438999554161     
           2         270   3.4049697622605342        16.000000000000000        4.6438662701817961     
           2         271   3.3833991809650117        16.000000000000000        4.6438628793380108     
           2         272   3.3565843060791654        16.000000000000000        4.6429087097660560     
           2         273   3.3166166631096163        16.000000000000000        4.6428914799830858     
           2         274   8.1162656687656831        16.000000000000000        4.9974330106413696     
           2         275   3.3236257480537588        16.000000000000000        4.6428919577828722     
           2         276   3.3017597169549435        16.000000000000000        4.6419757551173575     
           2         277   3.6600262725435964        16.000000000000000        4.6439714345320464     
           2         278   3.3551312936643489        16.000000000000000        4.6428919577828722     
           2         279   3.3908785387143352        16.000000000000000        4.6429087097660560     
           2         280   3.3238645046006527        16.000000000000000        4.6428919577828722     
           2         281   3.3195965234098908        16.000000000000000        4.6428919577828722     
           2         282   3.3549730812083522        16.000000000000000        4.6438657615089136     
           2         283   14.367719144287751        16.000000000000000        6.8064096088789761     
           2         284   3.3456259512577584        16.000000000000000        4.6438649985301810     
           2         285   3.2986392683457235        16.000000000000000        4.6419764283216436     
           2         286   3.3549820142448921        16.000000000000000        4.6438657615089136     
           2         287   3.3374927790697684        16.000000000000000        4.6428919577828722     
           2         288   3.3326459927146015        16.000000000000000        4.6428919577828722     
           2         289   3.3190955989395201        16.000000000000000        4.6428919577828722     
           2         290   3.4006597273239225        16.000000000000000        4.6438657615089136     
           2         291   3.3056266720853462        16.000000000000000        4.6411172466100945     
           2         292   3.4210155069653232        16.000000000000000        4.6460083899902571     
           2         293   3.6010148125326253        16.000000000000000        4.6430026765291981     
           2         294   3.3152979488736030        16.000000000000000        4.6428919577828722     
           2         295   3.3305293770415894        16.000000000000000        4.6428919577828722     
           2         296   3.3316798418094788        16.000000000000000        4.6419767275339696     
           2         297   3.3277671122082197        16.000000000000000        4.6428919577828722     
           2         298   3.3182942861554787        16.000000000000000        4.6428919577828722     
           2         299   3.3217743383529208        16.000000000000000        4.6428914799830858     
           2         300   3.3174758521643941        16.000000000000000        4.6428903651765827     
           2         301   3.3772019529196693        16.000000000000000        4.6438654224027021     
           2         302   3.3124681078063718        16.000000000000000        4.6419738852753909     
           2         303   8.2409208567899945        16.000000000000000        4.9974510525011766     
           2         304   3.3795676041047082        16.000000000000000        4.6429087097660560     
           2         305   3.4970264450841029        16.000000000000000        4.6439714345320464     
           2         306   3.3639105800135769        16.000000000000000        4.6419738852753909     
           2         307   3.4024990813423637        16.000000000000000        4.6419914839869616     
           2         308   3.4609614694797295        16.000000000000000        4.6438839468289137     
           2         309   3.2968089715816964        16.000000000000000        4.6411173871511515     
           2         310   3.3234563062363196        16.000000000000000        4.6419738852753909     
           2         311   3.3226120453331265        16.000000000000000        4.6428911614584436     
           2         312   3.3007235008209261        16.000000000000000        4.6419767275339696     
           2         313   3.3179735501764807        16.000000000000000        4.6428919577828722     
           2         314   3.3337470312186173        16.000000000000000        4.6428919577828722     
           2         315   3.3610080698138076        16.000000000000000        4.6428914799830858     
           2         316   3.3568862108360835        16.000000000000000        4.6428917985145919     
           2         317   3.3712233995907130        16.000000000000000        4.6449037019309589     
           2         318   3.3542130719580596        16.000000000000000        4.6438649985301810     
           2         319   3.3626467424489586        16.000000000000000        4.6428919577828722     
           2         320   3.3322975010744869        16.000000000000000        4.6428919577828722     
           2         321   10.249705376390077        16.000000000000000        6.8008400097401562     
           2         322   3.3695347030147627        16.000000000000000        4.6449018967802242     
           2         323   12.249718511999914        16.000000000000000        6.8027957725601835     
           2         324   3.3876610996756176        16.000000000000000        4.6429085504756538     
           2         325   3.3823844500894138        16.000000000000000        4.6429085504756538     
           2         326   3.3449632219775274        16.000000000000000        4.6428919577828722     
           2         327   3.3061710206614396        16.000000000000000        4.6419768771425458     
           2         328   3.3071959320020570        16.000000000000000        4.6419767275339696     
           2         329   3.3384098884386679        16.000000000000000        4.6428917985145919     
           2         330   3.3960514603644314        16.000000000000000        4.6438828445865976     
           2         331   3.3331515224585448        16.000000000000000        4.6428919577828722     
           2         332   8.0281149564379266        16.000000000000000        4.9955207320797479     
           2         333   10.447022845531530        16.000000000000000        6.8021861664595153     
           2         334   3.3169685886714424        16.000000000000000        4.6428919577828722     
           2         335   3.3160913108474745        16.000000000000000        4.6419768771425458     
           2         336   11.780339576498465        16.000000000000000        6.8037740931953472     
           2         337   3.3354760862425281        16.000000000000000        4.6428919577828722     
           2         338   10.676488541419609        16.000000000000000        6.8051708001717639     
           2         339   3.2945472007469694        16.000000000000000        4.6419768771425458     
           2         340   3.6650294318819694        16.000000000000000        4.6430030657250771     
           2         341   3.2938502565852561        16.000000000000000        4.6419764283216436     
           2         342   3.3168263196516667        16.000000000000000        4.6428919577828722     
           2         343   11.675687520048914        16.000000000000000        6.8052884355178254     
           2         344   3.3880155973612598        16.000000000000000        4.6449018967802242     
           2         345   3.3281920098125970        16.000000000000000        4.6428919577828722     
           2         346   3.3518876211924815        16.000000000000000        4.6438661006223514     
           2         347   3.3167155409978362        16.000000000000000        4.6428907633121499     
           2         348   3.3395853746211270        16.000000000000000        4.6428914799830858     
           2         349   3.2778296639604254        16.000000000000000        4.6411169655324525     
           2         350   3.3476393881711011        16.000000000000000        4.6438662701817961     
           2         351   3.3096796006572742        16.000000000000000        4.6419757551173575     
           2         352   3.3517922609840487        16.000000000000000        4.6428919577828722     
           2         353   10.429120443958425        16.000000000000000        6.8021868688441369     
           2         354   3.3270237171081671        16.000000000000000        4.6428919577828722     
           2         355   3.3568274598498431        16.000000000000000        4.6438661006223514     
           2         356   10.434715988290288        16.000000000000000        6.8021868688441369     
           2         357   10.276095618865673        16.000000000000000        6.8021868688441369     
           2         358   3.3062349848125017        16.000000000000000        4.6419761291157196     
           2         359   3.2821095949222885        16.000000000000000        4.6411173871511515     
           2         360   3.3763046113217086        16.000000000000000        4.6448996406139393     
           2         361   3.4218618551706208        16.000000000000000        4.6460074289817248     
           2         362   3.3304906908034200        16.000000000000000        4.6428914799830858     
           2         363   3.3481985082444696        16.000000000000000        4.6438661006223514     
           2         364   3.2794319012382713        16.000000000000000        4.6411173871511515     
           2         365   8.1760141899551328        16.000000000000000        4.9974510525011766     
           2         366   3.3423440943217391        16.000000000000000        4.6438662701817961     
           2         367   10.475295846741036        16.000000000000000        6.8022115003804764     
           2         368   3.3444386037052136        16.000000000000000        4.6428919577828722     
           2         369   3.3874643053376201        16.000000000000000        4.6419921572866008     
           2         370   3.3536613008666318        16.000000000000000        4.6411314569167139     
           2         371   3.3782996994761083        16.000000000000000        4.6438649985301810     
           2         372   10.318799166523581        16.000000000000000        6.8008414392483365     
           2         373   3.3312685551091947        16.000000000000000        4.6428919577828722     
           2         374   3.3284728363524096        16.000000000000000        4.6428919577828722     
           2         375   3.3801462829003204        16.000000000000000        4.6449031603654554     
           2         376   3.3722356817362114        16.000000000000000        4.6429085504756538     
           2         377   3.4686579115865035        16.000000000000000        4.6460272179538196     
           2         378   3.3406039219119119        16.000000000000000        4.6438657615089136     
           2         379   3.3788093119274092        16.000000000000000        4.6449023480498175     
           2         380   3.4292402880574380        16.000000000000000        4.6429079133310118     
           2         381   3.4408848568496162        16.000000000000000        4.6429075151294308     
           2         382   3.3958162196095554        16.000000000000000        4.6419914839869616     
           2         383   3.5482702853416952        16.000000000000000        4.6439706056748022     
           2         384   3.6453702894341768        16.000000000000000        4.6439677050360668     
           2         385   6.9348937003222551        16.000000000000000        2.8603840371645330     
           2         386   10.400659340049838        16.000000000000000        6.8021868688441369     
           2         387   3.3384861709227320        16.000000000000000        4.6428907633121499     
           2         388   3.5441865391781566        16.000000000000000        4.6450015680578822     
           2         389   8.0504006536801498        16.000000000000000        4.9974330106413696     
           2         390   3.4136331675677880        16.000000000000000        4.6460083899902571     
           2         391   3.3694548045280910        16.000000000000000        4.6438661006223514     
           2         392   12.116920285002646        16.000000000000000        6.7988188436465142     
           2         393   3.3291728728170273        16.000000000000000        4.6428919577828722     
           2         394   3.3156687255915043        16.000000000000000        4.6428919577828722     
           2         395   9.6825820059200751        16.000000000000000        4.9956537320440058     
           2         396   3.6783968967560550        16.000000000000000        4.6439714345320464     
           2         397   3.3536659936321045        16.000000000000000        4.6438654224027021     
           2         398   10.435694144642095        16.000000000000000        6.8036183859859296     
           2         399   3.3205969988225403        16.000000000000000        4.6419764283216436     
           2         400   3.3368237449101024        16.000000000000000        4.6428919577828722     
           2         401   3.3265101011538842        16.000000000000000        4.6428919577828722     
           2         402   3.3681349741328641        16.000000000000000        4.6438661006223514     
           2         403   3.3610062609299143        16.000000000000000        4.6419926061710681     
           2         404   11.902382412484110        16.000000000000000        6.8037740931953472     
           2         405   3.3015635350593078        16.000000000000000        4.6419767275339696     
           2         406   3.3819048854087708        16.000000000000000        4.6449035214072136     
           2         407   3.3910051773094745        16.000000000000000        4.6429085504756538     
           2         408   12.265695544427697        16.000000000000000        6.8037728747319628     
           2         409   3.3979051606246831        16.000000000000000        4.6449023480498175     
           2         410   3.3797370525953192        16.000000000000000        4.6429085504756538     
           2         411   3.3556340030950444        16.000000000000000        4.6419918580382937     
