  economy_id theta_n theta
           1           1   3.5698217230302927     
           1           2  -2.1273624865156386     
           1           3 -0.27022297813734197     
           1           4  0.52892762058405174     
           1           5  -7.4177969280387016E-002
           1           6 -0.38551103591938640     
           1           7  0.53569330430862960     
           1           8 -0.12938908085716791     
           1           9   2.0171603071462885     
           1          10   7.9840602169824635     
           1          11  0.73659585030420993     
           1          12   6.4757404455956671     
           1          13 -0.70772595368719793     
           1          14  -2.5099030734646304     
           1          15  -5.1299488996493636     
           1          16  -5.4117964902734679     
           1          17  -7.1303657483632232     
           1          18  0.74023524323444601     
           1          19   26.861652571537441     
           1          20   10.120049633971178     
           1          21  0.25000000000000000     
           1          22 -0.10000000000000001     
           1          23   34.132193000000001     
           1          24   36.317073999999998     
           1          25   38.719518000000001     
           1          26   42.635541000000003     
           1          27   48.365831999999997     
           1          28   54.156267000000000     
           1          29   5.7770260000000002     
           1          30   20.323433000000001     
           1          31   19.127730000000000     
           1          32   28.718855999999999     
           1          33   25.420002000000000     
           1          34   10.463941699999999     
           1          35   10.025871400000000     
           1          36   13.373343400000000     
           1          37   17.908985800000000     
           1          38   24.367760900000000     
           1          39   27.564488500000000     
           1          40   13.894833900000000     
           1          41  -32.657029579687503     
           1          42  -72.445515000000000     
           1          43   1131.0569885000000     
           1          44   541.34481819999996     
           1          45  -37.012732100000001     
           1          46  -7.4967769999999998     
           1          47  -508.38637160000002     
           1          48   914.12223310000002     
           1          49   52.328507299999998     
           1          50   47.425174100000000     
           1          51   9.0460159999999998     
           1          52   33.967639599999998     
           1          53   35.063764499999998     
           1          54   8.8228653000000001     
           1          55   63.621715100000003     
           1          56   40.834364700000002     
           1          57  0.48450789999999999     
           1          58   44.873897900000003     
           1          59   27.250420299999998     
           1          60   5.2169207999999996     
           1          61   276.34917059999998     
           1          62   286.60912039999999     
           2           1   3.5698217230302927     
           2           2  -2.1273624865156386     
           2           3 -0.27022297813734197     
           2           4  0.52892762058405174     
           2           5  -7.4177969280387016E-002
           2           6 -0.38551103591938640     
           2           7  0.53569330430862960     
           2           8 -0.12938908085716791     
           2           9   2.0171603071462885     
           2          10   7.9840602169824635     
           2          11  0.73659585030420993     
           2          12   6.4757404455956671     
           2          13 -0.70772595368719793     
           2          14  -2.5099030734646304     
           2          15  -5.1299488996493636     
           2          16  -5.4117964902734679     
           2          17  -7.1303657483632232     
           2          18  0.74023524323444601     
           2          19   26.861652571537441     
           2          20   10.120049633971178     
           2          21  0.25000000000000000     
           2          22 -0.10000000000000001     
           2          23   34.132193000000001     
           2          24   36.317073999999998     
           2          25   38.719518000000001     
           2          26   42.635541000000003     
           2          27   48.365831999999997     
           2          28   54.156267000000000     
           2          29   5.7770260000000002     
           2          30   20.323433000000001     
           2          31   19.127730000000000     
           2          32   28.718855999999999     
           2          33   25.420002000000000     
           2          34   10.463941699999999     
           2          35   10.025871400000000     
           2          36   13.373343400000000     
           2          37   17.908985800000000     
           2          38   24.367760900000000     
           2          39   27.564488500000000     
           2          40   13.894833900000000     
           2          41  -32.657029579687503     
           2          42  -72.445515000000000     
           2          43   1131.0569885000000     
           2          44   541.34481819999996     
           2          45  -37.012732100000001     
           2          46  -7.4967769999999998     
           2          47  -508.38637160000002     
           2          48   914.12223310000002     
           2          49   52.328507299999998     
           2          50   47.425174100000000     
           2          51   9.0460159999999998     
           2          52   33.967639599999998     
           2          53   35.063764499999998     
           2          54   8.8228653000000001     
           2          55   63.621715100000003     
           2          56   40.834364700000002     
           2          57  0.48450789999999999     
           2          58   44.873897900000003     
           2          59   27.250420299999998     
           2          60   5.2169207999999996     
           2          61   276.34917059999998     
           2          62   286.60912039999999     
