  economy_id district_id expected_wage_bill budget belief_expected_Wage_bill
           1           1   867.09267697156292        746.02634913427732        130.91107885580760     
           1           2   387.45939798447654        730.00205520171698        130.66178715351026     
           1           3   867.12408347445671        812.13131781794505        130.91111104150664     
           1           4   621.52301497393000        879.73257045303069        130.79791600180027     
           1           5   733.11444421399221        892.08531921217389        130.85203475035374     
           1           6   387.46776238950270        719.57133198657971        130.66180090440923     
           1           7   528.70726350796792        770.51415193997877        130.74842143630070     
           1           8   2888.5844512058534        847.81994000000009        519.45899486129042     
           1           9   387.48030979816758        839.62383399145313        130.66182153158337     
           1          10   387.44894307909783        892.78563188813780        130.66176996551121     
           1          11   387.44894307909783        734.54369391175521        130.66176996551121     
           1          12   2098.1056296929123        750.95830325015083        140.90971341060072     
           1          13   451.54335674244885        843.51970419447957        130.70314955161055     
           1          14   621.52301497393000        824.34636712880501        130.79791600180027     
           1          15   387.38622767125094        905.20474613427723        130.66166685201529     
           1          16   451.56600454035259        722.31364423035450        130.70318341752696     
           1          17   528.63163941728033        763.09433259513492        130.74831855519213     
           1          18   733.13189826592100        784.43033082992019        130.85205440669955     
           1          19   528.63163941728033        857.64608070867075        130.74831855519213     
           1          20   621.43216476244208        858.14572420330421        130.79780355065898     
           1          21   451.56600454035259        745.22438740673249        130.70318341752696     
           1          22   733.05336126653094        736.66703763427734        130.85196595797103     
           1          23   733.13189826592100        814.09646003950354        130.85205440669955     
           1          24   867.04557111654776        829.90240306341491        130.91103058006368     
           1          25   387.48030979816758        832.19614438817291        130.66182153158337     
           1          26   621.50484281152205        686.61110849241607        130.79789350980712     
           1          27   451.57607103805634        742.39850241470356        130.73726704696085     
           1          28   451.55593854093070        707.56589125372864        130.70316836570785     
           1          29   733.09699095367205        794.29629813427755        130.85201509462163     
           1          30   2092.8563819603924        818.09641973827740        305.86063525134642     
           1          31   50.041751269910336        831.96290993549997        2435.4184706110041     
           1          32   621.54118819622283        708.97303045125409        130.79793849467575     
           1          33   451.58110447376407        727.99354100676146        130.70320599615548     
           1          34   528.63163941728033        708.61200586777238        130.74831855519213     
           1          35   866.91474607524162        783.35426596376840        130.91089649841859     
           1          36   528.70726350796792        662.21232041784663        130.74842143630070     
           1          37   451.57607103805634        703.24412809368050        130.70319846982571     
           1          38   621.41399790073308        761.50972104613186        130.79778106307751     
           1          39   732.96611673895632        753.81829965364170        130.85186769615214     
           1          40   621.57026755624997        778.37803636699721        130.79797448511459     
           1          41   387.47612722180060        667.42455816565223        130.66181465574587     
           1          42   528.63163941728033        703.15502213196885        130.74831855519213     
           1          43   451.55593854093070        742.60527513427746        130.70316836570785     
           1          44   621.54118819622283        768.84241279437288        130.79793849467575     
           1          45   528.73449374025620        746.75895744697868        130.74877515906607     
           1          46   733.13189826592100        645.66787458766566        130.85205440669955     
           1          47   23.638840292508814        780.95737460713883        2457.0484793936103     
           1          48   451.56600454035259        724.40778827638599        130.70318341752696     
           1          49   19.940526509071208        897.42869186070800        3270.6444054387507     
           1          50   3376.3003657592444        939.51210713427736        194.31294158531051     
           1          51   387.45939798447654        653.98189103348830        130.66178715351026     
           1          52   621.55572753711499        703.96686683670464        130.79831152023257     
           1          53   387.44894307909783        690.41634456144322        130.66176996551121     
           1          54   733.07517549156830        779.79519280667307        130.85199052581825     
           1          55   867.11361440909423        850.21512775618999        130.91110031277427     
           1          56   387.43848884144455        678.80737888842157        130.69281524298646     
           1          57   528.61651732504993        685.90784485070799        130.74829798141170     
           1          58   867.12408347445671        733.41183112553949        130.91111104150664     
           1          59   732.96611673895632        747.03310732668274        130.85186769615214     
           1          60   621.50484281152205        812.36731536013212        130.79789350980712     
           1          61   35.012865126484861        779.64743786250006        3211.5948905681735     
           1          62   387.44894307909783        726.93088522777862        130.66176996551121     
           1          63   621.50484281152205        730.22546947510250        130.79789350980712     
           1          64   867.11361440909423        793.11584613427749        130.91110031277427     
           1          65   451.46788230676407        788.31316996072519        130.70303668276986     
           1          66   1399.5869925475051        686.34832117505994        191.50539797815586     
           1          67   387.45939798447654        753.24348489750423        130.66178715351026     
           1          68   451.48045943197758        748.06798881068403        130.70305549236971     
           1          69   451.54335674244885        761.88395660213541        130.70343137159512     
           1          70   866.88858540117246        825.35939906754948        130.91086968520366     
           1          71   451.54335674244885        665.91443313427726        130.70314955161055     
           1          72   528.69213687281501        718.08906407965742        130.74840085845202     
           1          73   528.69213687281501        744.35692682139415        130.74840085845202     
           1          74   867.07174045829595        764.99475699637821        130.91105739950487     
           1          75   387.45939798447654        789.21875956510655        130.66178715351026     
           1          76   387.38622767125094        714.59768782959259        130.66166685201529     
           1          77   733.11444421399221        703.13223809192584        130.85203475035374     
           1          78   732.94430870068368        771.06643513427753        130.85184313308847     
           1          79   867.09267697156292        764.19878759381390        130.91107885580760     
           1          80   1551.3080015409910        815.64476544048546        193.89867828323392     
           1          81   732.96611673895632        696.05650501216780        130.85186769615214     
           1          82   621.41399790073308        734.41128037112878        130.79778106307751     
           1          83   387.38622767125094        728.82572765161990        130.66166685201529     
           1          84   867.01940321917129        783.95991864255143        130.91100376166074     
           1          85   1499.4159199479077        753.00845955212401        193.88200487356292     
           1          86   867.04557111654776        678.15190902461188        130.91147411970962     
           1          87   621.41399790073308        707.02572507277375        130.79778106307751     
           1          88   1201.1555080918940        754.17214925185033        191.44475090602612     
           1          89   732.94430870068368        775.81572507601049        130.85184313308847     
           1          90   867.12408347445671        809.76308433265456        130.91111104150664     
           1          91   732.96611673895632        634.22207183756154        130.85226488153376     
           1          92   621.57753782012855        716.37480891784662        130.79798348307523     
           1          93   733.11444421399221        719.80155864692961        130.85203475035374     
           1          94   528.73449374025620        765.15175447177603        130.74845847848118     
           1          95   528.70726350796792        823.26747396179405        130.74873811355249     
           1          96   1279.4399357103591        662.56630913008405        140.73461512600250     
           1          97   451.46788230676407        674.66849719635388        130.70303668276986     
           1          98   451.48045943197758        705.17085622101092        130.70333730370012     
           1          99   528.70726350796792        754.71075341784672        130.74842143630070     
           1         100   451.46788230676407        781.99127403642387        130.70303668276986     
           1         101   732.96611673895632        685.86941870384078        130.85186769615214     
           1         102   621.43216476244208        680.79624594590882        130.79815856781042     
           1         103   732.96611673895632        708.43069755601766        130.85186769615214     
           1         104   867.04557111654776        727.15202768721861        130.91103058006368     
           1         105   387.43848884144455        790.15410177513832        130.66175277820074     
           1         106   451.58110447376407        698.21857413427722        130.70320599615548     
           1         107   528.72239105147628        739.74089801343735        130.78579986642976     
           1         108   387.43848884144455        717.04908735891092        130.66200293247181     
           1         109   733.05336126653094        765.94808997378300        130.85196595797103     
           1         110   733.14062558873877        745.06469713643185        130.85206423510300     
           1         111   387.43848884144455        672.66705654672489        130.66175277820074     
           1         112   867.11361440909423        730.56216471392872        130.91110031277427     
           1         113   733.11444421399221        752.57325513427747        130.85203475035374     
           1         114   1279.4545797429125        748.14114783220805        140.73462399196012     
           1         115   451.55593854093070        795.23876653916818        130.70345018742347     
           1         116   621.41399790073308        656.75228555633362        130.83873488432064     
           1         117   3704.9152799091321        756.34916685448525        177.30795408478468     
           1         118   1926.9181607804685        808.05841714251619        191.70520969759716     
           1         119   4853.3226954826714        858.02244273141605        194.66821244649626     
           1         120   732.96611673895632        791.78420813427749        130.85186769615214     
           1         121   621.55572753711499        696.25576214205114        130.83891871762344     
           1         122   733.13189826592100        696.50793644934720        130.85205440669955     
           1         123   733.14062558873877        749.81535045767828        130.85206423510300     
           1         124   528.73449374025620        820.41058303739237        130.74845847848118     
           1         125   621.52301497393000        823.53825419950169        130.79827102885500     
           1         126   867.12408347445671        668.70988234657671        130.91155458795041     
           1         127   3456.8163094550755        805.58441641784657        479.81932616107861     
           1         128   621.43216476244208        727.11268698078709        130.79780355065898     
           1         129   451.53077572266290        781.55605462731432        130.70313073826497     
           1         130   621.57753782012855        830.64044766562245        130.79798348307523     
           1         131   733.05336126653094        678.45860221286136        130.85196595797103     
           1         132   3190.3611090491586        798.75571332984657        398.22022631656273     
           1         133   77.392097506628659        896.22677312799988        10230.645835211015     
           1         134   867.09267697156292        765.07901913427736        130.91107885580760     
           1         135   733.05336126653094        836.65971203352353        130.85196595797103     
           1         136   48.825071169150362        802.98995001196931        3956.7818712376170     
           1         137   451.58110447376407        709.42348125254341        130.70320599615548     
           1         138   387.39667856934653        740.19905006127112        130.66168403587014     
           1         139   866.91474607524162        819.74743413840599        130.91089649841859     
           1         140   937.40703831616406        797.29683029911291        140.64114271002205     
           1         141   53.812188732699518        767.54043899999988        3774.8856259190939     
           1         142   197.42644897494185        810.85646454863854        17888.411004276983     
           1         143   867.11361440909423        751.78048538641667        130.91110031277427     
           1         144   451.56600454035259        770.58198407694113        130.70318341752696     
           1         145   451.48045943197758        824.48145708165941        130.70305549236971     
           1         146   528.63163941728033        686.60584100215613        130.78567053303081     
           1         147   451.55593854093070        742.37711021466123        130.70316836570785     
           1         148   528.70726350796792        707.60722141784686        130.78577830863151     
           1         149   732.94430870068368        794.29375543646393        130.89673986337911     
           1         150   121.54190030662998        972.57894055500014        6880.8583679340245     
           1         151   89.779675161726288        740.21102402827728        13190.592303746093     
           1         152   621.57753782012855        728.34961026271537        130.79798348307523     
           1         153   451.58110447376407        743.43560291536005        130.70320599615548     
           1         154   387.45939798447654        738.75472829203409        130.69285122939351     
           1         155   867.11361440909423        793.40482713427741        130.91110031277427     
           1         156   528.73449374025620        689.51266465377967        130.74845847848118     
           1         157   621.57753782012855        721.46954705388043        130.79798348307523     
           1         158   1926.7153387741039        773.79841998704580        191.64485997265294     
           1         159   387.45939798447654        776.98553579631323        130.69285122939351     
           1         160   867.04557111654776        798.24291748991095        130.91103058006368     
           1         161   2687.8303564623079        671.09948209169431        191.81115684511721     
           1         162   2688.0575110280288        726.95555813427734        191.81126724934302     
           1         163   528.72239105147628        770.31871795293659        130.74844201496506     
           1         164   451.56600454035259        805.48630377175721        130.70318341752696     
           1         165   387.38622767125094        780.11629869771286        130.69272529023476     
           1         166   621.50484281152205        672.96415914353588        130.79789350980712     
           1         167   451.54335674244885        676.31048921081333        130.70314955161055     
           1         168   621.41399790073308        757.91438213693027        130.79778106307751     
           1         169   867.01940321917129        825.94205785070824        130.91100376166074     
           1         170   937.50820914573171        848.36732256432902        140.64148616024764     
           1         171   732.96611673895632        658.69031066092862        130.89676561177714     
           1         172   387.39667856934653        709.46869487790616        130.69274327926982     
           1         173   621.55572753711499        716.93002326736189        130.79795648961229     
           1         174   387.47612722180060        788.02516737629890        130.69288002070303     
           1         175   2687.5059108415967        889.94930532541673        191.81099914553911     
           1         176   58.569637202093595        903.36799156713857        4223.0811224548324     
           1         177   866.91474607524162        704.22059430157833        130.96010710715558     
           1         178   528.73449374025620        760.82360215759832        130.74845847848118     
           1         179   733.11444421399221        757.70394665939386        130.85203475035374     
           1         180   2688.1548737301341        813.28110911937881        191.81131456910344     
           1         181   2687.8303564623079        719.64430067176420        191.81115684511721     
           1         182   937.57904411026777        726.90650826472609        140.64126857568351     
           1         183   451.53077572266290        730.26835513427750        130.70313073826497     
           1         184   732.94430870068368        793.11373798656155        130.85184313308847     
           1         185   621.57026755624997        788.30868267380629        130.79832951731919     
           1         186   528.72239105147628        686.34365745600530        130.74875869406875     
           1         187   733.11444421399221        733.05997993129517        130.85203475035374     
           1         188   733.13189826592100        741.04903790572257        130.89696133389339     
           1         189   451.55593854093070        758.55048754291909        130.70316836570785     
           1         190   621.57753782012855        847.84532313427724        130.79798348307523     
           1         191   451.58110447376407        672.22405063065275        130.70320599615548     
           1         192   621.57026755624997        738.26145233201555        130.79832951731919     
           1         193   528.72239105147628        733.27972979816627        130.74875869406875     
           1         194   528.70726350796792        771.97837431167648        130.78577830863151     
           1         195   1200.9610728263192        802.70386703693578        191.44459929697206     
           1         196   387.47612722180060        719.05643914253437        130.66181465574587     
           1         197   528.69213687281501        704.31075963427725        130.78575675172800     
           1         198   621.55572753711499        780.03750514923934        130.79795648961229     
           1         199   528.75264886327273        736.66003434273523        130.74848317473180     
           1         200   451.56600454035259        815.44356788784296        130.70318341752696     
           1         201   1773.8132986846485        676.93521954827293        140.84607308676664     
           1         202   621.41399790073308        727.74855973078650        130.79778106307751     
           1         203   733.14062558873877        746.88861658646567        130.85206423510300     
           1         204   528.75264886327273        805.42378991784699        130.74848317473180     
           1         205   451.53077572266290        763.97716982479585        130.70313073826497     
           1         206   867.07174045829595        697.26203104083697        130.91105739950487     
           1         207   732.94430870068368        696.50211544004014        130.85184313308847     
           1         208   451.56600454035259        751.85367810060291        130.70318341752696     
           1         209   528.73449374025620        789.86806154433839        130.74845847848118     
           1         210   621.57026755624997        774.19725817859910        130.79797448511459     
           1         211   867.11361440909423        628.71030641784660        130.91110031277427     
           1         212   733.05336126653094        696.19515004031518        130.89686861586350     
           1         213   2687.5059108415967        719.79666948672661        191.81099914553911     
           1         214   621.52301497393000        757.78660325622138        130.79791600180027     
           1         215   451.57607103805634        799.89822791802101        130.70319846982571     
           1         216   733.14062558873877        656.24876464893157        130.85206423510300     
           1         217   2687.9114790631820        691.82897036909696        191.81119627382694     
           1         218   867.04557111654776        725.62392141784687        130.91103058006368     
           1         219   66.195395651893364        936.18785653819998        5145.7830985196279     
           1         220   867.04557111654776        805.35344800590997        130.91103058006368     
           1         221   113.60287897676115        787.26202270199985        15967.995560891934     
           1         222   733.13189826592100        660.61311681715199        130.85205440669955     
           1         223   451.56600454035259        701.41241731334787        130.70318341752696     
           1         224   141.82051048366029        887.23725109599991        17144.933773784196     
           1         225   866.88858540117246        782.48503241784670        130.96007899099962     
           1         226   480.20001556195888        808.64531408500011        33879.318458964080     
           1         227   387.43848884144455        719.55817378524239        130.69281524298646     
           1         228   1926.7153387741039        710.03066326271085        191.64485997265294     
           1         229   2687.9926061416354        765.94259747877732        191.81188787277068     
           1         230   103.31121203968090        958.77848216499990        14205.056306370458     
           1         231   867.11361440909423        688.92128292867221        130.91110031277427     
           1         232   733.09699095367205        749.99650663427735        130.85201509462163     
           1         233   733.09699095367205        741.49800557901574        130.85201509462163     
           1         234   621.54118819622283        768.00460415999123        130.79793849467575     
           1         235   451.58110447376407        817.67813810403106        130.70320599615548     
           1         236   387.48030979816758        646.78222873122695        130.66182153158337     
           1         237   1399.9223863750444        718.06852036803821        191.50563584488580     
           1         238   732.94430870068368        786.79462531902936        130.85184313308847     
           1         239   733.11444421399221        791.36037213427755        130.85203475035374     
           1         240   733.13189826592100        791.78206166499456        130.85205440669955     
           1         241   1926.9406991872186        696.25144803564774        191.64499225399149     
           1         242   387.45939798447654        696.50324215992975        130.66178715351026     
           1         243   387.46776238950270        749.80916107635437        130.69286562480460     
           1         244   451.58110447376407        820.40402883149000        130.70320599615548     
           1         245   404.18141951706303        977.39782128000024        38719.670573777039     
           1         246   2687.9926061416354        685.78196913427723        191.88360472820875     
           1         247   733.13189826592100        747.92457719521190        130.85205440669955     
           1         248   2097.7257409436970        734.12141852319996        140.90954012336141     
           1         249   621.57753782012855        803.85233329683547        130.79798348307523     
           1         250   621.52301497393000        795.09173351671438        130.79791600180027     
           1         251   621.57026755624997        672.89402355294737        130.79797448511459     
           1         252   509.30674346372541        833.37757769999985        42691.492750743972     
           1         253   867.01940321917129        759.99390513427750        130.91100376166074     
           1         254   528.63163941728033        765.07673669609449        130.74831855519213     
           1         255   528.69213687281501        836.65484941973011        130.74840085845202     
           1         256   451.46788230676407        671.46140667133966        130.70303668276986     
           1         257   528.75264886327273        726.59844719808711        130.74848317473180     
           1         258   733.05336126653094        760.59512693088641        130.85196595797103     
           1         259   451.54335674244885        799.59934814985911        130.73721581838041     
           1         260   1926.9181607804685        807.23648441784667        191.64497902492482     
           1         261   621.57753782012855        710.91639336753246        130.79798348307523     
           1         262   528.70726350796792        679.41502489322897        130.74873811355249     
           1         263   1377.2293671660818        743.47876325427728        273.11204084412617     
           1         264   621.55572753711499        757.69624831856015        130.79795648961229     
           1         265   20.680845315823667        750.43928018784663        1199.6837493311084     
           1         266   387.48030979816758        679.19909155147695        130.66182153158337     
           1         267   528.75264886327273        698.80628791784670        130.74848317473180     
           1         268   621.43216476244208        681.74115131283929        130.79780355065898     
           1         269   1200.9286741959818        754.32805384973506        191.44457403234594     
           1         270   867.07174045829595        777.38347041983025        130.91105739950487     
           1         271   733.14062558873877        672.28533332980055        130.85206423510300     
           1         272   387.44894307909783        730.61027034546350        130.66202012140064     
           1         273   528.61651732504993        723.36705121173463        130.74829798141170     
           1         274   1092.6266128002203        749.55228191784681        140.68580042637080     
           1         275   621.52301497393000        783.79501549262716        130.79791600180027     
           1         276   451.53077572266290        673.75541602496503        130.70313073826497     
           1         277   733.11444421399221        711.22816563225149        130.89694072871174     
           1         278   387.48030979816758        739.06589174179339        130.66182153158337     
           1         279   867.04557111654776        718.03053050994845        130.91147411970962     
           1         280   621.52301497393000        757.14742909712288        130.79791600180027     
           1         281   528.61651732504993        624.73428641784665        130.74829798141170     
           1         282   867.01940321917129        695.40123060370070        130.91100376166074     
           1         283   1948.3345406365409        731.19112009204002        191.82522308525839     
           1         284   387.44894307909783        805.48079638352533        130.66176996551121     
           1         285   733.09699095367205        780.10985172155983        130.85201509462163     
           1         286   733.07517549156830        672.95881347570162        130.85199052581825     
           1         287   733.11444421399221        663.05589349223271        130.85203475035374     
           1         288   621.41399790073308        749.52954141784687        130.79778106307751     
           1         289   867.09267697156292        816.82401919646873        130.91107885580760     
           1         290   733.07517549156830        804.13167669739903        130.85199052581825     
           1         291   387.47612722180060        654.34117908095732        130.66181465574587     
           1         292   387.45939798447654        702.48563506874461        130.66178715351026     
           1         293   387.48030979816758        716.92439077562813        130.69288721883257     
           1         294   528.72239105147628        780.63652653769577        130.74844201496506     
           1         295   733.11444421399221        854.01620213427736        130.85203475035374     
           1         296   733.05336126653094        694.75068384362737        130.85196595797103     
           1         297   867.01940321917129        699.50399578540100        130.91100376166074     
           1         298   621.43216476244208        760.81919774314747        130.79780355065898     
           1         299   451.48045943197758        757.69804733263516        130.70305549236971     
           1         300   732.96611673895632        813.27487627021890        130.85186769615214     
           1         301   621.43216476244208        719.61856118718526        130.79780355065898     
           1         302   867.11361440909423        716.43665463427737        130.91110031277427     
           1         303   2097.9789861281779        731.10228893106319        140.91013333278903     
           1         304   732.96611673895632        793.10947892426827        130.85226488153376     
           1         305   387.47612722180060        788.30426734682464        130.69288002070303     
           1         306   451.53077572266290        686.33761747462859        130.70313073826497     
           1         307   387.47612722180060        712.87605725800017        130.66206481584118     
           1         308   451.57607103805634        734.01182458268090        130.70348029431079     
           1         309   451.57607103805634        758.59293813427746        130.70319846982571     
           1         310   733.11444421399221        847.84302320380880        130.85203475035374     
           1         311   528.63163941728033        672.21953417792463        130.74831855519213     
           1         312   451.58110447376407        738.25663949737020        130.70320599615548     
           1         313   621.54118819622283        733.27345608080100        130.79793849467575     
           1         314   621.57026755624997        790.96172553600002        130.79797448511459     
           1         315   733.14062558873877        825.12159464583920        130.85206423510300     
           1         316   528.74659701029429        701.81734113427729        130.74847494251850     
           1         317   732.96611673895632        699.59631004122400        130.85186769615214     
           1         318   451.46788230676407        753.51280842655251        130.70303668276986     
           1         319   733.09699095367205        728.41902543595324        130.85201509462163     
           1         320   451.54335674244885        803.25630031178594        130.70314955161055     
           1         321   1926.9406991872186        675.85348492926505        191.64499225399149     
           1         322   732.96611673895632        722.21346410456931        130.85186769615214     
           1         323   1234.4363907207000        675.61249770141603        191.55931335444185     
           1         324   867.09267697156292        779.51736950932752        130.91152239953232     
           1         325   528.61651732504993        743.23653853080395        130.74861464755418     
           1         326   866.88858540117246        686.23166196084424        130.91086968520366     
           1         327   733.11444421399221        690.98991013596822        130.85203475035374     
           1         328   387.44894307909783        734.19265625927346        130.66176996551121     
           1         329   733.09699095367205        792.34711609363592        130.85201509462163     
           1         330   733.09699095367205        784.24555613427754        130.85241229271440     
           1         331   387.47612722180060        646.74958959569744        130.66181465574587     
           1         332   2097.6624383875605        677.14660163832127        140.90951124606622     
           1         333   1639.0353286932768        725.61235358810211        191.57212450646188     
           1         334   528.70726350796792        751.67497190037705        130.74842143630070     
           1         335   733.07517549156830        806.29358170449404        130.85199052581825     
           1         336   1639.0822253031329        650.98636038080349        191.62708442039349     
           1         337   451.55593854093070        680.21742891784675        130.70316836570785     
           1         338   1926.7153387741039        699.39838329478380        191.64538198926644     
           1         339   733.05336126653094        760.81486892144051        130.85196595797103     
           1         340   387.46776238950270        827.78429565583542        130.69286562480460     
           1         341   866.91474607524162        706.84747922797692        130.91089649841859     
           1         342   733.07517549156830        685.49449104471796        130.85199052581825     
           1         343   2687.4248106336636        734.92243649230011        191.88331533499286     
           1         344   387.43848884144455        717.75450191784682        130.66175277820074     
           1         345   528.70726350796792        790.19739463073472        130.74842143630070     
           1         346   528.69213687281501        698.21087314622503        130.74840085845202     
           1         347   387.38622767125094        720.68573891092569        130.66166685201529     
           1         348   387.48030979816758        716.61224871195748        130.66182153158337     
           1         349   621.54118819622283        764.31161481724644        130.79793849467575     
           1         350   387.44894307909783        777.08329182250270        130.66176996551121     
           1         351   867.07174045829595        691.91508213427733        130.91105739950487     
           1         352   621.50484281152205        773.43102883510130        130.79789350980712     
           1         353   1201.2073700822596        766.16393765691373        191.44479134127417     
           1         354   528.73449374025620        761.01586385913652        130.74845847848118     
           1         355   621.43216476244208        825.38623969257981        130.79780355065898     
           1         356   1926.9181607804685        665.89192418451046        191.64497902492482     
           1         357   2687.5059108415967        718.04352092788099        191.81099914553911     
           1         358   621.57026755624997        786.84289513427757        130.79797448511459     
           1         359   866.91474607524162        791.35791964079965        130.91089649841859     
           1         360   733.11444421399221        791.77781516612231        130.85203475035374     
           1         361   528.70726350796792        696.24730239569851        130.74842143630070     
           1         362   867.01940321917129        696.49775298309942        130.91100376166074     
           1         363   528.74659701029429        749.80348177773351        130.74847494251850     
           1         364   621.43216476244208        798.07751575965813        130.79780355065898     
           1         365   1279.3081552408689        803.66852013427729        140.73487639762874     
           1         366   733.14062558873877        666.66465660470931        130.85206423510300     
           1         367   1638.8008878885787        747.92004641728488        191.57243886445156     
           1         368   621.57753782012855        734.11697261615404        130.79798348307523     
           1         369   528.69213687281501        803.84638487862287        130.74871753385199     
           1         370   732.94430870068368        795.08552846205555        130.85224031635167     
           1         371   451.46788230676407        678.10948560734130        130.70303668276986     
           1         372   2272.5924044367357        708.96130413427738        191.72439470925869     
           1         373   867.01940321917129        786.21450318469010        130.91100376166074     
           1         374   732.96611673895632        766.32506225900261        130.85186769615214     
           1         375   387.47612722180060        846.52142020908673        130.66181465574587     
           1         376   867.01940321917129        647.85564190542209        130.91144729904028     
           1         377   733.14062558873877        719.93019814140860        130.85246143743305     
           1         378   866.88858540117246        739.33164490493198        130.91086968520366     
           1         379   451.46788230676407        792.23810913427747        130.70303668276986     
           1         380   387.39667856934653        807.23431467627756        130.66193418367067     
           1         381   867.04557111654776        710.91209401236893        130.91147411970962     
           1         382   621.41399790073308        679.41099645259226        130.79813607824835     
           1         383   866.91474607524162        761.93501490067638        130.96010710715558     
           1         384   867.11361440909423        757.69005374580297        130.96032082709141     
           1         385   835.44455569740501        678.26021043569335        80.570861890129493     
           1         386   1926.9181607804685        697.60463141784669        191.64497902492482     
           1         387   621.55572753711499        712.04082091238558        130.79795648961229     
           1         388   621.43216476244208        709.09363268294078        130.83875844940218     
           1         389   1279.4106487000399        762.55951905870188        140.73459739451309     
           1         390   732.94430870068368        817.14173503054451        130.85184313308847     
           1         391   387.39667856934653        688.03583619461619        130.66168403587014     
           1         392   1444.4664222677875        651.47492767433619        191.40316729192085     
           1         393   866.91474607524162        744.11598885070828        130.91089649841859     
           1         394   867.12408347445671        767.20977716984078        130.91111104150664     
           1         395   1171.2789255677819        745.30731853648967        140.64700329530569     
           1         396   528.61651732504993        694.74082534033755        130.78564898058571     
           1         397   451.55593854093070        736.11500611742213        130.70316836570785     
           1         398   1926.4900309368711        772.59150392587685        191.64472771207576     
           1         399   867.12408347445671        748.54071173872762        130.91111104150664     
           1         400   621.43216476244208        796.95185413427737        130.79780355065898     
           1         401   528.70726350796792        646.79653764193108        130.74842143630070     
           1         402   732.96611673895632        725.81443668467523        130.85186769615214     
           1         403   732.96611673895632        790.70734813098784        130.85226488153376     
           1         404   1399.8911794170176        813.70977770286549        191.55570589600813     
           1         405   387.44894307909783        792.25881687977187        130.66176996551121     
           1         406   528.73449374025620        676.63775295949995        130.74845847848118     
           1         407   621.41399790073308        686.85644763427729        130.79813607824835     
           1         408   1201.1814384247862        756.00214270847960        191.49044758652218     
           1         409   621.54118819622283        853.46765327191440        130.79793849467575     
           1         410   867.01940321917129        843.89035184696502        130.91144729904028     
           1         411   528.72239105147628        671.68558473223436        130.74875869406875     
           2           1   457.18884428589314        746.02634913427732        130.70305549236971     
           2           2   879.41037450296164        730.00205520171698        130.91110031277427     
           2           3   535.63781093826140        812.13131781794505        130.74844201496506     
           2           4   743.26585644844806        879.73257045303069        130.85203475035374     
           2           5   879.34128849270814        892.08531921217389        130.91103058006368     
           2           6   879.38911621381499        719.57133198657971        130.91107885580760     
           2           7   535.66851530605254        770.51415193997877        130.74848317473180     
           2           8   1675.6845938046251        847.81994000000009        356.51957611758775     
           2           9   743.22599294736619        839.62383399145313        130.85199052581825     
           2          10   457.28584679331180        892.78563188813780        130.70319846982571     
           2          11   879.31471958855036        734.54369391175521        130.91100376166074     
           2          12   948.94708182395561        750.95830325015083        140.64123525495671     
           2          13   457.26542142154830        843.51970419447957        130.70316836570785     
           2          14   392.19758031910663        824.34636712880501        130.66182153158337     
           2          15   457.23989254995536        905.20474613427723        130.70313073826497     
           2          16   879.18189705761688        722.31364423035450        130.91086968520366     
           2          17   535.62246013637048        763.09433259513492        130.74842143630070     
           2          18   457.23989254995536        784.43033082992019        130.70313073826497     
           2          19   457.17608419510134        857.64608070867075        130.70303668276986     
           2          20   535.53037467785953        858.14572420330421        130.74829798141170     
           2          21   392.19758031910663        745.22438740673249        130.66182153158337     
           2          22   629.79059961149812        736.66703763427734        130.79778106307751     
           2          23   457.18884428589314        814.09646003950354        130.70305549236971     
           2          24   879.36785886262101        829.90240306341491        130.91105739950487     
           2          25   535.66851530605254        832.19614438817291        130.74848317473180     
           2          26   629.80903821391701        686.61110849241607        130.79780355065898     
           2          27   392.11275113178772        742.39850241470356        130.69274327926982     
           2          28   392.18485317820682        707.56589125372864        130.66180090440923     
           2          29   743.09314398580045        794.29629813427755        130.85184313308847     
           2          30   2107.3538378650228        818.09641973827740        305.86063525134642     
           2          31   60.896289121416771        831.96290993549997        2606.7120851214595     
           2          32   629.80903821391701        708.97303045125409        130.79780355065898     
           2          33   457.25265659085352        727.99354100676146        130.70314955161055     
           2          34   392.16576429489999        708.61200586777238        130.66176996551121     
           2          35   743.22599294736619        783.35426596376840        130.85199052581825     
           2          36   629.94920674077116        662.21232041784663        130.79797448511459     
           2          37   879.31471958855036        703.24412809368050        130.91100376166074     
           2          38   743.24813883480726        761.50972104613186        130.85201509462163     
           2          39   629.80903821391701        753.81829965364170        130.79780355065898     
           2          40   743.20384831515719        778.37803636699721        130.85196595797103     
           2          41   743.22599294736619        667.42455816565223        130.85199052581825     
           2          42   629.94920674077116        703.15502213196885        130.79797448511459     
           2          43   392.16576429489999        742.60527513427746        130.66176996551121     
           2          44   392.19333783048910        768.84241279437288        130.66181465574587     
           2          45   879.41037450296164        746.75895744697868        130.91154385831192     
           2          46   535.54571994998412        645.66787458766566        130.74831855519213     
           2          47   42.179620397699672        780.95737460713883        3086.2127934968476     
           2          48   457.27563385473138        724.40778827638599        130.70318341752696     
           2          49   39.101851664624320        897.42869186070800        3840.6003505434533     
           2          50   4138.7892725286129        939.51210713427736        194.43970976652597     
           2          51   879.18189705761688        653.98189103348830        130.91086968520366     
           2          52   743.22599294736619        703.96686683670464        130.85238772179213     
           2          53   392.19333783048910        690.41634456144322        130.66181465574587     
           2          54   629.88280337997446        779.79519280667307        130.79789350980712     
           2          55   629.79059961149812        850.21512775618999        130.79778106307751     
           2          56   392.10215053131890        678.80737888842157        130.69272529023476     
           2          57   743.29243437498496        685.90784485070799        130.85206423510300     
           2          58   535.60711025590615        733.41183112553949        130.74840085845202     
           2          59   879.20845863147974        747.03310732668274        130.91089649841859     
           2          60   879.36785886262101        812.36731536013212        130.91105739950487     
           2          61   75.418229702524229        779.64743786250006        4160.2946553111997     
           2          62   535.53037467785953        726.93088522777862        130.74829798141170     
           2          63   879.41037450296164        730.22546947510250        130.91110031277427     
           2          64   743.26585644844806        793.11584613427749        130.85203475035374     
           2          65   392.18485317820682        788.31316996072519        130.66180090440923     
           2          66   1215.8048018339546        686.34832117505994        191.44477112332405     
           2          67   879.20845863147974        753.24348489750423        130.91089649841859     
           2          68   879.42100399926744        748.06798881068403        130.91111104150664     
           2          69   457.28584679331180        761.88395660213541        130.70348029431079     
           2          70   629.90124736015002        825.35939906754948        130.79791600180027     
           2          71   629.80903821391701        665.91443313427726        130.79780355065898     
           2          72   743.24813883480726        718.08906407965742        130.85201509462163     
           2          73   879.34128849270814        744.35692682139415        130.91103058006368     
           2          74   457.25265659085352        764.99475699637821        130.70314955161055     
           2          75   629.95658575211030        789.21875956510655        130.79798348307523     
           2          76   457.23989254995536        714.59768782959259        130.70313073826497     
           2          77   535.65009224315907        703.13223809192584        130.74845847848118     
           2          78   743.26585644844806        771.06643513427753        130.85203475035374     
           2          79   879.38911621381499        764.19878759381390        130.91107885580760     
           2          80   1574.2053624019957        815.64476544048546        193.89867828323392     
           2          81   457.17608419510134        696.05650501216780        130.70303668276986     
           2          82   457.28584679331180        734.41128037112878        130.70319846982571     
           2          83   535.66237413768727        728.82572765161990        130.74847494251850     
           2          84   535.66237413768727        783.95991864255143        130.74847494251850     
           2          85   2562.7299794283786        753.00845955212401        194.10371820177261     
           2          86   457.18884428589314        678.15190902461188        130.70333730370012     
           2          87   457.25265659085352        707.02572507277375        130.70314955161055     
           2          88   2725.9468328147591        754.17214925185033        191.81115684511721     
           2          89   535.66237413768727        775.81572507601049        130.74847494251850     
           2          90   879.38911621381499        809.76308433265456        130.91107885580760     
           2          91   743.26585644844806        634.22207183756154        130.85243195014147     
           2          92   457.26542142154830        716.37480891784662        130.70316836570785     
           2          93   535.60711025590615        719.80155864692961        130.74840085845202     
           2          94   743.20384831515719        765.15175447177603        130.85196595797103     
           2          95   392.10215053131890        823.26747396179405        130.66191699819811     
           2          96   1798.5250873805908        662.56630913008405        140.84614717486124     
           2          97   392.10215053131890        674.66849719635388        130.66166685201529     
           2          98   743.28357486534287        705.17085622101092        130.85245160818178     
           2          99   629.88280337997446        754.71075341784672        130.79789350980712     
           2         100   743.22599294736619        781.99127403642387        130.85199052581825     
           2         101   392.17636895923738        685.86941870384078        130.66178715351026     
           2         102   457.25265659085352        680.79624594590882        130.70343137159512     
           2         103   535.62246013637048        708.43069755601766        130.74842143630070     
           2         104   392.15516030771698        727.15202768721861        130.66175277820074     
           2         105   743.09314398580045        790.15410177513832        130.85184313308847     
           2         106   743.28357486534287        698.21857413427722        130.85205440669955     
           2         107   392.10215053131890        739.74089801343735        130.69272529023476     
           2         108   629.91969241562470        717.04908735891092        130.79829352371135     
           2         109   629.79059961149812        765.94808997378300        130.79778106307751     
           2         110   629.90124736015002        745.06469713643185        130.79791600180027     
           2         111   535.62246013637048        672.66705654672489        130.74842143630070     
           2         112   457.25265659085352        730.56216471392872        130.70314955161055     
           2         113   457.17608419510134        752.57325513427747        130.70303668276986     
           2         114   1798.5679616993807        748.14114783220805        140.84616834437364     
           2         115   457.27563385473138        795.23876653916818        130.70346524062739     
           2         116   629.80903821391701        656.75228555633362        130.83875844940218     
           2         117   1505.0991905923561        756.34916685448525        176.89612687373864     
           2         118   1952.8020539352237        808.05841714251619        191.70515424702785     
           2         119   2729.4446200112898        858.02244273141605        194.25465647617133     
           2         120   743.22599294736619        791.78420813427749        130.85199052581825     
           2         121   457.17608419510134        696.25576214205114        130.73709761980689     
           2         122   879.20845863147974        696.50793644934720        130.91089649841859     
           2         123   629.94920674077116        749.81535045767828        130.79797448511459     
           2         124   743.28357486534287        820.41058303739237        130.85205440669955     
           2         125   629.95658575211030        823.53825419950169        130.79833851607253     
           2         126   743.20384831515719        668.70988234657671        130.85236315182630     
           2         127   2361.9353252815067        805.58441641784657        377.40194718041772     
           2         128   743.26585644844806        727.11268698078709        130.85203475035374     
           2         129   457.26542142154830        781.55605462731432        130.70316836570785     
           2         130   392.16576429489999        830.64044766562245        130.66176996551121     
           2         131   457.29095345211198        678.45860221286136        130.70320599615548     
           2         132   3237.4211843493872        798.75571332984657        398.18456674622007     
           2         133   63.894627709234037        896.22677312799988        9645.3319887605485     
           2         134   457.25265659085352        765.07901913427736        130.70314955161055     
           2         135   535.65009224315907        836.65971203352353        130.74845847848118     
           2         136   40.558393398190852        802.98995001196931        3733.9930470451591     
           2         137   457.26542142154830        709.42348125254341        130.70316836570785     
           2         138   392.15516030771698        740.19905006127112        130.66175277820074     
           2         139   629.80903821391701        819.74743413840599        130.79780355065898     
           2         140   1106.4417489586147        797.29683029911291        140.68580042637080     
           2         141   54.256636696995834        767.54043899999988        3775.0729677395466     
           2         142   108.54921176042971        810.85646454863854        15365.882180737424     
           2         143   629.88280337997446        751.78048538641667        130.79789350980712     
           2         144   457.18884428589314        770.58198407694113        130.70305549236971     
           2         145   629.93444923415768        824.48145708165941        130.79795648961229     
           2         146   535.53037467785953        686.60584100215613        130.78564898058571     
           2         147   457.27563385473138        742.37711021466123        130.70318341752696     
           2         148   457.25265659085352        707.60722141784686        130.73721581838041     
           2         149   457.25265659085352        794.29375543646393        130.73721581838041     
           2         150   146.11528447092320        972.57894055500014        7354.0979445966632     
           2         151   112.11226118428723        740.21102402827728        13945.751682746974     
           2         152   392.10215053131890        728.34961026271537        130.66166685201529     
           2         153   743.24813883480726        743.43560291536005        130.85201509462163     
           2         154   743.22599294736619        738.75472829203409        130.89689436950752     
           2         155   392.16576429489999        793.40482713427741        130.66176996551121     
           2         156   743.11528234047273        689.51266465377967        130.85186769615214     
           2         157   535.66237413768727        721.46954705388043        130.74847494251850     
           2         158   1417.6389846184927        773.79841998704580        191.50564691043837     
           2         159   629.95658575211030        776.98553579631323        130.83894700489640     
           2         160   629.95658575211030        798.24291748991095        130.79798348307523     
           2         161   1660.1875258181508        671.09948209169431        191.57194299841348     
           2         162   1660.5205869250030        726.95555813427734        191.57215476198914     
           2         163   392.16576429489999        770.31871795293659        130.66176996551121     
           2         164   879.42100399926744        805.48630377175721        130.91111104150664     
           2         165   743.11528234047273        780.11629869771286        130.89676561177714     
           2         166   392.11275113178772        672.96415914353588        130.66168403587014     
           2         167   392.18485317820682        676.31048921081333        130.66180090440923     
           2         168   629.80903821391701        757.91438213693027        130.79780355065898     
           2         169   743.09314398580045        825.94205785070824        130.85184313308847     
           2         170   1296.1447382506572        848.36732256432902        140.73493845901373     
           2         171   879.36785886262101        658.69031066092862        130.96027582796253     
           2         172   392.18485317820682        709.46869487790616        130.69286562480460     
           2         173   629.93444923415768        716.93002326736189        130.79795648961229     
           2         174   879.34128849270814        788.02516737629890        130.96024770498471     
           2         175   2725.6174152433637        889.94930532541673        191.81099914553911     
           2         176   105.84728595770950        903.36799156713857        4750.1747172612995     
           2         177   457.25265659085352        704.22059430157833        130.73721581838041     
           2         178   535.65009224315907        760.82360215759832        130.74845847848118     
           2         179   879.31471958855036        757.70394665939386        130.91100376166074     
           2         180   1660.5586599646251        813.28110911937881        191.57217896726988     
           2         181   1952.4590169497917        719.64430067176420        191.64472771207576     
           2         182   949.02406897093317        726.90650826472609        140.64129079084256     
           2         183   743.20384831515719        730.26835513427750        130.85196595797103     
           2         184   743.24813883480726        793.11373798656155        130.85201509462163     
           2         185   879.20845863147974        788.30868267380629        130.91134002673459     
           2         186   743.26585644844806        686.34365745600530        130.85243195014147     
           2         187   457.28584679331180        733.05997993129517        130.70319846982571     
           2         188   457.18884428589314        741.04903790572257        130.73711731751217     
           2         189   743.26585644844806        758.55048754291909        130.85203475035374     
           2         190   535.66851530605254        847.84532313427724        130.74848317473180     
           2         191   743.22599294736619        672.22405063065275        130.85199052581825     
           2         192   392.19758031910663        738.26145233201555        130.66207169232621     
           2         193   535.60711025590615        733.27972979816627        130.74871753385199     
           2         194   629.91969241562470        771.97837431167648        130.83889986021731     
           2         195   2725.9468328147591        802.70386703693578        191.81115684511721     
           2         196   629.90124736015002        719.05643914253437        130.79791600180027     
           2         197   457.25265659085352        704.31075963427725        130.73721581838041     
           2         198   392.19758031910663        780.03750514923934        130.66182153158337     
           2         199   743.26585644844806        736.66003434273523        130.85203475035374     
           2         200   743.09314398580045        815.44356788784296        130.85184313308847     
           2         201   2127.9107244847137        676.93521954827293        140.90973651860796     
           2         202   392.10215053131890        727.74855973078650        130.66166685201529     
           2         203   629.79059961149812        746.88861658646567        130.79778106307751     
           2         204   392.15516030771698        805.42378991784699        130.66175277820074     
           2         205   457.18884428589314        763.97716982479585        130.70305549236971     
           2         206   457.17608419510134        697.26203104083697        130.70303668276986     
           2         207   457.18884428589314        696.50211544004014        130.70305549236971     
           2         208   392.11275113178772        751.85367810060291        130.66168403587014     
           2         209   535.62246013637048        789.86806154433839        130.74842143630070     
           2         210   535.63781093826140        774.19725817859910        130.74844201496506     
           2         211   535.62246013637048        628.71030641784660        130.74842143630070     
           2         212   457.28584679331180        696.19515004031518        130.73726704696085     
           2         213   1660.1875258181508        719.79666948672661        191.57194299841348     
           2         214   743.22599294736619        757.78660325622138        130.85199052581825     
           2         215   879.36785886262101        799.89822791802101        130.91105739950487     
           2         216   629.80903821391701        656.24876464893157        130.79780355065898     
           2         217   1952.6876949376522        691.82897036909696        191.64485997265294     
           2         218   743.26585644844806        725.62392141784687        130.85203475035374     
           2         219   66.425422324859198        936.18785653819998        5145.6180081604671     
           2         220   535.60711025590615        805.35344800590997        130.74840085845202     
           2         221   173.19599672217646        787.26202270199985        17963.669434736097     
           2         222   392.16576429489999        660.61311681715199        130.66176996551121     
           2         223   392.19333783048910        701.41241731334787        130.66181465574587     
           2         224   215.50118353546674        887.23725109599991        19278.849337092557     
           2         225   879.38911621381499        782.48503241784670        130.96029832716357     
           2         226   323.62824947558715        808.64531408500011        30439.045384923531     
           2         227   879.34128849270814        719.55817378524239        130.96024770498471     
           2         228   2726.2433707950127        710.03066326271085        191.81129879560601     
           2         229   2726.2433707950127        765.94259747877732        191.81195096964905     
           2         230   233.32366077805239        958.77848216499990        18507.895846637388     
           2         231   392.18485317820682        688.92128292867221        130.66180090440923     
           2         232   879.20845863147974        749.99650663427735        130.91089649841859     
           2         233   743.24813883480726        741.49800557901574        130.85201509462163     
           2         234   743.11528234047273        768.00460415999123        130.85186769615214     
           2         235   629.79059961149812        817.67813810403106        130.79778106307751     
           2         236   743.24813883480726        646.78222873122695        130.85201509462163     
           2         237   2726.2763230942596        718.06852036803821        191.81131456910344     
           2         238   743.29243437498496        786.79462531902936        130.85206423510300     
           2         239   535.62246013637048        791.36037213427755        130.74842143630070     
           2         240   457.28584679331180        791.78206166499456        130.70319846982571     
           2         241   2303.6489179690793        696.25144803564774        191.72417800947596     
           2         242   879.38911621381499        696.50324215992975        130.91107885580760     
           2         243   392.17636895923738        749.80916107635437        130.69285122939351     
           2         244   457.18884428589314        820.40402883149000        130.70305549236971     
           2         245   408.63690387513913        977.39782128000024        38718.412103627976     
           2         246   1215.5812796515982        685.78196913427723        191.49026770698876     
           2         247   535.65009224315907        747.92457719521190        130.74845847848118     
           2         248   1524.3259760545423        734.12141852319996        140.78792526936360     
           2         249   392.16576429489999        803.85233329683547        130.66176996551121     
           2         250   457.29095345211198        795.09173351671438        130.70320599615548     
           2         251   629.88280337997446        672.89402355294737        130.79789350980712     
           2         252   343.35333991076459        833.37757769999985        38038.717163993017     
           2         253   629.79059961149812        759.99390513427750        130.79778106307751     
           2         254   535.66851530605254        765.07673669609449        130.74848317473180     
           2         255   535.62246013637048        836.65484941973011        130.74842143630070     
           2         256   879.42100399926744        671.46140667133966        130.91111104150664     
           2         257   629.88280337997446        726.59844719808711        130.79789350980712     
           2         258   743.26585644844806        760.59512693088641        130.85203475035374     
           2         259   457.28584679331180        799.59934814985911        130.73726704696085     
           2         260   2726.2433707950127        807.23648441784667        191.81129879560601     
           2         261   743.22599294736619        710.91639336753246        130.85199052581825     
           2         262   535.66237413768727        679.41502489322897        130.74879162458527     
           2         263   1593.9582806838621        743.47876325427728        273.20800410138969     
           2         264   879.20845863147974        757.69624831856015        130.91089649841859     
           2         265   20.979060215538741        750.43928018784663        1199.6989502856566     
           2         266   457.23989254995536        679.19909155147695        130.70313073826497     
           2         267   743.28357486534287        698.80628791784670        130.85205440669955     
           2         268   392.15516030771698        681.74115131283929        130.66175277820074     
           2         269   2304.2392691156942        754.32805384973506        191.72448862823296     
           2         270   879.38911621381499        777.38347041983025        130.91107885580760     
           2         271   629.80903821391701        672.28533332980055        130.79780355065898     
           2         272   392.16576429489999        730.61027034546350        130.66202012140064     
           2         273   535.65009224315907        723.36705121173463        130.74845847848118     
           2         274   1798.1607341570734        749.55228191784681        140.84596726065021     
           2         275   629.93444923415768        783.79501549262716        130.79795648961229     
           2         276   457.25265659085352        673.75541602496503        130.70314955161055     
           2         277   743.24813883480726        711.22816563225149        130.89692012420178     
           2         278   879.34128849270814        739.06589174179339        130.91103058006368     
           2         279   457.25265659085352        718.03053050994845        130.70343137159512     
           2         280   743.09314398580045        757.14742909712288        130.85184313308847     
           2         281   879.38911621381499        624.73428641784665        130.91107885580760     
           2         282   629.93444923415768        695.40123060370070        130.79795648961229     
           2         283   1973.4317873429829        731.19112009204002        191.82530417186052     
           2         284   629.90124736015002        805.48079638352533        130.79791600180027     
           2         285   629.79059961149812        780.10985172155983        130.79778106307751     
           2         286   629.93444923415768        672.95881347570162        130.79795648961229     
           2         287   457.17608419510134        663.05589349223271        130.70303668276986     
           2         288   629.94920674077116        749.52954141784687        130.79797448511459     
           2         289   535.66237413768727        816.82401919646873        130.74847494251850     
           2         290   629.93444923415768        804.13167669739903        130.79795648961229     
           2         291   392.19333783048910        654.34117908095732        130.66181465574587     
           2         292   879.42100399926744        702.48563506874461        130.91111104150664     
           2         293   457.25265659085352        716.92439077562813        130.73721581838041     
           2         294   629.91969241562470        780.63652653769577        130.79793849467575     
           2         295   879.34128849270814        854.01620213427736        130.91103058006368     
           2         296   457.28584679331180        694.75068384362737        130.70319846982571     
           2         297   392.17636895923738        699.50399578540100        130.66178715351026     
           2         298   535.66851530605254        760.81919774314747        130.74848317473180     
           2         299   743.24813883480726        757.69804733263516        130.85201509462163     
           2         300   879.38911621381499        813.27487627021890        130.91107885580760     
           2         301   879.18189705761688        719.61856118718526        130.91086968520366     
           2         302   457.18884428589314        716.43665463427737        130.70305549236971     
           2         303   1296.1893176437777        731.10228893106319        140.73496505885376     
           2         304   457.23989254995536        793.10947892426827        130.70341255651877     
           2         305   743.29243437498496        788.30426734682464        130.89697163673679     
           2         306   457.18884428589314        686.33761747462859        130.70305549236971     
           2         307   743.09314398580045        712.87605725800017        130.85224031635167     
           2         308   629.94920674077116        734.01182458268090        130.79832951731919     
           2         309   392.19758031910663        758.59293813427746        130.66182153158337     
           2         310   457.18884428589314        847.84302320380880        130.70305549236971     
           2         311   879.34128849270814        672.21953417792463        130.91103058006368     
           2         312   879.41037450296164        738.25663949737020        130.91110031277427     
           2         313   392.18485317820682        733.27345608080100        130.66180090440923     
           2         314   535.60711025590615        790.96172553600002        130.74840085845202     
           2         315   535.65009224315907        825.12159464583920        130.74845847848118     
           2         316   392.19758031910663        701.81734113427729        130.66182153158337     
           2         317   392.10215053131890        699.59631004122400        130.66166685201529     
           2         318   629.90124736015002        753.51280842655251        130.79791600180027     
           2         319   535.66851530605254        728.41902543595324        130.74848317473180     
           2         320   743.22599294736619        803.25630031178594        130.85199052581825     
           2         321   1417.5202612474832        675.85348492926505        191.50556392308869     
           2         322   743.20384831515719        722.21346410456931        130.85196595797103     
           2         323   1093.3517846899040        675.61249770141603        191.49232416521565     
           2         324   743.26585644844806        779.51736950932752        130.85243195014147     
           2         325   629.80903821391701        743.23653853080395        130.79815856781042     
           2         326   879.42100399926744        686.23166196084424        130.91111104150664     
           2         327   457.29095345211198        690.98991013596822        130.70320599615548     
           2         328   457.28584679331180        734.19265625927346        130.70319846982571     
           2         329   743.28357486534287        792.34711609363592        130.85205440669955     
           2         330   629.90124736015002        784.24555613427754        130.79827102885500     
           2         331   879.20845863147974        646.74958959569744        130.91089649841859     
           2         332   948.94708182395561        677.14660163832127        140.64123525495671     
           2         333   1660.5586599646251        725.61235358810211        191.57217896726988     
           2         334   392.10215053131890        751.67497190037705        130.66166685201529     
           2         335   879.34128849270814        806.29358170449404        130.91103058006368     
           2         336   2304.1843405886239        650.98636038080349        191.79048788219134     
           2         337   392.11275113178772        680.21742891784675        130.66168403587014     
           2         338   2303.9921103543029        699.39838329478380        191.72494260924199     
           2         339   629.79059961149812        760.81486892144051        130.79778106307751     
           2         340   457.26542142154830        827.78429565583542        130.73723552102248     
           2         341   743.11528234047273        706.84747922797692        130.85186769615214     
           2         342   743.29243437498496        685.49449104471796        130.85206423510300     
           2         343   2725.5350722135931        734.92243649230011        191.88331533499286     
           2         344   743.20384831515719        717.75450191784682        130.85196595797103     
           2         345   392.19758031910663        790.19739463073472        130.66182153158337     
           2         346   629.90124736015002        698.21087314622503        130.79791600180027     
           2         347   535.62246013637048        720.68573891092569        130.74842143630070     
           2         348   879.36785886262101        716.61224871195748        130.91105739950487     
           2         349   392.18485317820682        764.31161481724644        130.66180090440923     
           2         350   743.28357486534287        777.08329182250270        130.85205440669955     
           2         351   392.10215053131890        691.91508213427733        130.66166685201529     
           2         352   879.18189705761688        773.43102883510130        130.91086968520366     
           2         353   1952.4018557892393        766.16393765691373        191.64469465017518     
           2         354   743.22599294736619        761.01586385913652        130.85199052581825     
           2         355   629.94920674077116        825.38623969257981        130.79797448511459     
           2         356   1660.1875258181508        665.89192418451046        191.57194299841348     
           2         357   1952.8478012676007        718.04352092788099        191.64495256741048     
           2         358   457.26542142154830        786.84289513427757        130.70316836570785     
           2         359   392.19758031910663        791.35791964079965        130.66182153158337     
           2         360   743.09314398580045        791.77781516612231        130.85184313308847     
           2         361   879.36785886262101        696.24730239569851        130.91105739950487     
           2         362   535.65009224315907        696.49775298309942        130.74845847848118     
           2         363   629.94920674077116        749.80348177773351        130.79797448511459     
           2         364   392.19758031910663        798.07751575965813        130.66182153158337     
           2         365   1524.2902664283201        803.66852013427729        140.78828825596034     
           2         366   629.95658575211030        666.66465660470931        130.79798348307523     
           2         367   1952.8478012676007        747.92004641728488        191.64547459217866     
           2         368   743.09314398580045        734.11697261615404        130.85184313308847     
           2         369   535.53037467785953        803.84638487862287        130.74861464755418     
           2         370   392.15516030771698        795.08552846205555        130.66200293247181     
           2         371   629.90124736015002        678.10948560734130        130.79791600180027     
           2         372   1417.6231535626891        708.96130413427738        191.50563584488580     
           2         373   879.34128849270814        786.21450318469010        130.91103058006368     
           2         374   743.24813883480726        766.32506225900261        130.85201509462163     
           2         375   743.26585644844806        846.52142020908673        130.85203475035374     
           2         376   457.27563385473138        647.85564190542209        130.70346524062739     
           2         377   879.34128849270814        719.93019814140860        130.91147411970962     
           2         378   879.20845863147974        739.33164490493198        130.91089649841859     
           2         379   879.41037450296164        792.23810913427747        130.91110031277427     
           2         380   743.26585644844806        807.23431467627756        130.85243195014147     
           2         381   879.31471958855036        710.91209401236893        130.91144729904028     
           2         382   457.25265659085352        679.41099645259226        130.70343137159512     
           2         383   392.19333783048910        761.93501490067638        130.69288002070303     
           2         384   535.53037467785953        757.69005374580297        130.78564898058571     
           2         385   642.41294626976855        678.26021043569335        80.534138914411614     
           2         386   2726.2763230942596        697.60463141784669        191.81131456910344     
           2         387   535.62246013637048        712.04082091238558        130.74842143630070     
           2         388   743.09314398580045        709.09363268294078        130.89673986337911     
           2         389   1106.5344181767096        762.55951905870188        140.68586121624739     
           2         390   879.42100399926744        817.14173503054451        130.91111104150664     
           2         391   392.10215053131890        688.03583619461619        130.66166685201529     
           2         392   2328.4873517034985        651.47492767433619        191.55266070398625     
           2         393   879.34128849270814        744.11598885070828        130.91103058006368     
           2         394   629.88280337997446        767.20977716984078        130.79789350980712     
           2         395   2260.2129568584842        745.30731853648967        140.83368437381080     
           2         396   457.17608419510134        694.74082534033755        130.73709761980689     
           2         397   879.20845863147974        736.11500611742213        130.91089649841859     
           2         398   1952.8478012676007        772.59150392587685        191.64495256741048     
           2         399   457.27563385473138        748.54071173872762        130.70318341752696     
           2         400   392.18485317820682        796.95185413427737        130.66180090440923     
           2         401   535.53037467785953        646.79653764193108        130.74829798141170     
           2         402   879.42100399926744        725.81443668467523        130.91111104150664     
           2         403   457.17608419510134        790.70734813098784        130.70331849236933     
           2         404   1417.5202612474832        813.70977770286549        191.55565375304488     
           2         405   879.36785886262101        792.25881687977187        130.91105739950487     
           2         406   743.28357486534287        676.63775295949995        130.85205440669955     
           2         407   879.38911621381499        686.85644763427729        130.91152239953232     
           2         408   1660.5205869250030        756.00214270847960        191.62708442039349     
           2         409   743.22599294736619        853.46765327191440        130.85199052581825     
           2         410   743.11528234047273        843.89035184696502        130.85226488153376     
           2         411   457.26542142154830        671.68558473223436        130.70345018742347     
