  economy_id district_id expected_hires capacity belief_expected_hires
           1           1   15.929597219311804        17.000000000000000        4.5383329418842040     
           1           2   9.5590830415235555        17.000000000000000        4.5357642960139035     
           1           3   15.929983113108797        17.000000000000000        4.5383332582356140     
           1           4   12.818892105900582        17.000000000000000        4.5372082454518159     
           1           5   14.261302471250046        17.000000000000000        4.5377532723717806     
           1           6   9.5592081909799997        17.000000000000000        4.5357644503439740     
           1           7   11.571941746772435        17.000000000000000        4.5366965845264389     
           1           8   56.225980908976766        17.000000000000000        11.571263599741709     
           1           9   9.5593959253975704        17.000000000000000        4.5357646818455679     
           1          10   9.5589266123780909        17.000000000000000        4.5357641031061178     
           1          11   9.5589266123780909        17.000000000000000        4.5357641031061178     
           1          12   38.545181797126091        17.000000000000000        4.8849525822929385     
           1          13   10.493004897209612        17.000000000000000        4.5362158321666053     
           1          14   12.818892105900582        17.000000000000000        4.5372082454518159     
           1          15   9.5579882166339267        17.000000000000000        4.5357629457733584     
           1          16   10.493329759728573        17.000000000000000        4.5362162017534029     
           1          17   11.570900222245719        17.000000000000000        4.5366954918821474     
           1          18   14.261524963812978        17.000000000000000        4.5377534704876386     
           1          19   11.570900222245719        17.000000000000000        4.5366954918821474     
           1          20   12.817689112247862        17.000000000000000        4.5372070823924702     
           1          21   10.493329759728573        17.000000000000000        4.5362162017534029     
           1          22   14.260523817518147        17.000000000000000        4.5377525790013653     
           1          23   14.261524963812978        17.000000000000000        4.5377534704876386     
           1          24   15.929018421249650        17.000000000000000        4.5383324673771224     
           1          25   9.5593959253975704        16.000000000000000        4.5357646818455679     
           1          26   12.818651482543597        16.000000000000000        4.5372080128268353     
           1          27   10.493474153085165        16.000000000000000        4.5371515400618891     
           1          28   10.493185372534903        16.000000000000000        4.5362160374903269     
           1          29   14.261079987605564        16.000000000000000        4.5377530742603414     
           1          30   42.959980207020990        16.000000000000000        8.2484612329611195     
           1          31  0.82063444357496218        16.000000000000000        39.204395143090331     
           1          32   12.819132741568962        16.000000000000000        4.5372084780832918     
           1          33   10.493546352074318        16.000000000000000        4.5362164481549359     
           1          34   11.570900222245719        16.000000000000000        4.5366954918821474     
           1          35   15.927410917340382        16.000000000000000        4.5383311494281688     
           1          36   11.571941746772435        16.000000000000000        4.5366965845264389     
           1          37   10.493474153085165        16.000000000000000        4.5362163660201711     
           1          38   12.817448550461823        16.000000000000000        4.5372068498002909     
           1          39   14.259411644613937        16.000000000000000        4.5377515885669446     
           1          40   12.819517784244105        16.000000000000000        4.5372088503072465     
           1          41   9.5593333458941405        16.000000000000000        4.5357646046775262     
           1          42   11.570900222245719        16.000000000000000        4.5366954918821474     
           1          43   10.493185372534903        16.000000000000000        4.5362160374903269     
           1          44   12.819132741568962        16.000000000000000        4.5372084780832918     
           1          45   11.572316762219607        16.000000000000000        4.5367032013880175     
           1          46   14.261524963812978        16.000000000000000        4.5377534704876386     
           1          47  0.49438235300295758        16.000000000000000        50.402048018867198     
           1          48   10.493329759728573        16.000000000000000        4.5362162017534029     
           1          49  0.32860350737267113        16.000000000000000        53.805566662681343     
           1          50   59.182756120405614        16.000000000000000        6.7332765967090911     
           1          51   9.5590830415235555        16.000000000000000        4.5357642960139035     
           1          52   12.819325258967616        16.000000000000000        4.5372152909969969     
           1          53   9.5589266123780909        16.000000000000000        4.5357641031061178     
           1          54   14.260801895593206        16.000000000000000        4.5377528266273988     
           1          55   15.929854479316850        16.000000000000000        4.5383331527839319     
           1          56   9.5587701917612762        16.000000000000000        4.5366572719034375     
           1          57   11.570691950002855        16.000000000000000        4.5366952733717554     
           1          58   15.929983113108797        16.000000000000000        4.5383332582356140     
           1          59   14.259411644613937        16.000000000000000        4.5377515885669446     
           1          60   12.818651482543597        16.000000000000000        4.5372080128268353     
           1          61  0.68878856681849132        16.000000000000000        63.263293835072432     
           1          62   9.5589266123780909        16.000000000000000        4.5357641031061178     
           1          63   12.818651482543597        16.000000000000000        4.5372080128268353     
           1          64   15.929854479316850        16.000000000000000        4.5383331527839319     
           1          65   10.491922247531441        16.000000000000000        4.5362146003454358     
           1          66   32.525808545749754        16.000000000000000        6.6464089408562579     
           1          67   9.5590830415235555        16.000000000000000        4.5357642960139035     
           1          68   10.492102665060452        16.000000000000000        4.5362148056345548     
           1          69   10.493004897209612        16.000000000000000        4.5362216783352798     
           1          70   15.927089463947038        16.000000000000000        4.5383308858605576     
           1          71   10.493004897209612        16.000000000000000        4.5362158321666053     
           1          72   11.571733420095335        16.000000000000000        4.5366963659853603     
           1          73   11.571733420095335        16.000000000000000        4.5366963659853603     
           1          74   15.929339969412359        16.000000000000000        4.5383327309891577     
           1          75   9.5590830415235555        16.000000000000000        4.5357642960139035     
           1          76   9.5579882166339267        16.000000000000000        4.5357629457733584     
           1          77   14.261302471250046        16.000000000000000        4.5377532723717806     
           1          78   14.259133636241989        16.000000000000000        4.5377513409757979     
           1          79   15.929597219311804        16.000000000000000        4.5383329418842040     
           1          80   34.040752785249829        16.000000000000000        6.7285578320314752     
           1          81   14.259411644613937        16.000000000000000        4.5377515885669446     
           1          82   12.817448550461823        16.000000000000000        4.5372068498002909     
           1          83   9.5579882166339267        16.000000000000000        4.5357629457733584     
           1          84   15.928696888879500        16.000000000000000        4.5383322037724589     
           1          85   33.364676165905948        16.000000000000000        6.7284006878173122     
           1          86   15.929018421249650        16.000000000000000        4.5383399866164522     
           1          87   12.817448550461823        16.000000000000000        4.5372068498002909     
           1          88   29.633931470915122        16.000000000000000        6.6457468949898280     
           1          89   14.259133636241989        16.000000000000000        4.5377513409757979     
           1          90   15.929983113108797        16.000000000000000        4.5383332582356140     
           1          91   14.259411644613937        16.000000000000000        4.5377586464857096     
           1          92   12.819614049836611        16.000000000000000        4.5372089433658553     
           1          93   14.261302471250046        16.000000000000000        4.5377532723717806     
           1          94   11.572316762219607        16.000000000000000        4.5366969779159119     
           1          95   11.571941746772435        16.000000000000000        4.5367028079614427     
           1          96   28.002634080763954        16.000000000000000        4.8831911013253722     
           1          97   10.491922247531441        16.000000000000000        4.5362146003454358     
           1          98   10.492102665060452        16.000000000000000        4.5362206517045953     
           1          99   11.571941746772435        16.000000000000000        4.5366965845264389     
           1         100   10.491922247531441        16.000000000000000        4.5362146003454358     
           1         101   14.259411644613937        16.000000000000000        4.5377515885669446     
           1         102   12.817689112247862        16.000000000000000        4.5372137090499152     
           1         103   14.259411644613937        16.000000000000000        4.5377515885669446     
           1         104   15.929018421249650        16.000000000000000        4.5383324673771224     
           1         105   9.5587701917612762        16.000000000000000        4.5357639102038165     
           1         106   10.493546352074318        16.000000000000000        4.5362164481549359     
           1         107   11.572150084334272        16.000000000000000        4.5376764465747419     
           1         108   9.5587701917612762        16.000000000000000        4.5357694034081568     
           1         109   14.260523817518147        16.000000000000000        4.5377525790013653     
           1         110   14.261636213439452        16.000000000000000        4.5377535695472435     
           1         111   9.5587701917612762        16.000000000000000        4.5357639102038165     
           1         112   15.929854479316850        16.000000000000000        4.5383331527839319     
           1         113   14.261302471250046        16.000000000000000        4.5377532723717806     
           1         114   28.002835755761581        16.000000000000000        4.8831911954798146     
           1         115   10.493185372534903        16.000000000000000        4.5362218836787305     
           1         116   12.817448550461823        16.000000000000000        4.5382337837600835     
           1         117   57.903171086011817        16.000000000000000        6.1415447905079370     
           1         118   39.741543185498223        16.000000000000000        6.6493808531413681     
           1         119   73.508237249982713        16.000000000000000        6.7364475692658754     
           1         120   14.259411644613937        16.000000000000000        4.5377515885669446     
           1         121   12.819325258967616        16.000000000000000        4.5382357174704815     
           1         122   14.261524963812978        16.000000000000000        4.5377534704876386     
           1         123   14.261636213439452        16.000000000000000        4.5377535695472435     
           1         124   11.572316762219607        16.000000000000000        4.5366969779159119     
           1         125   12.818892105900582        16.000000000000000        4.5372148722168921     
           1         126   15.929983113108797        16.000000000000000        4.5383407775454980     
           1         127   58.132458036930835        16.000000000000000        11.034980723044988     
           1         128   12.817689112247862        16.000000000000000        4.5372070823924702     
           1         129   10.492824431515217        16.000000000000000        4.5362156268486977     
           1         130   12.819614049836611        16.000000000000000        4.5372089433658553     
           1         131   14.260523817518147        16.000000000000000        4.5377525790013653     
           1         132   56.123478049774505        16.000000000000000        9.6040311567992713     
           1         133   1.3010960228644197        16.000000000000000        166.91648387751155     
           1         134   15.929597219311804        16.000000000000000        4.5383329418842040     
           1         135   14.260523817518147        16.000000000000000        4.5377525790013653     
           1         136  0.79730333498477601        16.000000000000000        60.382610120878297     
           1         137   10.493546352074318        16.000000000000000        4.5362164481549359     
           1         138   9.5581445945961434        16.000000000000000        4.5357631386486847     
           1         139   15.927410917340382        16.000000000000000        4.5383311494281688     
           1         140   23.128417231936123        16.000000000000000        4.8821851864991803     
           1         141   1.1467044928705719        16.000000000000000        81.982661314255736     
           1         142   2.8381526128752377        16.000000000000000        250.55853686366495     
           1         143   15.929854479316850        16.000000000000000        4.5383331527839319     
           1         144   10.493329759728573        16.000000000000000        4.5362162017534029     
           1         145   10.492102665060452        16.000000000000000        4.5362148056345548     
           1         146   11.570900222245719        16.000000000000000        4.5376750495908800     
           1         147   10.493185372534903        16.000000000000000        4.5362160374903269     
           1         148   11.571941746772435        16.000000000000000        4.5376762137268374     
           1         149   14.259133636241989        16.000000000000000        4.5388287660467777     
           1         150   2.2275874363643053        16.000000000000000        126.64311626485046     
           1         151   1.5322348958122534        16.000000000000000        220.05520681407199     
           1         152   12.819614049836611        16.000000000000000        4.5372089433658553     
           1         153   10.493546352074318        16.000000000000000        4.5362164481549359     
           1         154   9.5590830415235555        16.000000000000000        4.5366576827001408     
           1         155   15.929854479316850        16.000000000000000        4.5383331527839319     
           1         156   11.572316762219607        16.000000000000000        4.5366969779159119     
           1         157   12.819614049836611        16.000000000000000        4.5372089433658553     
           1         158   39.738857580078019        16.000000000000000        6.6478694613410543     
           1         159   9.5590830415235555        16.000000000000000        4.5366576827001408     
           1         160   15.929018421249650        16.000000000000000        4.5383324673771224     
           1         161   49.380250174164019        16.000000000000000        6.6495222313362907     
           1         162   49.383041271407798        16.000000000000000        6.6495233164914120     
           1         163   11.572150084334272        16.000000000000000        4.5366968030736778     
           1         164   10.493329759728573        16.000000000000000        4.5362162017534029     
           1         165   9.5579882166339267        16.000000000000000        4.5366562450183494     
           1         166   12.818651482543597        16.000000000000000        4.5372080128268353     
           1         167   10.493004897209612        16.000000000000000        4.5362158321666053     
           1         168   12.817448550461823        16.000000000000000        4.5372068498002909     
           1         169   15.928696888879500        16.000000000000000        4.5383322037724589     
           1         170   23.129931027015594        16.000000000000000        4.8821919336225932     
           1         171   14.259411644613937        16.000000000000000        4.5388290299998317     
           1         172   9.5581445945961434        16.000000000000000        4.5366564503831102     
           1         173   12.819325258967616        16.000000000000000        4.5372086641931730     
           1         174   9.5593333458941405        16.000000000000000        4.5366580113551107     
           1         175   49.376263558261009        16.000000000000000        6.6495206812632111     
           1         176  0.76217682277374554        16.000000000000000        55.004364146232277     
           1         177   15.927410917340382        16.000000000000000        4.5394623907508054     
           1         178   11.572316762219607        16.000000000000000        4.5366969779159119     
           1         179   14.261302471250046        16.000000000000000        4.5377532723717806     
           1         180   49.384237573425636        16.000000000000000        6.6495237815841426     
           1         181   49.380250174164019        16.000000000000000        6.6495222313362907     
           1         182   23.130990880063223        16.000000000000000        4.8821865991709652     
           1         183   10.492824431515217        16.000000000000000        4.5362156268486977     
           1         184   14.259133636241989        16.000000000000000        4.5377513409757979     
           1         185   12.819517784244105        16.000000000000000        4.5372154771282922     
           1         186   11.572150084334272        16.000000000000000        4.5367030265292918     
           1         187   14.261302471250046        16.000000000000000        4.5377532723717806     
           1         188   14.261524963812978        16.000000000000000        4.5388310362993822     
           1         189   10.493185372534903        16.000000000000000        4.5362160374903269     
           1         190   12.819614049836611        16.000000000000000        4.5372089433658553     
           1         191   10.493546352074318        16.000000000000000        4.5362164481549359     
           1         192   12.819517784244105        16.000000000000000        4.5372154771282922     
           1         193   11.572150084334272        16.000000000000000        4.5367030265292918     
           1         194   11.571941746772435        16.000000000000000        4.5376762137268374     
           1         195   29.631022209450006        16.000000000000000        6.6457451934034459     
           1         196   9.5593333458941405        16.000000000000000        4.5357646046775262     
           1         197   11.571733420095335        16.000000000000000        4.5376759808857932     
           1         198   12.819325258967616        16.000000000000000        4.5372086641931730     
           1         199   11.572566792106796        16.000000000000000        4.5366972401866503     
           1         200   10.493329759728573        16.000000000000000        4.5362162017534029     
           1         201   34.507047004080412        16.000000000000000        4.8843277723169258     
           1         202   12.817448550461823        16.000000000000000        4.5372068498002909     
           1         203   14.261636213439452        16.000000000000000        4.5377535695472435     
           1         204   11.572566792106796        16.000000000000000        4.5366972401866503     
           1         205   10.492824431515217        16.000000000000000        4.5362156268486977     
           1         206   15.929339969412359        16.000000000000000        4.5383327309891577     
           1         207   14.259133636241989        16.000000000000000        4.5377513409757979     
           1         208   10.493329759728573        16.000000000000000        4.5362162017534029     
           1         209   11.572316762219607        16.000000000000000        4.5366969779159119     
           1         210   12.819517784244105        16.000000000000000        4.5372088503072465     
           1         211   15.929854479316850        16.000000000000000        4.5383331527839319     
           1         212   14.260523817518147        16.000000000000000        4.5388300858905293     
           1         213   49.376263558261009        16.000000000000000        6.6495206812632111     
           1         214   12.818892105900582        16.000000000000000        4.5372082454518159     
           1         215   10.493474153085165        16.000000000000000        4.5362163660201711     
           1         216   14.261636213439452        16.000000000000000        4.5377535695472435     
           1         217   49.381246950548054        16.000000000000000        6.6495226188818668     
           1         218   15.929018421249650        16.000000000000000        4.5383324673771224     
           1         219   1.2464087826124477        16.000000000000000        97.196300780675415     
           1         220   15.929018421249650        16.000000000000000        4.5383324673771224     
           1         221   2.0587160257945984        16.000000000000000        282.25434771570116     
           1         222   14.261524963812978        16.000000000000000        4.5377534704876386     
           1         223   10.493329759728573        16.000000000000000        4.5362162017534029     
           1         224   2.7421011393144927        16.000000000000000        324.93337133551756     
           1         225   15.927089463947038        16.000000000000000        4.5394621096797616     
           1         226   7.0110448370156861        16.000000000000000        485.78941883027051     
           1         227   9.5587701917612762        16.000000000000000        4.5366572719034375     
           1         228   39.738857580078019        16.000000000000000        6.6478694613410543     
           1         229   49.382243775888448        16.000000000000000        6.6495340625028048     
           1         230   2.0127180652036212        16.000000000000000        269.55503260682605     
           1         231   15.929854479316850        16.000000000000000        4.5383331527839319     
           1         232   14.261079987605564        16.000000000000000        4.5377530742603414     
           1         233   14.261079987605564        16.000000000000000        4.5377530742603414     
           1         234   12.819132741568962        16.000000000000000        4.5372084780832918     
           1         235   10.493546352074318        16.000000000000000        4.5362164481549359     
           1         236   9.5593959253975704        16.000000000000000        4.5357646818455679     
           1         237   32.530619578631516        16.000000000000000        6.6464115367794854     
           1         238   14.259133636241989        16.000000000000000        4.5377513409757979     
           1         239   14.261302471250046        16.000000000000000        4.5377532723717806     
           1         240   14.261524963812978        16.000000000000000        4.5377534704876386     
           1         241   39.741841616630516        16.000000000000000        6.6478708294175606     
           1         242   9.5590830415235555        16.000000000000000        4.5357642960139035     
           1         243   9.5592081909799997        16.000000000000000        4.5366578470256531     
           1         244   10.493546352074318        16.000000000000000        4.5362164481549359     
           1         245   6.4384283004645937        16.000000000000000        603.95462585117957     
           1         246   49.382243775888448        16.000000000000000        6.6511864977181876     
           1         247   14.261524963812978        16.000000000000000        4.5377534704876386     
           1         248   38.540513953829105        16.000000000000000        4.8849508789898008     
           1         249   12.819614049836611        16.000000000000000        4.5372089433658553     
           1         250   12.818892105900582        16.000000000000000        4.5372082454518159     
           1         251   12.819517784244105        16.000000000000000        4.5372088503072465     
           1         252   7.9392526047079519        16.000000000000000        653.20060380351924     
           1         253   15.928696888879500        16.000000000000000        4.5383322037724589     
           1         254   11.570900222245719        16.000000000000000        4.5366954918821474     
           1         255   11.571733420095335        16.000000000000000        4.5366963659853603     
           1         256   10.491922247531441        16.000000000000000        4.5362146003454358     
           1         257   11.572566792106796        16.000000000000000        4.5366972401866503     
           1         258   14.260523817518147        16.000000000000000        4.5377525790013653     
           1         259   10.493004897209612        16.000000000000000        4.5371509714529372     
           1         260   39.741543185498223        16.000000000000000        6.6478706926028988     
           1         261   12.819614049836611        16.000000000000000        4.5372089433658553     
           1         262   11.571941746772435        16.000000000000000        4.5367028079614427     
           1         263   35.493085587012999        16.000000000000000        9.4805099847647831     
           1         264   12.819325258967616        16.000000000000000        4.5372086641931730     
           1         265  0.40862307226383004        16.000000000000000        23.703985592000130     
           1         266   9.5593959253975704        16.000000000000000        4.5357646818455679     
           1         267   11.572566792106796        16.000000000000000        4.5366972401866503     
           1         268   12.817689112247862        16.000000000000000        4.5372070823924702     
           1         269   29.630537425104386        16.000000000000000        6.6457449098334482     
           1         270   15.929339969412359        16.000000000000000        4.5383327309891577     
           1         271   14.261636213439452        16.000000000000000        4.5377535695472435     
           1         272   9.5589266123780909        16.000000000000000        4.5357695963293461     
           1         273   11.570691950002855        16.000000000000000        4.5366952733717554     
           1         274   25.390554921780947        16.000000000000000        4.8826727287529188     
           1         275   12.818892105900582        16.000000000000000        4.5372082454518159     
           1         276   10.492824431515217        16.000000000000000        4.5362156268486977     
           1         277   14.261302471250046        16.000000000000000        4.5388308250886489     
           1         278   9.5593959253975704        16.000000000000000        4.5357646818455679     
           1         279   15.929018421249650        16.000000000000000        4.5383399866164522     
           1         280   12.818892105900582        16.000000000000000        4.5372082454518159     
           1         281   11.570691950002855        16.000000000000000        4.5366952733717554     
           1         282   15.928696888879500        16.000000000000000        4.5383322037724589     
           1         283   40.387073251825989        16.000000000000000        6.6509441012000581     
           1         284   9.5589266123780909        16.000000000000000        4.5357641031061178     
           1         285   14.261079987605564        16.000000000000000        4.5377530742603414     
           1         286   14.260801895593206        16.000000000000000        4.5377528266273988     
           1         287   14.261302471250046        16.000000000000000        4.5377532723717806     
           1         288   12.817448550461823        16.000000000000000        4.5372068498002909     
           1         289   15.929597219311804        16.000000000000000        4.5383329418842040     
           1         290   14.260801895593206        16.000000000000000        4.5377528266273988     
           1         291   9.5593333458941405        16.000000000000000        4.5357646046775262     
           1         292   9.5590830415235555        16.000000000000000        4.5357642960139035     
           1         293   9.5593959253975704        16.000000000000000        4.5366580935212610     
           1         294   11.572150084334272        16.000000000000000        4.5366968030736778     
           1         295   14.261302471250046        16.000000000000000        4.5377532723717806     
           1         296   14.260523817518147        16.000000000000000        4.5377525790013653     
           1         297   15.928696888879500        16.000000000000000        4.5383322037724589     
           1         298   12.817689112247862        16.000000000000000        4.5372070823924702     
           1         299   10.492102665060452        16.000000000000000        4.5362148056345548     
           1         300   14.259411644613937        16.000000000000000        4.5377515885669446     
           1         301   12.817689112247862        16.000000000000000        4.5372070823924702     
           1         302   15.929854479316850        16.000000000000000        4.5383331527839319     
           1         303   38.543625696490864        16.000000000000000        4.8849601126770636     
           1         304   14.259411644613937        16.000000000000000        4.5377586464857096     
           1         305   9.5593333458941405        16.000000000000000        4.5366580113551107     
           1         306   10.492824431515217        16.000000000000000        4.5362156268486977     
           1         307   9.5593333458941405        16.000000000000000        4.5357700979498867     
           1         308   10.493474153085165        16.000000000000000        4.5362222122401388     
           1         309   10.493474153085165        16.000000000000000        4.5362163660201711     
           1         310   14.261302471250046        16.000000000000000        4.5377532723717806     
           1         311   11.570900222245719        16.000000000000000        4.5366954918821474     
           1         312   10.493546352074318        16.000000000000000        4.5362164481549359     
           1         313   12.819132741568962        16.000000000000000        4.5372084780832918     
           1         314   12.819517784244105        16.000000000000000        4.5372088503072465     
           1         315   14.261636213439452        16.000000000000000        4.5377535695472435     
           1         316   11.572483447069883        16.000000000000000        4.5366971527620530     
           1         317   14.259411644613937        16.000000000000000        4.5377515885669446     
           1         318   10.491922247531441        16.000000000000000        4.5362146003454358     
           1         319   14.261079987605564        16.000000000000000        4.5377530742603414     
           1         320   10.493004897209612        16.000000000000000        4.5362158321666053     
           1         321   39.741841616630516        16.000000000000000        6.6478708294175606     
           1         322   14.259411644613937        16.000000000000000        4.5377515885669446     
           1         323   30.414497619637352        16.000000000000000        6.6480414148534992     
           1         324   15.929597219311804        16.000000000000000        4.5383404611658573     
           1         325   11.570691950002855        16.000000000000000        4.5367014966831460     
           1         326   15.927089463947038        16.000000000000000        4.5383308858605576     
           1         327   14.261302471250046        16.000000000000000        4.5377532723717806     
           1         328   9.5589266123780909        16.000000000000000        4.5357641031061178     
           1         329   14.261079987605564        16.000000000000000        4.5377530742603414     
           1         330   14.261079987605564        16.000000000000000        4.5377601323140819     
           1         331   9.5593333458941405        16.000000000000000        4.5357646046775262     
           1         332   38.539736113723386        16.000000000000000        4.8849505951338941     
           1         333   35.873956447461588        16.000000000000000        6.6471175589036289     
           1         334   11.571941746772435        16.000000000000000        4.5366965845264389     
           1         335   14.260801895593206        16.000000000000000        4.5377528266273988     
           1         336   35.874602310772396        16.000000000000000        6.6485583131426784     
           1         337   10.493185372534903        16.000000000000000        4.5362160374903269     
           1         338   39.738857580078019        16.000000000000000        6.6478792050760314     
           1         339   14.260523817518147        16.000000000000000        4.5377525790013653     
           1         340   9.5592081909799997        16.000000000000000        4.5366578470256531     
           1         341   15.927410917340382        16.000000000000000        4.5383311494281688     
           1         342   14.260801895593206        16.000000000000000        4.5377528266273988     
           1         343   49.375267026711995        16.000000000000000        6.6511836048679926     
           1         344   9.5587701917612762        16.000000000000000        4.5357639102038165     
           1         345   11.571941746772435        16.000000000000000        4.5366965845264389     
           1         346   11.571733420095335        16.000000000000000        4.5366963659853603     
           1         347   9.5579882166339267        16.000000000000000        4.5357629457733584     
           1         348   9.5593959253975704        16.000000000000000        4.5357646818455679     
           1         349   12.819132741568962        16.000000000000000        4.5372084780832918     
           1         350   9.5589266123780909        16.000000000000000        4.5357641031061178     
           1         351   15.929339969412359        16.000000000000000        4.5383327309891577     
           1         352   12.818651482543597        16.000000000000000        4.5372080128268353     
           1         353   29.634707434732668        16.000000000000000        6.6457473487945888     
           1         354   11.572316762219607        16.000000000000000        4.5366969779159119     
           1         355   12.817689112247862        16.000000000000000        4.5372070823924702     
           1         356   39.741543185498223        16.000000000000000        6.6478706926028988     
           1         357   49.376263558261009        16.000000000000000        6.6495206812632111     
           1         358   12.819517784244105        16.000000000000000        4.5372088503072465     
           1         359   15.927410917340382        16.000000000000000        4.5383311494281688     
           1         360   14.261302471250046        16.000000000000000        4.5377532723717806     
           1         361   11.571941746772435        16.000000000000000        4.5366965845264389     
           1         362   15.928696888879500        16.000000000000000        4.5383322037724589     
           1         363   11.572483447069883        16.000000000000000        4.5366971527620530     
           1         364   12.817689112247862        16.000000000000000        4.5372070823924702     
           1         365   28.000819195392097        16.000000000000000        4.8831969565906466     
           1         366   14.261636213439452        16.000000000000000        4.5377535695472435     
           1         367   35.870727637091271        16.000000000000000        6.6471251030629022     
           1         368   12.819614049836611        16.000000000000000        4.5372089433658553     
           1         369   11.571733420095335        16.000000000000000        4.5367025893997672     
           1         370   14.259133636241989        16.000000000000000        4.5377583988720600     
           1         371   10.491922247531441        16.000000000000000        4.5362146003454358     
           1         372   44.209640637973777        16.000000000000000        6.6486704419298812     
           1         373   15.928696888879500        16.000000000000000        4.5383322037724589     
           1         374   14.259411644613937        16.000000000000000        4.5377515885669446     
           1         375   9.5593333458941405        16.000000000000000        4.5357646046775262     
           1         376   15.928696888879500        16.000000000000000        4.5383397229882672     
           1         377   14.261636213439452        16.000000000000000        4.5377606276459748     
           1         378   15.927089463947038        16.000000000000000        4.5383308858605576     
           1         379   10.491922247531441        16.000000000000000        4.5362146003454358     
           1         380   9.5581445945961434        16.000000000000000        4.5357686317774455     
           1         381   15.929018421249650        16.000000000000000        4.5383399866164522     
           1         382   12.817448550461823        16.000000000000000        4.5372134764362073     
           1         383   15.927410917340382        16.000000000000000        4.5394623907508054     
           1         384   15.929854479316850        16.000000000000000        4.5394645271634975     
           1         385   18.265010464532878        16.000000000000000        2.7970751662469775     
           1         386   39.741543185498223        16.000000000000000        6.6478706926028988     
           1         387   12.819325258967616        16.000000000000000        4.5372086641931730     
           1         388   12.817689112247862        16.000000000000000        4.5382340316466427     
           1         389   28.002230743408980        16.000000000000000        4.8831909130196696     
           1         390   14.259133636241989        16.000000000000000        4.5377513409757979     
           1         391   9.5581445945961434        16.000000000000000        4.5357631386486847     
           1         392   33.024703560088881        16.000000000000000        6.6462536646670172     
           1         393   15.927410917340382        16.000000000000000        4.5383311494281688     
           1         394   15.929983113108797        16.000000000000000        4.5383332582356140     
           1         395   26.391122679125971        16.000000000000000        4.8829743685455815     
           1         396   11.570691950002855        16.000000000000000        4.5376748167844250     
           1         397   10.493185372534903        16.000000000000000        4.5362160374903269     
           1         398   39.735874154234189        16.000000000000000        6.6478680934185910     
           1         399   15.929983113108797        16.000000000000000        4.5383332582356140     
           1         400   12.817689112247862        16.000000000000000        4.5372070823924702     
           1         401   11.571941746772435        16.000000000000000        4.5366965845264389     
           1         402   14.259411644613937        16.000000000000000        4.5377515885669446     
           1         403   14.259411644613937        16.000000000000000        4.5377586464857096     
           1         404   32.530171947533965        16.000000000000000        6.6477863261950754     
           1         405   9.5589266123780909        16.000000000000000        4.5357641031061178     
           1         406   11.572316762219607        16.000000000000000        4.5366969779159119     
           1         407   12.817448550461823        16.000000000000000        4.5372134764362073     
           1         408   29.634319444364646        16.000000000000000        6.6470607406166495     
           1         409   12.819132741568962        16.000000000000000        4.5372084780832918     
           1         410   15.928696888879500        16.000000000000000        4.5383397229882672     
           1         411   11.572150084334272        16.000000000000000        4.5367030265292918     
           2           1   10.602561519944768        17.000000000000000        4.5362148056345548     
           2           2   16.122151350902083        17.000000000000000        4.5383331527839319     
           2           3   11.698578683774844        17.000000000000000        4.5366968030736778     
           2           4   14.428152723270047        17.000000000000000        4.5377532723717806     
           2           5   16.121303428255239        17.000000000000000        4.5383324673771224     
           2           6   16.121890440095417        17.000000000000000        4.5383329418842040     
           2           7   11.699001019649305        17.000000000000000        4.5366972401866503     
           2           8   38.434228771839479        17.000000000000000        9.2761320418174265     
           2           9   14.427645153422603        17.000000000000000        4.5377528266273988     
           2          10   10.603951191736339        17.000000000000000        4.5362163660201711     
           2          11   16.120977332988303        17.000000000000000        4.5383322037724589     
           2          12   23.364577624910279        17.000000000000000        4.8821862252022070     
           2          13   10.603658582391427        17.000000000000000        4.5362160374903269     
           2          14   9.6562166220900423        17.000000000000000        4.5357646818455679     
           2          15   10.603292855853050        17.000000000000000        4.5362156268486977     
           2          16   16.119347096940828        17.000000000000000        4.5383308858605576     
           2          17   11.698367532388087        17.000000000000000        4.5366965845264389     
           2          18   10.603292855853050        17.000000000000000        4.5362156268486977     
           2          19   10.602378710382371        17.000000000000000        4.5362146003454358     
           2          20   11.697100855828532        17.000000000000000        4.5366952733717554     
           2          21   9.6562166220900423        17.000000000000000        4.5357646818455679     
           2          22   12.962494745131568        17.000000000000000        4.5372068498002909     
           2          23   10.602561519944768        17.000000000000000        4.5362148056345548     
           2          24   16.121629539538088        17.000000000000000        4.5383327309891577     
           2          25   11.699001019649305        16.000000000000000        4.5366972401866503     
           2          26   12.962738613182399        16.000000000000000        4.5372070823924702     
           2          27   9.6549490227370089        16.000000000000000        4.5366564503831102     
           2          28   9.6560264469174513        16.000000000000000        4.5357644503439740     
           2          29   14.425953584695806        16.000000000000000        4.5377513409757979     
           2          30   43.244532219902268        16.000000000000000        8.2484612329611195     
           2          31  0.95236913226845032        16.000000000000000        40.049019471799738     
           2          32   12.962738613182399        16.000000000000000        4.5372070823924702     
           2          33   10.603475714240849        16.000000000000000        4.5362158321666053     
           2          34   9.6557412074954456        16.000000000000000        4.5357641031061178     
           2          35   14.427645153422603        16.000000000000000        4.5377528266273988     
           2          36   12.964592418406539        16.000000000000000        4.5372088503072465     
           2          37   16.120977332988303        16.000000000000000        4.5383322037724589     
           2          38   14.427927131017807        16.000000000000000        4.5377530742603414     
           2          39   12.962738613182399        16.000000000000000        4.5372070823924702     
           2          40   14.427363189960710        16.000000000000000        4.5377525790013653     
           2          41   14.427645153422603        16.000000000000000        4.5377528266273988     
           2          42   12.964592418406539        16.000000000000000        4.5372088503072465     
           2          43   9.6557412074954456        16.000000000000000        4.5357641031061178     
           2          44   9.6561532289830279        16.000000000000000        4.5357646046775262     
           2          45   16.122151350902083        16.000000000000000        4.5383406720844031     
           2          46   11.697311940993307        16.000000000000000        4.5366954918821474     
           2          47  0.75485438120387927        16.000000000000000        54.234923244351840     
           2          48   10.603804883940311        16.000000000000000        4.5362162017534029     
           2          49  0.55644600875028827        16.000000000000000        54.564431107601877     
           2          50   68.367705800266862        16.000000000000000        6.7344938108218999     
           2          51   16.119347096940828        16.000000000000000        4.5383308858605576     
           2          52   14.427645153422603        16.000000000000000        4.5377598846586293     
           2          53   9.6561532289830279        16.000000000000000        4.5357646046775262     
           2          54   12.963714210255779        16.000000000000000        4.5372080128268353     
           2          55   12.962494745131568        16.000000000000000        4.5372068498002909     
           2          56   9.6547906117267654        16.000000000000000        4.5366562450183494     
           2          57   14.428491128605794        16.000000000000000        4.5377535695472435     
           2          58   11.698156392036170        16.000000000000000        4.5366963659853603     
           2          59   16.119673112108487        16.000000000000000        4.5383311494281688     
           2          60   16.121629539538088        16.000000000000000        4.5383327309891577     
           2          61   1.2248361988812715        16.000000000000000        67.677934906679027     
           2          62   11.697100855828532        16.000000000000000        4.5366952733717554     
           2          63   16.122151350902083        16.000000000000000        4.5383331527839319     
           2          64   14.428152723270047        16.000000000000000        4.5377532723717806     
           2          65   9.6560264469174513        16.000000000000000        4.5357644503439740     
           2          66   29.934463877582612        16.000000000000000        6.6457471218897153     
           2          67   16.119673112108487        16.000000000000000        4.5383311494281688     
           2          68   16.122281810148632        16.000000000000000        4.5383332582356140     
           2          69   10.603951191736339        16.000000000000000        4.5362222122401388     
           2          70   12.963958140736764        16.000000000000000        4.5372082454518159     
           2          71   12.962738613182399        16.000000000000000        4.5372070823924702     
           2          72   14.427927131017807        16.000000000000000        4.5377530742603414     
           2          73   16.121303428255239        16.000000000000000        4.5383324673771224     
           2          74   10.603475714240849        16.000000000000000        4.5362158321666053     
           2          75   12.964690007075172        16.000000000000000        4.5372089433658553     
           2          76   10.603292855853050        16.000000000000000        4.5362156268486977     
           2          77   11.698747612828825        16.000000000000000        4.5366969779159119     
           2          78   14.428152723270047        16.000000000000000        4.5377532723717806     
           2          79   16.121890440095417        16.000000000000000        4.5383329418842040     
           2          80   34.453619453768702        16.000000000000000        6.7285578320314752     
           2          81   10.602378710382371        16.000000000000000        4.5362146003454358     
           2          82   10.603951191736339        16.000000000000000        4.5362163660201711     
           2          83   11.698916548943922        16.000000000000000        4.5366971527620530     
           2          84   11.698916548943922        16.000000000000000        4.5366971527620530     
           2          85   46.468003093796760        16.000000000000000        6.7304324863455269     
           2          86   10.602561519944768        16.000000000000000        4.5362206517045953     
           2          87   10.603475714240849        16.000000000000000        4.5362158321666053     
           2          88   49.976335120718311        16.000000000000000        6.6495222313362907     
           2          89   11.698916548943922        16.000000000000000        4.5366971527620530     
           2          90   16.121890440095417        16.000000000000000        4.5383329418842040     
           2          91   14.428152723270047        16.000000000000000        4.5377603304435157     
           2          92   10.603658582391427        16.000000000000000        4.5362160374903269     
           2          93   11.698156392036170        16.000000000000000        4.5366963659853603     
           2          94   14.427363189960710        16.000000000000000        4.5377525790013653     
           2          95   9.6547906117267654        16.000000000000000        4.5357684388832338     
           2          96   34.912668747294269        16.000000000000000        4.8843285190610093     
           2          97   9.6547906117267654        16.000000000000000        4.5357629457733584     
           2          98   14.428378324566086        16.000000000000000        4.5377605285773592     
           2          99   12.963714210255779        16.000000000000000        4.5372080128268353     
           2         100   14.427645153422603        16.000000000000000        4.5377528266273988     
           2         101   9.6558996703835174        16.000000000000000        4.5357642960139035     
           2         102   10.603475714240849        16.000000000000000        4.5362216783352798     
           2         103   11.698367532388087        16.000000000000000        4.5366965845264389     
           2         104   9.6555827532517959        16.000000000000000        4.5357639102038165     
           2         105   14.425953584695806        16.000000000000000        4.5377513409757979     
           2         106   14.428378324566086        16.000000000000000        4.5377534704876386     
           2         107   9.6547906117267654        16.000000000000000        4.5366562450183494     
           2         108   12.964202083700975        16.000000000000000        4.5372151048698939     
           2         109   12.962494745131568        16.000000000000000        4.5372068498002909     
           2         110   12.963958140736764        16.000000000000000        4.5372082454518159     
           2         111   11.698367532388087        16.000000000000000        4.5366965845264389     
           2         112   10.603475714240849        16.000000000000000        4.5362158321666053     
           2         113   10.602378710382371        16.000000000000000        4.5362146003454358     
           2         114   34.913214648317577        16.000000000000000        4.8843287324273010     
           2         115   10.603804883940311        16.000000000000000        4.5362220479575823     
           2         116   12.962738613182399        16.000000000000000        4.5382340316466427     
           2         117   32.766544911120413        16.000000000000000        6.1379678911643785     
           2         118   40.190076229555963        16.000000000000000        6.6493802699033155     
           2         119   49.747786433453875        16.000000000000000        6.7325937708560000     
           2         120   14.427645153422603        16.000000000000000        4.5377528266273988     
           2         121   10.602378710382371        16.000000000000000        4.5371496594459400     
           2         122   16.119673112108487        16.000000000000000        4.5383311494281688     
           2         123   12.964592418406539        16.000000000000000        4.5372088503072465     
           2         124   14.428378324566086        16.000000000000000        4.5377534704876386     
           2         125   12.964690007075172        16.000000000000000        4.5372155701955137     
           2         126   14.427363189960710        16.000000000000000        4.5377596370101001     
           2         127   45.234400041963752        16.000000000000000        9.5895258444648039     
           2         128   14.428152723270047        16.000000000000000        4.5377532723717806     
           2         129   10.603658582391427        16.000000000000000        4.5362160374903269     
           2         130   9.6557412074954456        16.000000000000000        4.5357641031061178     
           2         131   10.604024347976914        16.000000000000000        4.5362164481549359     
           2         132   56.832097217104632        16.000000000000000        9.6035307276531867     
           2         133   1.1313848444118277        16.000000000000000        165.59029596245475     
           2         134   10.603475714240849        16.000000000000000        4.5362158321666053     
           2         135   11.698747612828825        16.000000000000000        4.5366969779159119     
           2         136  0.69682821748370671        16.000000000000000        59.748192647434067     
           2         137   10.603658582391427        16.000000000000000        4.5362160374903269     
           2         138   9.6555827532517959        16.000000000000000        4.5357639102038165     
           2         139   12.962738613182399        16.000000000000000        4.5372070823924702     
           2         140   25.657867800652223        16.000000000000000        4.8826727287529188     
           2         141   1.1550037608852306        16.000000000000000        81.984013737319188     
           2         142   1.8222753604702291        16.000000000000000        247.27123819790796     
           2         143   12.963714210255779        16.000000000000000        4.5372080128268353     
           2         144   10.602561519944768        16.000000000000000        4.5362148056345548     
           2         145   12.964397247059612        16.000000000000000        4.5372086641931730     
           2         146   11.697100855828532        16.000000000000000        4.5376748167844250     
           2         147   10.603804883940311        16.000000000000000        4.5362162017534029     
           2         148   10.603475714240849        16.000000000000000        4.5371509714529372     
           2         149   10.603475714240849        16.000000000000000        4.5371509714529372     
           2         150   2.5565446042120374        16.000000000000000        129.23783566117632     
           2         151   1.8215625644694811        16.000000000000000        221.64363494309080     
           2         152   9.6547906117267654        16.000000000000000        4.5357629457733584     
           2         153   14.427927131017807        16.000000000000000        4.5377530742603414     
           2         154   14.427645153422603        16.000000000000000        4.5388303498828177     
           2         155   9.6557412074954456        16.000000000000000        4.5357641031061178     
           2         156   14.426235477473057        16.000000000000000        4.5377515885669446     
           2         157   11.698916548943922        16.000000000000000        4.5366971527620530     
           2         158   32.873334134544834        16.000000000000000        6.6464116575354018     
           2         159   12.964690007075172        16.000000000000000        4.5382360150041370     
           2         160   12.964690007075172        16.000000000000000        4.5372089433658553     
           2         161   36.261959820233301        16.000000000000000        6.6471156312347341     
           2         162   36.266541206534328        16.000000000000000        6.6471178802133526     
           2         163   9.6557412074954456        16.000000000000000        4.5357641031061178     
           2         164   16.122281810148632        16.000000000000000        4.5383332582356140     
           2         165   14.426235477473057        16.000000000000000        4.5388290299998317     
           2         166   9.6549490227370089        16.000000000000000        4.5357631386486847     
           2         167   9.6560264469174513        16.000000000000000        4.5357644503439740     
           2         168   12.962738613182399        16.000000000000000        4.5372070823924702     
           2         169   14.425953584695806        16.000000000000000        4.5377513409757979     
           2         170   28.308163075247087        16.000000000000000        4.8831976156895056     
           2         171   16.121629539538088        16.000000000000000        4.5394640773523305     
           2         172   9.6560264469174513        16.000000000000000        4.5366578470256531     
           2         173   12.964397247059612        16.000000000000000        4.5372086641931730     
           2         174   16.121303428255239        16.000000000000000        4.5394637962311650     
           2         175   49.972291930382269        16.000000000000000        6.6495206812632111     
           2         176   1.2383817394436727        16.000000000000000        55.503049606016290     
           2         177   10.603475714240849        16.000000000000000        4.5371509714529372     
           2         178   11.698747612828825        16.000000000000000        4.5366969779159119     
           2         179   16.120977332988303        16.000000000000000        4.5383322037724589     
           2         180   36.267064900279735        16.000000000000000        6.6471181372676433     
           2         181   40.185539352444557        16.000000000000000        6.6478680934185910     
           2         182   23.365728014192584        16.000000000000000        4.8821868484939044     
           2         183   14.427363189960710        16.000000000000000        4.5377525790013653     
           2         184   14.427927131017807        16.000000000000000        4.5377530742603414     
           2         185   16.119673112108487        16.000000000000000        4.5383386685499145     
           2         186   14.428152723270047        16.000000000000000        4.5377603304435157     
           2         187   10.603951191736339        16.000000000000000        4.5362163660201711     
           2         188   10.602561519944768        16.000000000000000        4.5371498780975354     
           2         189   14.428152723270047        16.000000000000000        4.5377532723717806     
           2         190   11.699001019649305        16.000000000000000        4.5366972401866503     
           2         191   14.427645153422603        16.000000000000000        4.5377528266273988     
           2         192   9.6562166220900423        16.000000000000000        4.5357701751254771     
           2         193   11.698156392036170        16.000000000000000        4.5367025893997672     
           2         194   12.964202083700975        16.000000000000000        4.5382355191206019     
           2         195   49.976335120718311        16.000000000000000        6.6495222313362907     
           2         196   12.963958140736764        16.000000000000000        4.5372082454518159     
           2         197   10.603475714240849        16.000000000000000        4.5371509714529372     
           2         198   9.6562166220900423        16.000000000000000        4.5357646818455679     
           2         199   14.428152723270047        16.000000000000000        4.5377532723717806     
           2         200   14.425953584695806        16.000000000000000        4.5377513409757979     
           2         201   39.011107749603880        16.000000000000000        4.8849528094217742     
           2         202   9.6547906117267654        16.000000000000000        4.5357629457733584     
           2         203   12.962494745131568        16.000000000000000        4.5372068498002909     
           2         204   9.6555827532517959        16.000000000000000        4.5357639102038165     
           2         205   10.602561519944768        16.000000000000000        4.5362148056345548     
           2         206   10.602378710382371        16.000000000000000        4.5362146003454358     
           2         207   10.602561519944768        16.000000000000000        4.5362148056345548     
           2         208   9.6549490227370089        16.000000000000000        4.5357631386486847     
           2         209   11.698367532388087        16.000000000000000        4.5366965845264389     
           2         210   11.698578683774844        16.000000000000000        4.5366968030736778     
           2         211   11.698367532388087        16.000000000000000        4.5366965845264389     
           2         212   10.603951191736339        16.000000000000000        4.5371515400618891     
           2         213   36.261959820233301        16.000000000000000        6.6471156312347341     
           2         214   14.427645153422603        16.000000000000000        4.5377528266273988     
           2         215   16.121629539538088        16.000000000000000        4.5383327309891577     
           2         216   12.962738613182399        16.000000000000000        4.5372070823924702     
           2         217   40.188563782370892        16.000000000000000        6.6478694613410543     
           2         218   14.428152723270047        16.000000000000000        4.5377532723717806     
           2         219   1.2509544957250767        16.000000000000000        97.195314997084765     
           2         220   11.698156392036170        16.000000000000000        4.5366963659853603     
           2         221   2.8331158296388295        16.000000000000000        287.46080217857411     
           2         222   9.6557412074954456        16.000000000000000        4.5357641031061178     
           2         223   9.6561532289830279        16.000000000000000        4.5357646046775262     
           2         224   3.7428742201389120        16.000000000000000        328.99758398282228     
           2         225   16.121890440095417        16.000000000000000        4.5394643022552534     
           2         226   5.1800761382177027        16.000000000000000        477.68735429755588     
           2         227   16.121303428255239        16.000000000000000        4.5394637962311650     
           2         228   49.979974671316263        16.000000000000000        6.6495236265513924     
           2         229   49.979974671316263        16.000000000000000        6.6495346826711916     
           2         230   3.7041062690393147        16.000000000000000        288.09292083193549     
           2         231   9.6560264469174513        16.000000000000000        4.5357644503439740     
           2         232   16.119673112108487        16.000000000000000        4.5383311494281688     
           2         233   14.427927131017807        16.000000000000000        4.5377530742603414     
           2         234   14.426235477473057        16.000000000000000        4.5377515885669446     
           2         235   12.962494745131568        16.000000000000000        4.5372068498002909     
           2         236   14.427927131017807        16.000000000000000        4.5377530742603414     
           2         237   49.980379105545104        16.000000000000000        6.6495237815841426     
           2         238   14.428491128605794        16.000000000000000        4.5377535695472435     
           2         239   11.698367532388087        16.000000000000000        4.5366965845264389     
           2         240   10.603951191736339        16.000000000000000        4.5362163660201711     
           2         241   44.721624247271961        16.000000000000000        6.6486682577429583     
           2         242   16.121890440095417        16.000000000000000        4.5383329418842040     
           2         243   9.6558996703835174        16.000000000000000        4.5366576827001408     
           2         244   10.602561519944768        16.000000000000000        4.5362148056345548     
           2         245   6.5058993446340567        16.000000000000000        603.95102300296855     
           2         246   29.931123775379646        16.000000000000000        6.6470586872272461     
           2         247   11.698747612828825        16.000000000000000        4.5366969779159119     
           2         248   31.371203869883104        16.000000000000000        4.8837421887017198     
           2         249   9.6557412074954456        16.000000000000000        4.5357641031061178     
           2         250   10.604024347976914        16.000000000000000        4.5362164481549359     
           2         251   12.963714210255779        16.000000000000000        4.5372080128268353     
           2         252   5.8941291671149196        16.000000000000000        639.70221103916811     
           2         253   12.962494745131568        16.000000000000000        4.5372068498002909     
           2         254   11.699001019649305        16.000000000000000        4.5366972401866503     
           2         255   11.698367532388087        16.000000000000000        4.5366965845264389     
           2         256   16.122281810148632        16.000000000000000        4.5383332582356140     
           2         257   12.963714210255779        16.000000000000000        4.5372080128268353     
           2         258   14.428152723270047        16.000000000000000        4.5377532723717806     
           2         259   10.603951191736339        16.000000000000000        4.5371515400618891     
           2         260   49.979974671316263        16.000000000000000        6.6495236265513924     
           2         261   14.427645153422603        16.000000000000000        4.5377528266273988     
           2         262   11.698916548943922        16.000000000000000        4.5367033762506406     
           2         263   38.846991832222315        16.000000000000000        9.4816064831893545     
           2         264   16.119673112108487        16.000000000000000        4.5383311494281688     
           2         265  0.41451089051752887        16.000000000000000        23.704030358210279     
           2         266   10.603292855853050        16.000000000000000        4.5362156268486977     
           2         267   14.428378324566086        16.000000000000000        4.5377534704876386     
           2         268   9.6555827532517959        16.000000000000000        4.5357639102038165     
           2         269   44.729141137211649        16.000000000000000        6.6486713885256634     
           2         270   16.121890440095417        16.000000000000000        4.5383329418842040     
           2         271   12.962738613182399        16.000000000000000        4.5372070823924702     
           2         272   9.6557412074954456        16.000000000000000        4.5357695963293461     
           2         273   11.698747612828825        16.000000000000000        4.5366969779159119     
           2         274   34.908029472351402        16.000000000000000        4.8843267056416613     
           2         275   12.964397247059612        16.000000000000000        4.5372086641931730     
           2         276   10.603475714240849        16.000000000000000        4.5362158321666053     
           2         277   14.427927131017807        16.000000000000000        4.5388306138828982     
           2         278   16.121303428255239        16.000000000000000        4.5383324673771224     
           2         279   10.603475714240849        16.000000000000000        4.5362216783352798     
           2         280   14.425953584695806        16.000000000000000        4.5377513409757979     
           2         281   16.121890440095417        16.000000000000000        4.5383329418842040     
           2         282   12.964397247059612        16.000000000000000        4.5372086641931730     
           2         283   40.839504736789870        16.000000000000000        6.6509449412341350     
           2         284   12.963958140736764        16.000000000000000        4.5372082454518159     
           2         285   12.962494745131568        16.000000000000000        4.5372068498002909     
           2         286   12.964397247059612        16.000000000000000        4.5372086641931730     
           2         287   10.602378710382371        16.000000000000000        4.5362146003454358     
           2         288   12.964592418406539        16.000000000000000        4.5372088503072465     
           2         289   11.698916548943922        16.000000000000000        4.5366971527620530     
           2         290   12.964397247059612        16.000000000000000        4.5372086641931730     
           2         291   9.6561532289830279        16.000000000000000        4.5357646046775262     
           2         292   16.122281810148632        16.000000000000000        4.5383332582356140     
           2         293   10.603475714240849        16.000000000000000        4.5371509714529372     
           2         294   12.964202083700975        16.000000000000000        4.5372084780832918     
           2         295   16.121303428255239        16.000000000000000        4.5383324673771224     
           2         296   10.603951191736339        16.000000000000000        4.5362163660201711     
           2         297   9.6558996703835174        16.000000000000000        4.5357642960139035     
           2         298   11.699001019649305        16.000000000000000        4.5366972401866503     
           2         299   14.427927131017807        16.000000000000000        4.5377530742603414     
           2         300   16.121890440095417        16.000000000000000        4.5383329418842040     
           2         301   16.119347096940828        16.000000000000000        4.5383308858605576     
           2         302   10.602561519944768        16.000000000000000        4.5362148056345548     
           2         303   28.308776258968447        16.000000000000000        4.8831978981762854     
           2         304   10.603292855853050        16.000000000000000        4.5362214729976493     
           2         305   14.428491128605794        16.000000000000000        4.5388311419066598     
           2         306   10.602561519944768        16.000000000000000        4.5362148056345548     
           2         307   14.425953584695806        16.000000000000000        4.5377583988720600     
           2         308   12.964592418406539        16.000000000000000        4.5372154771282922     
           2         309   9.6562166220900423        16.000000000000000        4.5357646818455679     
           2         310   10.602561519944768        16.000000000000000        4.5362148056345548     
           2         311   16.121303428255239        16.000000000000000        4.5383324673771224     
           2         312   16.122151350902083        16.000000000000000        4.5383331527839319     
           2         313   9.6560264469174513        16.000000000000000        4.5357644503439740     
           2         314   11.698156392036170        16.000000000000000        4.5366963659853603     
           2         315   11.698747612828825        16.000000000000000        4.5366969779159119     
           2         316   9.6562166220900423        16.000000000000000        4.5357646818455679     
           2         317   9.6547906117267654        16.000000000000000        4.5357629457733584     
           2         318   12.963958140736764        16.000000000000000        4.5372082454518159     
           2         319   11.699001019649305        16.000000000000000        4.5366972401866503     
           2         320   14.427645153422603        16.000000000000000        4.5377528266273988     
           2         321   32.871633325537644        16.000000000000000        6.6464107518995377     
           2         322   14.427363189960710        16.000000000000000        4.5377525790013653     
           2         323   28.370386614306351        16.000000000000000        6.6472752231546224     
           2         324   14.428152723270047        16.000000000000000        4.5377603304435157     
           2         325   12.962738613182399        16.000000000000000        4.5372137090499152     
           2         326   16.122281810148632        16.000000000000000        4.5383332582356140     
           2         327   10.604024347976914        16.000000000000000        4.5362164481549359     
           2         328   10.603951191736339        16.000000000000000        4.5362163660201711     
           2         329   14.428378324566086        16.000000000000000        4.5377534704876386     
           2         330   12.963958140736764        16.000000000000000        4.5372148722168921     
           2         331   16.119673112108487        16.000000000000000        4.5383311494281688     
           2         332   23.364577624910279        16.000000000000000        4.8821862252022070     
           2         333   36.267064900279735        16.000000000000000        6.6471181372676433     
           2         334   9.6547906117267654        16.000000000000000        4.5357629457733584     
           2         335   16.121303428255239        16.000000000000000        4.5383324673771224     
           2         336   44.728441754924930        16.000000000000000        6.6502554923312909     
           2         337   9.6549490227370089        16.000000000000000        4.5357631386486847     
           2         338   44.725994137734688        16.000000000000000        6.6486804557256143     
           2         339   12.962494745131568        16.000000000000000        4.5372068498002909     
           2         340   10.603658582391427        16.000000000000000        4.5371511901435300     
           2         341   14.426235477473057        16.000000000000000        4.5377515885669446     
           2         342   14.428491128605794        16.000000000000000        4.5377535695472435     
           2         343   49.971281256962897        16.000000000000000        6.6511836048679926     
           2         344   14.427363189960710        16.000000000000000        4.5377525790013653     
           2         345   9.6562166220900423        16.000000000000000        4.5357646818455679     
           2         346   12.963958140736764        16.000000000000000        4.5372082454518159     
           2         347   11.698367532388087        16.000000000000000        4.5366965845264389     
           2         348   16.121629539538088        16.000000000000000        4.5383327309891577     
           2         349   9.6560264469174513        16.000000000000000        4.5357644503439740     
           2         350   14.428378324566086        16.000000000000000        4.5377534704876386     
           2         351   9.6547906117267654        16.000000000000000        4.5357629457733584     
           2         352   16.119347096940828        16.000000000000000        4.5383308858605576     
           2         353   40.184783341740292        16.000000000000000        6.6478677514620292     
           2         354   14.427645153422603        16.000000000000000        4.5377528266273988     
           2         355   12.964592418406539        16.000000000000000        4.5372088503072465     
           2         356   36.261959820233301        16.000000000000000        6.6471156312347341     
           2         357   40.190681251771323        16.000000000000000        6.6478704189784112     
           2         358   10.603658582391427        16.000000000000000        4.5362160374903269     
           2         359   9.6562166220900423        16.000000000000000        4.5357646818455679     
           2         360   14.425953584695806        16.000000000000000        4.5377513409757979     
           2         361   16.121629539538088        16.000000000000000        4.5383327309891577     
           2         362   11.698747612828825        16.000000000000000        4.5366969779159119     
           2         363   12.964592418406539        16.000000000000000        4.5372088503072465     
           2         364   9.6562166220900423        16.000000000000000        4.5357646818455679     
           2         365   31.370731602039264        16.000000000000000        4.8837491253183849     
           2         366   12.964690007075172        16.000000000000000        4.5372089433658553     
           2         367   40.190681251771323        16.000000000000000        6.6478801628019903     
           2         368   14.425953584695806        16.000000000000000        4.5377513409757979     
           2         369   11.697100855828532        16.000000000000000        4.5367014966831460     
           2         370   9.6555827532517959        16.000000000000000        4.5357694034081568     
           2         371   12.963958140736764        16.000000000000000        4.5372082454518159     
           2         372   32.873107344275176        16.000000000000000        6.6464115367794854     
           2         373   16.121303428255239        16.000000000000000        4.5383324673771224     
           2         374   14.427927131017807        16.000000000000000        4.5377530742603414     
           2         375   14.428152723270047        16.000000000000000        4.5377532723717806     
           2         376   10.603804883940311        16.000000000000000        4.5362220479575823     
           2         377   16.121303428255239        16.000000000000000        4.5383399866164522     
           2         378   16.119673112108487        16.000000000000000        4.5383311494281688     
           2         379   16.122151350902083        16.000000000000000        4.5383331527839319     
           2         380   14.428152723270047        16.000000000000000        4.5377603304435157     
           2         381   16.120977332988303        16.000000000000000        4.5383397229882672     
           2         382   10.603475714240849        16.000000000000000        4.5362216783352798     
           2         383   9.6561532289830279        16.000000000000000        4.5366580113551107     
           2         384   11.697100855828532        16.000000000000000        4.5376748167844250     
           2         385   15.787568886507934        16.000000000000000        2.7966548839156351     
           2         386   49.980379105545104        16.000000000000000        6.6495237815841426     
           2         387   11.698367532388087        16.000000000000000        4.5366965845264389     
           2         388   14.425953584695806        16.000000000000000        4.5388287660467777     
           2         389   25.659195362694071        16.000000000000000        4.8826733921603989     
           2         390   16.122281810148632        16.000000000000000        4.5383332582356140     
           2         391   9.6547906117267654        16.000000000000000        4.5357629457733584     
           2         392   44.469700676337055        16.000000000000000        6.6479206557842732     
           2         393   16.121303428255239        16.000000000000000        4.5383324673771224     
           2         394   12.963714210255779        16.000000000000000        4.5372080128268353     
           2         395   40.040746701609599        16.000000000000000        4.8849514968173979     
           2         396   10.602378710382371        16.000000000000000        4.5371496594459400     
           2         397   16.119673112108487        16.000000000000000        4.5383311494281688     
           2         398   40.190681251771323        16.000000000000000        6.6478704189784112     
           2         399   10.603804883940311        16.000000000000000        4.5362162017534029     
           2         400   9.6560264469174513        16.000000000000000        4.5357644503439740     
           2         401   11.697100855828532        16.000000000000000        4.5366952733717554     
           2         402   16.122281810148632        16.000000000000000        4.5383332582356140     
           2         403   10.602378710382371        16.000000000000000        4.5362204463957543     
           2         404   32.871633325537644        16.000000000000000        6.6477857474444288     
           2         405   16.121629539538088        16.000000000000000        4.5383327309891577     
           2         406   14.428378324566086        16.000000000000000        4.5377534704876386     
           2         407   16.121890440095417        16.000000000000000        4.5383404611658573     
           2         408   36.266541206534328        16.000000000000000        6.6485583131426784     
           2         409   14.427645153422603        16.000000000000000        4.5377528266273988     
           2         410   14.426235477473057        16.000000000000000        4.5377586464857096     
           2         411   10.603658582391427        16.000000000000000        4.5362218836787305     
