  economy_id district_id expected_hires capacity belief_expected_hires
           1           1   3.3147871560368549        17.000000000000000        4.3506318989389294     
           1           2   3.2857957707800667        17.000000000000000        4.3495824421315472     
           1           3   3.4345754282154513        17.000000000000000        4.3531868883991054     
           1           4   3.3246297708824630        17.000000000000000        4.3506318989389294     
           1           5   3.3105754557031779        17.000000000000000        4.3505591798625556     
           1           6   3.3146501281322522        17.000000000000000        4.3505591798625556     
           1           7   3.3274827795365307        17.000000000000000        4.3511046231565382     
           1           8   22.430655223385788        17.000000000000000        15.557948415816906     
           1           9   3.2661320493688155        17.000000000000000        4.3492187076315174     
           1          10   3.2837343441208606        17.000000000000000        4.3497643286943033     
           1          11   3.2759289472184587        17.000000000000000        4.3497643286943033     
           1          12   8.2918711703698449        17.000000000000000        4.6751290074288896     
           1          13   3.2913114309406271        17.000000000000000        4.3503990235150232     
           1          14   3.3589838745559430        17.000000000000000        4.3518891669423585     
           1          15   3.3060645748398185        17.000000000000000        4.3505591798625556     
           1          16   3.3064117277729506        17.000000000000000        4.3500716874526608     
           1          17   3.3150462516602945        17.000000000000000        4.3505591798625556     
           1          18   3.2967048219744139        17.000000000000000        4.3498534865882386     
           1          19   3.3129693838505596        17.000000000000000        4.3507773432723909     
           1          20   3.3078032878083001        17.000000000000000        4.3506318989389294     
           1          21   3.2848844422452768        17.000000000000000        4.3500716874526608     
           1          22   3.2947399650207729        17.000000000000000        4.3498534865882386     
           1          23   3.3345783669774933        17.000000000000000        4.3505591798625556     
           1          24   3.3327827077258760        17.000000000000000        4.3505591798625556     
           1          25   3.2671688252123103        16.000000000000000        4.3492187076315174     
           1          26   3.3050019138395328        16.000000000000000        4.3505591798625556     
           1          27   3.5249292327809010        16.000000000000000        4.3616010880907865     
           1          28   3.3184064057182354        16.000000000000000        4.3502171649963328     
           1          29   3.3810582141816941        16.000000000000000        4.3525798686076236     
           1          30   13.350006623567992        16.000000000000000        8.0117750032175934     
           1          31   57.977648155769259        16.000000000000000        52.818766146821012     
           1          32   3.3232312436823137        16.000000000000000        4.3505591798625556     
           1          33   3.3151889032487158        16.000000000000000        4.3498534865882386     
           1          34   3.3100552626211646        16.000000000000000        4.3520139529064785     
           1          35   3.3361603627195953        16.000000000000000        4.3505591798625556     
           1          36   3.3174110783669297        16.000000000000000        4.3511046231565382     
           1          37   3.2921734928948774        16.000000000000000        4.3499262181496663     
           1          38   3.3585271639392253        16.000000000000000        4.3514165330441976     
           1          39   3.3097973970804304        16.000000000000000        4.3506318989389294     
           1          40   3.3503563899714450        16.000000000000000        4.3514165330441976     
           1          41   3.2790418387406577        16.000000000000000        4.3492914504117630     
           1          42   3.3111686228638195        16.000000000000000        4.3520139529064785     
           1          43   3.2986344589069181        16.000000000000000        4.3502171649963328     
           1          44   3.3338708721468229        16.000000000000000        4.3517073743701724     
           1          45   3.3839098069183837        16.000000000000000        4.3507240215652860     
           1          46   3.3950755128488184        16.000000000000000        4.3522890891553141     
           1          47   83.930150024905217        16.000000000000000        73.260115119104569     
           1          48   3.3411692060808833        16.000000000000000        4.3505591798625556     
           1          49   57.935975685414405        16.000000000000000        56.207684931200447     
           1          50   12.877975086602987        16.000000000000000        6.4514064434612850     
           1          51   3.2685777858171852        16.000000000000000        4.3495824421315472     
           1          52   3.3915200718618457        16.000000000000000        4.3509421842187184     
           1          53   3.3082386514516773        16.000000000000000        4.3505591798625556     
           1          54   3.3663612365328537        16.000000000000000        4.3527616225111032     
           1          55   3.3507540411225745        16.000000000000000        4.3505591798625556     
           1          56   3.5178567023594827        16.000000000000000        4.3615284110635235     
           1          57   3.3107262574991845        16.000000000000000        4.3521958575035145     
           1          58   3.4686038101355763        16.000000000000000        4.3531868883991054     
           1          59   3.2965936422068123        16.000000000000000        4.3499262181496663     
           1          60   3.3183291886860413        16.000000000000000        4.3505591798625556     
           1          61   85.353275960466220        16.000000000000000        75.571881037128108     
           1          62   3.3292575624154481        16.000000000000000        4.3497643286943033     
           1          63   3.3346851479501161        16.000000000000000        4.3520709723951949     
           1          64   3.3090806008810754        16.000000000000000        4.3507773432723909     
           1          65   3.3205477904867178        16.000000000000000        4.3498534865882386     
           1          66   10.262890284362118        16.000000000000000        6.3467434129277658     
           1          67   3.3072363564552623        16.000000000000000        4.3505591798625556     
           1          68   3.3073222503742117        16.000000000000000        4.3505591798625556     
           1          69   3.3576588935126179        16.000000000000000        4.3512694629683111     
           1          70   3.3256045056953436        16.000000000000000        4.3505591798625556     
           1          71   3.2907057675563567        16.000000000000000        4.3503990235150232     
           1          72   3.3160454515667181        16.000000000000000        4.3512864633448398     
           1          73   3.3185822400468341        16.000000000000000        4.3505591798625556     
           1          74   3.3091072149449174        16.000000000000000        4.3505591798625556     
           1          75   3.3624036406513396        16.000000000000000        4.3505591798625556     
           1          76   3.3111577479353960        16.000000000000000        4.3509227958474197     
           1          77   3.3669883285653590        16.000000000000000        4.3524344747596038     
           1          78   3.3424599354340288        16.000000000000000        4.3514165330441976     
           1          79   3.3221989951386051        16.000000000000000        4.3505591798625556     
           1          80   11.432877036278700        16.000000000000000        6.4362495148047589     
           1          81   3.3072214335166508        16.000000000000000        4.3507773432723909     
           1          82   3.3277082624826892        16.000000000000000        4.3505591798625556     
           1          83   3.3631623745076564        16.000000000000000        4.3505591798625556     
           1          84   3.3498132148072575        16.000000000000000        4.3506318989389294     
           1          85   11.687093219563151        16.000000000000000        6.4352618649248479     
           1          86   3.3683365013624575        16.000000000000000        4.3507240215652860     
           1          87   3.3603793882910518        16.000000000000000        4.3529801929004801     
           1          88   10.195750557192994        16.000000000000000        6.3453099237666182     
           1          89   3.3169275031369518        16.000000000000000        4.3506318989389294     
           1          90   3.4192990887934873        16.000000000000000        4.3531868883991054     
           1          91   3.3993400175810771        16.000000000000000        4.3507967403895345     
           1          92   3.3310669172966327        16.000000000000000        4.3513438278641576     
           1          93   3.3640614772460702        16.000000000000000        4.3524344747596038     
           1          94   3.3104359046629570        16.000000000000000        4.3507773432723909     
           1          95   3.4052799890233922        16.000000000000000        4.3512694629683111     
           1          96   8.0117267155048850        16.000000000000000        4.6719938527723501     
           1          97   3.3162965241831888        16.000000000000000        4.3505591798625556     
           1          98   3.3133713892825751        16.000000000000000        4.3493518663666881     
           1          99   3.3152341551062170        16.000000000000000        4.3511046231565382     
           1         100   3.3118906212123997        16.000000000000000        4.3505591798625556     
           1         101   3.3549458865990176        16.000000000000000        4.3505591798625556     
           1         102   3.3839451269988050        16.000000000000000        4.3512694629683111     
           1         103   3.3102254212792102        16.000000000000000        4.3507773432723909     
           1         104   3.3079438460049087        16.000000000000000        4.3505591798625556     
           1         105   3.3087205263040849        16.000000000000000        4.3505591798625556     
           1         106   3.3231446220033574        16.000000000000000        4.3505591798625556     
           1         107   3.9456055680562376        16.000000000000000        4.3618918171437979     
           1         108   3.3486489443131817        16.000000000000000        4.3507240215652860     
           1         109   3.3670091589101321        16.000000000000000        4.3529433892970388     
           1         110   3.4189072196762402        16.000000000000000        4.3522163994443703     
           1         111   3.3216016962520496        16.000000000000000        4.3505591798625556     
           1         112   3.3096531273748417        16.000000000000000        4.3505591798625556     
           1         113   3.3664493385412109        16.000000000000000        4.3524344747596038     
           1         114   8.1279417667504958        16.000000000000000        4.6719158178331837     
           1         115   3.3658274434067192        16.000000000000000        4.3507967403895345     
           1         116   3.5550931672297570        16.000000000000000        4.3617464484282751     
           1         117   11.258237132084098        16.000000000000000        5.8831768127126489     
           1         118   12.000252925791411        16.000000000000000        6.3655357908359189     
           1         119   12.657681421352676        16.000000000000000        6.4526183009406566     
           1         120   3.3060084711630080        16.000000000000000        4.3506318989389294     
           1         121   3.6654797730260018        16.000000000000000        4.3635449568580338     
           1         122   3.3881928312727507        16.000000000000000        4.3522890891553141     
           1         123   3.2918002744360373        16.000000000000000        4.3498534865882386     
           1         124   3.3199684628049262        16.000000000000000        4.3507773432723909     
           1         125   3.4006835162319677        16.000000000000000        4.3520727303347506     
           1         126   3.3972306287695040        16.000000000000000        4.3517455141926282     
           1         127   16.784076746509736        16.000000000000000        13.847440859008403     
           1         128   3.3444323641935383        16.000000000000000        4.3527983230309921     
           1         129   3.3000894025796867        16.000000000000000        4.3505808949113742     
           1         130   3.3367565811733475        16.000000000000000        4.3513438278641576     
           1         131   3.3112466411561483        16.000000000000000        4.3505591798625556     
           1         132   21.960833532652472        16.000000000000000        13.344660598954542     
           1         133   198.68031375640379        16.000000000000000        177.59247329244872     
           1         134   3.3077915413362873        16.000000000000000        4.3505591798625556     
           1         135   3.3139019069052500        16.000000000000000        4.3509227958474197     
           1         136   83.743650315296463        16.000000000000000        65.214370663289074     
           1         137   3.2945177325847728        16.000000000000000        4.3498534865882386     
           1         138   3.3051773167788809        16.000000000000000        4.3505591798625556     
           1         139   3.3296948022259190        16.000000000000000        4.3507773432723909     
           1         140   7.9553069302518482        16.000000000000000        4.6720372199407727     
           1         141   139.94760241548693        16.000000000000000        105.27058306729748     
           1         142   284.01276066284959        16.000000000000000        257.72378336427937     
           1         143   3.3719613826806212        16.000000000000000        4.3517073743701724     
           1         144   3.2925316689793025        16.000000000000000        4.3500716874526608     
           1         145   3.3008663491848900        16.000000000000000        4.3513085092909582     
           1         146   4.0109613356370550        16.000000000000000        4.3629823496139064     
           1         147   3.3071784376052831        16.000000000000000        4.3505591798625556     
           1         148   3.7504176680185859        16.000000000000000        4.3620735398203738     
           1         149   3.8030822873428773        16.000000000000000        4.3636902736118390     
           1         150   197.36169921943409        16.000000000000000        163.42386998641553     
           1         151   257.13205114783153        16.000000000000000        233.62128589852890     
           1         152   3.3319896220880865        16.000000000000000        4.3513438278641576     
           1         153   3.2989902056257865        16.000000000000000        4.3498534865882386     
           1         154   3.6729622120518077        16.000000000000000        4.3615284110635235     
           1         155   3.3249733631934046        16.000000000000000        4.3505591798625556     
           1         156   3.3396847949633988        16.000000000000000        4.3507773432723909     
           1         157   3.3235394074115754        16.000000000000000        4.3509227958474197     
           1         158   10.275926117622134        16.000000000000000        6.3467434129277658     
           1         159   3.5668946614152981        16.000000000000000        4.3620735398203738     
           1         160   3.3323649442791052        16.000000000000000        4.3505591798625556     
           1         161   10.311526824356667        16.000000000000000        6.3467434129277658     
           1         162   10.389689236598812        16.000000000000000        6.3468490293887765     
           1         163   3.3072151413796789        16.000000000000000        4.3509227958474197     
           1         164   3.2859030184564051        16.000000000000000        4.3500716874526608     
           1         165   3.5731821861937174        16.000000000000000        4.3600996287509970     
           1         166   3.3124647480128337        16.000000000000000        4.3506318989389294     
           1         167   3.3031140451705685        16.000000000000000        4.3503990235150232     
           1         168   3.3242441850259739        16.000000000000000        4.3505591798625556     
           1         169   3.4174173936304717        16.000000000000000        4.3539137060437056     
           1         170   8.0114056407485563        16.000000000000000        4.6713993630549879     
           1         171   3.6129945326537367        16.000000000000000        4.3615284110635235     
           1         172   3.6329301940253633        16.000000000000000        4.3615284110635235     
           1         173   3.3375905949637263        16.000000000000000        4.3505591798625556     
           1         174   3.5080241325809309        16.000000000000000        4.3585356271135876     
           1         175   10.339675766158638        16.000000000000000        6.3467434129277658     
           1         176   57.984541795795884        16.000000000000000        56.973122707139716     
           1         177   3.6314484884615710        16.000000000000000        4.3640536021996246     
           1         178   3.3290726062209934        16.000000000000000        4.3507773432723909     
           1         179   3.3478246567369281        16.000000000000000        4.3505591798625556     
           1         180   10.340712542095646        16.000000000000000        6.3467434129277658     
           1         181   10.413389440530890        16.000000000000000        6.3470602712186279     
           1         182   7.9238539861517223        16.000000000000000        4.6707097801210260     
           1         183   3.2885653111344166        16.000000000000000        4.3505808949113742     
           1         184   3.3210175704197620        16.000000000000000        4.3507773432723909     
           1         185   3.3727197235666395        16.000000000000000        4.3509421842187184     
           1         186   3.3759087488306245        16.000000000000000        4.3510876362894946     
           1         187   3.2884596062540754        16.000000000000000        4.3499262181496663     
           1         188   3.6383287607559893        16.000000000000000        4.3654030093966778     
           1         189   3.2984841389812427        16.000000000000000        4.3502171649963328     
           1         190   3.3383383190734479        16.000000000000000        4.3513438278641576     
           1         191   3.2980647742684943        16.000000000000000        4.3498534865882386     
           1         192   3.3959494638524408        16.000000000000000        4.3516000981906382     
           1         193   3.3655313867122971        16.000000000000000        4.3510876362894946     
           1         194   4.3496994743035611        16.000000000000000        4.3615284110635235     
           1         195   10.336433267195556        16.000000000000000        6.3467434129277658     
           1         196   3.2979690046099841        16.000000000000000        4.3492914504117630     
           1         197   3.5504151834004460        16.000000000000000        4.3622552755895434     
           1         198   3.3411069129521493        16.000000000000000        4.3515619495858964     
           1         199   3.3060431770585019        16.000000000000000        4.3505591798625556     
           1         200   3.3264056742494361        16.000000000000000        4.3505591798625556     
           1         201   8.1007209816127030        16.000000000000000        4.6721499292750597     
           1         202   3.3270648369966174        16.000000000000000        4.3505591798625556     
           1         203   3.3967640290830157        16.000000000000000        4.3522163994443703     
           1         204   3.3049060429673500        16.000000000000000        4.3505591798625556     
           1         205   3.3168005674098047        16.000000000000000        4.3505591798625556     
           1         206   3.4073061486286456        16.000000000000000        4.3535502714544352     
           1         207   3.3245166878828076        16.000000000000000        4.3511046231565382     
           1         208   3.3243152626914281        16.000000000000000        4.3500716874526608     
           1         209   3.3642278479656711        16.000000000000000        4.3507773432723909     
           1         210   3.3431959308130028        16.000000000000000        4.3514165330441976     
           1         211   3.3270802925694900        16.000000000000000        4.3505591798625556     
           1         212   3.5224310370045253        16.000000000000000        4.3599133839009330     
           1         213   10.391994135623989        16.000000000000000        6.3467434129277658     
           1         214   3.3131819915211915        16.000000000000000        4.3505591798625556     
           1         215   3.3068962150855219        16.000000000000000        4.3505591798625556     
           1         216   3.3155937795739909        16.000000000000000        4.3505591798625556     
           1         217   10.343172288647182        16.000000000000000        6.3470602712186279     
           1         218   3.3194833877778054        16.000000000000000        4.3505591798625556     
           1         219   142.05551091605554        16.000000000000000        125.75968201433224     
           1         220   3.3969527201714955        16.000000000000000        4.3537319823068081     
           1         221   333.63985462303026        16.000000000000000        312.32810212574606     
           1         222   3.3089334742675631        16.000000000000000        4.3509227958474197     
           1         223   3.3145974169650678        16.000000000000000        4.3506318989389294     
           1         224   362.28730758689505        16.000000000000000        352.10798801148502     
           1         225   4.3931151991664885        16.000000000000000        4.3615284110635235     
           1         226   558.18698073251676        16.000000000000000        531.64269882873009     
           1         227   4.2959483449576616        16.000000000000000        4.3615284110635235     
           1         228   10.357433691974926        16.000000000000000        6.3467434129277658     
           1         229   10.429200804260720        16.000000000000000        6.3469846765527667     
           1         230   389.01826731905652        16.000000000000000        350.64141318176166     
           1         231   3.3276378031030180        16.000000000000000        4.3506318989389294     
           1         232   3.3652962877502035        16.000000000000000        4.3525798686076236     
           1         233   3.3103461256189854        16.000000000000000        4.3509227958474197     
           1         234   3.3310855613296959        16.000000000000000        4.3517073743701724     
           1         235   3.3102195783241544        16.000000000000000        4.3498534865882386     
           1         236   3.2698151953011374        16.000000000000000        4.3492187076315174     
           1         237   10.327276324248446        16.000000000000000        6.3458162728030079     
           1         238   3.3112299744367997        16.000000000000000        4.3498534865882386     
           1         239   3.3392161138019834        16.000000000000000        4.3505591798625556     
           1         240   3.3376261334619022        16.000000000000000        4.3505591798625556     
           1         241   10.289191252920538        16.000000000000000        6.3467434129277658     
           1         242   3.3364329558340935        16.000000000000000        4.3505591798625556     
           1         243   3.7890223088298538        16.000000000000000        4.3636902736118390     
           1         244   3.3234853823329957        16.000000000000000        4.3505591798625556     
           1         245   725.70418653757281        16.000000000000000        682.55422774634337     
           1         246   14.460235691618367        16.000000000000000        6.3721559161633925     
           1         247   3.3229581857883037        16.000000000000000        4.3505591798625556     
           1         248   8.0769951001456111        16.000000000000000        4.6726962665983205     
           1         249   3.3412347042340018        16.000000000000000        4.3513438278641576     
           1         250   3.3234324985425334        16.000000000000000        4.3505591798625556     
           1         251   3.3345324244468801        16.000000000000000        4.3514165330441976     
           1         252   780.63068202425541        16.000000000000000        739.46612873375636     
           1         253   3.3368502327154870        16.000000000000000        4.3505591798625556     
           1         254   3.3517025912796119        16.000000000000000        4.3509227958474197     
           1         255   3.3238495588599499        16.000000000000000        4.3505591798625556     
           1         256   3.3304440826973352        16.000000000000000        4.3505591798625556     
           1         257   3.3069067718541709        16.000000000000000        4.3505591798625556     
           1         258   3.3130938559752710        16.000000000000000        4.3507773432723909     
           1         259   3.6837057231319137        16.000000000000000        4.3604586861017767     
           1         260   10.480883175644879        16.000000000000000        6.3479973233759797     
           1         261   3.3207229222427079        16.000000000000000        4.3505591798625556     
           1         262   3.4381703308373819        16.000000000000000        4.3507240215652860     
           1         263   14.895492094787457        16.000000000000000        9.0487531885636905     
           1         264   3.3913711168002636        16.000000000000000        4.3515619495858964     
           1         265   27.497856453802648        16.000000000000000        25.129061750507681     
           1         266   3.2793965181613234        16.000000000000000        4.3492187076315174     
           1         267   3.3218413190856495        16.000000000000000        4.3505591798625556     
           1         268   3.3405398374727464        16.000000000000000        4.3505591798625556     
           1         269   10.209395881643360        16.000000000000000        6.3457106380715187     
           1         270   3.3671528131429533        16.000000000000000        4.3505591798625556     
           1         271   3.3464234560519581        16.000000000000000        4.3505591798625556     
           1         272   3.3737130048502784        16.000000000000000        4.3515273932804606     
           1         273   3.3087543523499678        16.000000000000000        4.3521958575035145     
           1         274   8.0373369428507306        16.000000000000000        4.6717430262164532     
           1         275   3.3133120097461370        16.000000000000000        4.3505591798625556     
           1         276   3.2925918811668109        16.000000000000000        4.3505808949113742     
           1         277   3.6518277993300914        16.000000000000000        4.3616010880907865     
           1         278   3.3457203319254529        16.000000000000000        4.3509227958474197     
           1         279   3.3333920978729328        16.000000000000000        4.3495701002255176     
           1         280   3.3397549923566543        16.000000000000000        4.3518891669423585     
           1         281   3.3092347625975442        16.000000000000000        4.3505591798625556     
           1         282   3.2973341472447810        16.000000000000000        4.3502171649963328     
           1         283   13.606833620314628        16.000000000000000        6.3731764389190131     
           1         284   3.3101871697145566        16.000000000000000        4.3505591798625556     
           1         285   3.3101761141229455        16.000000000000000        4.3505591798625556     
           1         286   3.3750466025924388        16.000000000000000        4.3527616225111032     
           1         287   3.3047391239281332        16.000000000000000        4.3499262181496663     
           1         288   3.3507074943963424        16.000000000000000        4.3529801929004801     
           1         289   3.2680713880728400        16.000000000000000        4.3492914504117630     
           1         290   3.3383692256175159        16.000000000000000        4.3498534865882386     
           1         291   3.3390408853394704        16.000000000000000        4.3505591798625556     
           1         292   3.2801059777701762        16.000000000000000        4.3495824421315472     
           1         293   3.6384453988430847        16.000000000000000        4.3615284110635235     
           1         294   3.3054543717780858        16.000000000000000        4.3509227958474197     
           1         295   3.3205966335099979        16.000000000000000        4.3507773432723909     
           1         296   3.3451693608697566        16.000000000000000        4.3505591798625556     
           1         297   3.3175905443520568        16.000000000000000        4.3506318989389294     
           1         298   3.3351547569141951        16.000000000000000        4.3527983230309921     
           1         299   3.3115720137709084        16.000000000000000        4.3506318989389294     
           1         300   3.3079701142901419        16.000000000000000        4.3511046231565382     
           1         301   3.3404986508225400        16.000000000000000        4.3505591798625556     
           1         302   3.3250225800140631        16.000000000000000        4.3505591798625556     
           1         303   8.2171857251992524        16.000000000000000        4.6720929286789818     
           1         304   3.3701376116400161        16.000000000000000        4.3509421842187184     
           1         305   3.4885989583743195        16.000000000000000        4.3615284110635235     
           1         306   3.3560908310447091        16.000000000000000        4.3505808949113742     
           1         307   3.4213994014359792        16.000000000000000        4.3512694629683111     
           1         308   3.3915823822463422        16.000000000000000        4.3500743298745776     
           1         309   3.3065692930556683        16.000000000000000        4.3499262181496663     
           1         310   3.3635355367531790        16.000000000000000        4.3513438278641576     
           1         311   3.3124314289357812        16.000000000000000        4.3506318989389294     
           1         312   3.2903994452824108        16.000000000000000        4.3498534865882386     
           1         313   3.3331440514559096        16.000000000000000        4.3517073743701724     
           1         314   3.3236354341525014        16.000000000000000        4.3506318989389294     
           1         315   3.3789530588044507        16.000000000000000        4.3517073743701724     
           1         316   3.3470241381134169        16.000000000000000        4.3505591798625556     
           1         317   3.3071858165300942        16.000000000000000        4.3505591798625556     
           1         318   3.3445383600593828        16.000000000000000        4.3517073743701724     
           1         319   3.3804995455521456        16.000000000000000        4.3514165330441976     
           1         320   3.3004717761250344        16.000000000000000        4.3503990235150232     
           1         321   10.287072117479813        16.000000000000000        6.3467434129277658     
           1         322   3.3062637606654484        16.000000000000000        4.3509227958474197     
           1         323   11.992839905460771        16.000000000000000        6.3673790575500657     
           1         324   3.3785467784171952        16.000000000000000        4.3509421842187184     
           1         325   3.3755348552344695        16.000000000000000        4.3523606935337682     
           1         326   3.3348482290659134        16.000000000000000        4.3505591798625556     
           1         327   3.3186944820526278        16.000000000000000        4.3509227958474197     
           1         328   3.3193374975167846        16.000000000000000        4.3505591798625556     
           1         329   3.3283244517573323        16.000000000000000        4.3505591798625556     
           1         330   3.3583520257909205        16.000000000000000        4.3507240215652860     
           1         331   3.3233181757114734        16.000000000000000        4.3507773432723909     
           1         332   8.1151512328670101        16.000000000000000        4.6721499292750597     
           1         333   10.420406600192981        16.000000000000000        6.3475356087647707     
           1         334   3.3074213863122255        16.000000000000000        4.3511046231565382     
           1         335   3.3287978515527472        16.000000000000000        4.3505591798625556     
           1         336   11.764124084098778        16.000000000000000        6.3633257758801474     
           1         337   3.3258070414476575        16.000000000000000        4.3509227958474197     
           1         338   10.455140067284203        16.000000000000000        6.3469846765527667     
           1         339   3.3059147414938774        16.000000000000000        4.3506318989389294     
           1         340   3.7017023718207827        16.000000000000000        4.3617464484282751     
           1         341   3.3050750550539685        16.000000000000000        4.3505591798625556     
           1         342   3.3064359446943814        16.000000000000000        4.3505591798625556     
           1         343   11.498142373395032        16.000000000000000        6.3631146449052034     
           1         344   3.2813575206445980        16.000000000000000        4.3499462281333985     
           1         345   3.3187636034785331        16.000000000000000        4.3511046231565382     
           1         346   3.3172843888937704        16.000000000000000        4.3512864633448398     
           1         347   3.3064686021640930        16.000000000000000        4.3506318989389294     
           1         348   3.3294245613008302        16.000000000000000        4.3505591798625556     
           1         349   3.3337507185296755        16.000000000000000        4.3517073743701724     
           1         350   3.3124208876446994        16.000000000000000        4.3507773432723909     
           1         351   3.3220550337925125        16.000000000000000        4.3506318989389294     
           1         352   3.3419190144251170        16.000000000000000        4.3505591798625556     
           1         353   10.398126331538538        16.000000000000000        6.3467434129277658     
           1         354   3.3170932437415339        16.000000000000000        4.3507773432723909     
           1         355   3.3208877628863962        16.000000000000000        4.3505591798625556     
           1         356   10.489622675850748        16.000000000000000        6.3479973233759797     
           1         357   10.243824497478153        16.000000000000000        6.3467434129277658     
           1         358   3.3440275629288161        16.000000000000000        4.3514165330441976     
           1         359   3.3129471887495390        16.000000000000000        4.3505591798625556     
           1         360   3.3118802470224575        16.000000000000000        4.3505591798625556     
           1         361   3.3230719213503153        16.000000000000000        4.3511046231565382     
           1         362   3.3202621198398696        16.000000000000000        4.3505591798625556     
           1         363   3.3127382293098444        16.000000000000000        4.3506318989389294     
           1         364   3.2882145911145102        16.000000000000000        4.3499262181496663     
           1         365   8.1526994098637662        16.000000000000000        4.6720929286789818     
           1         366   3.3606512454531545        16.000000000000000        4.3522163994443703     
           1         367   10.446031269431247        16.000000000000000        6.3473015337365579     
           1         368   3.3610620018246649        16.000000000000000        4.3513438278641576     
           1         369   3.4046812064758365        16.000000000000000        4.3507240215652860     
           1         370   3.3446676068038212        16.000000000000000        4.3498974857760757     
           1         371   3.3205410121037313        16.000000000000000        4.3514904450889844     
           1         372   10.359922862749078        16.000000000000000        6.3467434129277658     
           1         373   3.3210223345509382        16.000000000000000        4.3505591798625556     
           1         374   3.3183103517953136        16.000000000000000        4.3506318989389294     
           1         375   3.2739445858739749        16.000000000000000        4.3492914504117630     
           1         376   3.4606346623640309        16.000000000000000        4.3541417062374563     
           1         377   3.4220874435690778        16.000000000000000        4.3524209271197787     
           1         378   3.3059153869150846        16.000000000000000        4.3509227958474197     
           1         379   3.3140481685343093        16.000000000000000        4.3505591798625556     
           1         380   3.4204003906813440        16.000000000000000        4.3512694629683111     
           1         381   3.4310574787640413        16.000000000000000        4.3507240215652860     
           1         382   3.4134080558843305        16.000000000000000        4.3507240215652860     
           1         383   3.5412227124965523        16.000000000000000        4.3622552755895434     
           1         384   3.6379796112987792        16.000000000000000        4.3615284110635235     
           1         385   7.2321796560940612        16.000000000000000        2.7056996909691424     
           1         386   10.369559018686154        16.000000000000000        6.3467434129277658     
           1         387   3.3548982399260563        16.000000000000000        4.3515619495858964     
           1         388   3.5008515810461791        16.000000000000000        4.3615284110635235     
           1         389   8.0263824235725956        16.000000000000000        4.6721499292750597     
           1         390   3.3152722022478778        16.000000000000000        4.3506318989389294     
           1         391   3.3900726726932726        16.000000000000000        4.3524344747596038     
           1         392   12.088960756591998        16.000000000000000        6.3615627346147043     
           1         393   3.2966033370948260        16.000000000000000        4.3498534865882386     
           1         394   3.3052681375519768        16.000000000000000        4.3505591798625556     
           1         395   9.4980291857010517        16.000000000000000        4.6832783338928143     
           1         396   3.6799729227927771        16.000000000000000        4.3631641508626977     
           1         397   3.3179891988204830        16.000000000000000        4.3506318989389294     
           1         398   10.411617776562974        16.000000000000000        6.3500042140916095     
           1         399   3.3335036636794846        16.000000000000000        4.3505591798625556     
           1         400   3.3040789959475210        16.000000000000000        4.3499262181496663     
           1         401   3.3170603649338668        16.000000000000000        4.3511046231565382     
           1         402   3.3905992287963644        16.000000000000000        4.3536705852829005     
           1         403   3.3765764657117319        16.000000000000000        4.3507240215652860     
           1         404   11.888914662989665        16.000000000000000        6.3631146449052034     
           1         405   3.3133745003954460        16.000000000000000        4.3506318989389294     
           1         406   3.3171810920476044        16.000000000000000        4.3507773432723909     
           1         407   3.3823208063869337        16.000000000000000        4.3514513025263222     
           1         408   12.213746316693468        16.000000000000000        6.3633257758801474     
           1         409   3.3582908787082393        16.000000000000000        4.3517073743701724     
           1         410   3.3983591800465760        16.000000000000000        4.3515273932804606     
           1         411   3.3715382502254871        16.000000000000000        4.3510876362894946     
           2           1   3.3249291758285233        17.000000000000000        4.4054010205114409     
           2           2   3.4280499277799179        17.000000000000000        4.4079887702040939     
           2           3   3.3513467958078667        17.000000000000000        4.4051899800587506     
           2           4   3.3903936930407386        17.000000000000000        4.4071230505753007     
           2           5   3.3205487719714220        17.000000000000000        4.4051899800587506     
           2           6   3.3245750397454952        17.000000000000000        4.4051899800587506     
           2           7   3.3364100843939331        17.000000000000000        4.4051899800587506     
           2           8   17.969438766955431        17.000000000000000        12.002326119158518     
           2           9   3.3167266299288514        17.000000000000000        4.4051899800587506     
           2          10   3.3353499606049777        17.000000000000000        4.4054010205114409     
           2          11   3.3270732486252017        17.000000000000000        4.4055417237113774     
           2          12   7.9889597774580912        17.000000000000000        4.7305556216481754     
           2          13   3.3009948637900113        17.000000000000000        4.4048068087774475     
           2          14   3.2987959400322704        17.000000000000000        4.4037928778112851     
           2          15   3.3409828832348549        17.000000000000000        4.4060059798053341     
           2          16   3.3161495615652883        17.000000000000000        4.4046660799544677     
           2          17   3.3257993279881135        17.000000000000000        4.4057176134723353     
           2          18   3.3288860817659307        17.000000000000000        4.4051899800587506     
           2          19   3.3226919495393274        17.000000000000000        4.4052603249633746     
           2          20   3.3202200711869705        17.000000000000000        4.4067732031737092     
           2          21   3.2757089095951919        17.000000000000000        4.4037928778112851     
           2          22   3.3274112030303127        17.000000000000000        4.4055417237113774     
           2          23   3.3451536220753728        17.000000000000000        4.4057176134723353     
           2          24   3.3426721920427664        17.000000000000000        4.4052603249633746     
           2          25   3.3178596331798467        16.000000000000000        4.4051899800587506     
           2          26   3.3150288111649604        16.000000000000000        4.4051899800587506     
           2          27   3.5015223680505607        16.000000000000000        4.4053465265903045     
           2          28   3.3510273660204519        16.000000000000000        4.4052603249633746     
           2          29   3.3354954651689352        16.000000000000000        4.4057176134723353     
           2          30   13.391369518919085        16.000000000000000        8.0285510625927330     
           2          31   57.977582746070922        16.000000000000000        52.593698106839057     
           2          32   3.3111797204141240        16.000000000000000        4.4048068087774475     
           2          33   3.3256974930597751        16.000000000000000        4.4049827305659868     
           2          34   3.3186557514198491        16.000000000000000        4.4057176134723353     
           2          35   3.3458980419546571        16.000000000000000        4.4051899800587506     
           2          36   3.3520566249464263        16.000000000000000        4.4060763104674230     
           2          37   3.3493970377730755        16.000000000000000        4.4060059798053341     
           2          38   3.3418883090233962        16.000000000000000        4.4051899800587506     
           2          39   3.3196638691244993        16.000000000000000        4.4051899800587506     
           2          40   3.3346248869891681        16.000000000000000        4.4055417237113774     
           2          41   3.3306966541721867        16.000000000000000        4.4051899800587506     
           2          42   3.3440844890368666        16.000000000000000        4.4060763104674230     
           2          43   3.3306445998082816        16.000000000000000        4.4054010205114409     
           2          44   3.3188447468147171        16.000000000000000        4.4055417237113774     
           2          45   3.3937462661274833        16.000000000000000        4.4055476953319053     
           2          46   3.3493431920544059        16.000000000000000        4.4065972416558026     
           2          47   83.954283609926364        16.000000000000000        75.570361785544335     
           2          48   3.3509092398078275        16.000000000000000        4.4051899800587506     
           2          49   57.946898611524482        16.000000000000000        56.377571490431905     
           2          50   12.849734306642929        16.000000000000000        6.5283547061734701     
           2          51   3.3187834553261215        16.000000000000000        4.4051899800587506     
           2          52   3.4654473972635378        16.000000000000000        4.4074469107552812     
           2          53   3.3183406633934736        16.000000000000000        4.4052603249633746     
           2          54   3.3476367018451207        16.000000000000000        4.4067093725238653     
           2          55   3.3603930540006499        16.000000000000000        4.4052603249633746     
           2          56   3.5261156549699897        16.000000000000000        4.4055854724890278     
           2          57   3.3182016025588741        16.000000000000000        4.4051899800587506     
           2          58   3.3798312194706575        16.000000000000000        4.4058935151908685     
           2          59   3.3286613247385888        16.000000000000000        4.4051899800587506     
           2          60   3.2871754972682816        16.000000000000000        4.4041447431596392     
           2          61   86.040113189263934        16.000000000000000        79.080546960815440     
           2          62   3.3876337486902619        16.000000000000000        4.4067732031737092     
           2          63   3.4055398635332952        16.000000000000000        4.4079887702040939     
           2          64   3.3729056797086066        16.000000000000000        4.4071230505753007     
           2          65   3.3098352829048556        16.000000000000000        4.4040039912827558     
           2          66   10.167971341099896        16.000000000000000        6.4449539362069643     
           2          67   3.2769583959418469        16.000000000000000        4.4040039912827558     
           2          68   3.3173280251693376        16.000000000000000        4.4051899800587506     
           2          69   3.3423797897578384        16.000000000000000        4.4045307271128262     
           2          70   3.3619137132804515        16.000000000000000        4.4063576522479888     
           2          71   3.3217730882934315        16.000000000000000        4.4051899800587506     
           2          72   3.3799538386168209        16.000000000000000        4.4072636936239293     
           2          73   3.3284316795993059        16.000000000000000        4.4051899800587506     
           2          74   3.2981266848871913        16.000000000000000        4.4049827305659868     
           2          75   3.3719793256220085        16.000000000000000        4.4052603249633746     
           2          76   3.3205650044375576        16.000000000000000        4.4051899800587506     
           2          77   3.3226202686682655        16.000000000000000        4.4054010205114409     
           2          78   3.3816273771370984        16.000000000000000        4.4069824151806376     
           2          79   3.3326406528401376        16.000000000000000        4.4055417237113774     
           2          80   11.465304926721966        16.000000000000000        6.5267426857797997     
           2          81   3.3168952230915125        16.000000000000000        4.4051899800587506     
           2          82   3.3149544912416102        16.000000000000000        4.4045253587824682     
           2          83   3.3728057612193694        16.000000000000000        4.4052603249633746     
           2          84   3.3594160670114133        16.000000000000000        4.4052603249633746     
           2          85   12.015358442329097        16.000000000000000        6.5307450921294841     
           2          86   3.3778614171855241        16.000000000000000        4.4051959517249939     
           2          87   3.3411165908178764        16.000000000000000        4.4051899800587506     
           2          88   10.359931856768160        16.000000000000000        6.4474662817395672     
           2          89   3.3268428296953303        16.000000000000000        4.4052603249633746     
           2          90   3.3384993382034103        16.000000000000000        4.4051899800587506     
           2          91   3.4086890423001011        16.000000000000000        4.4052662966204705     
           2          92   3.2950651743298267        16.000000000000000        4.4048068087774475     
           2          93   3.3208679759781523        16.000000000000000        4.4058935151908685     
           2          94   3.3200644453891823        16.000000000000000        4.4051899800587506     
           2          95   3.3879727702819591        16.000000000000000        4.4048121770735982     
           2          96   8.0355741701579380        16.000000000000000        4.7314904837147695     
           2          97   3.3516554594976387        16.000000000000000        4.4060059798053341     
           2          98   3.3687788073054170        16.000000000000000        4.4055476953319053     
           2          99   3.3243050171153472        16.000000000000000        4.4051899800587506     
           2         100   3.3229704969695368        16.000000000000000        4.4058935151908685     
           2         101   3.3194837074713694        16.000000000000000        4.4041447431596392     
           2         102   3.3925666963337058        16.000000000000000        4.4051959517249939     
           2         103   3.3207094050529333        16.000000000000000        4.4057176134723353     
           2         104   3.2783899298543071        16.000000000000000        4.4044966563238699     
           2         105   3.2972586587046231        16.000000000000000        4.4046660799544677     
           2         106   3.3329849961605884        16.000000000000000        4.4051899800587506     
           2         107   3.9502424726057659        16.000000000000000        4.4061130957777079     
           2         108   3.3860087678955733        16.000000000000000        4.4063642990260883     
           2         109   3.3216604767443036        16.000000000000000        4.4051899800587506     
           2         110   3.3973589434275455        16.000000000000000        4.4065335064063058     
           2         111   3.3323225682573079        16.000000000000000        4.4057176134723353     
           2         112   3.3448392565617056        16.000000000000000        4.4060763104674230     
           2         113   3.3226431326648171        16.000000000000000        4.4057176134723353     
           2         114   8.1516247811244842        16.000000000000000        4.7318680101571067     
           2         115   3.3509825441731658        16.000000000000000        4.4046714482677132     
           2         116   3.6029556416284745        16.000000000000000        4.4078436365506368     
           2         117   10.812985843218300        16.000000000000000        5.9584790912148566     
           2         118   11.993320167589632        16.000000000000000        6.4490403789171573     
           2         119   12.689410284643630        16.000000000000000        6.5305073408839585     
           2         120   3.3419243393272100        16.000000000000000        4.4067093725238653     
           2         121   3.6230050297020084        16.000000000000000        4.4057965088841318     
           2         122   3.4345780502594292        16.000000000000000        4.4093247810267062     
           2         123   3.3492229851254627        16.000000000000000        4.4060763104674230     
           2         124   3.3296330862316790        16.000000000000000        4.4052603249633746     
           2         125   3.4092681249014949        16.000000000000000        4.4060126266323243     
           2         126   3.3783876802486059        16.000000000000000        4.4055476953319053     
           2         127   15.752548016829804        16.000000000000000        12.161797193722824     
           2         128   3.3054553450201043        16.000000000000000        4.4051586643106431     
           2         129   3.3093654952561971        16.000000000000000        4.4048068087774475     
           2         130   3.2813232837394981        16.000000000000000        4.4043206937643511     
           2         131   3.2992974312315830        16.000000000000000        4.4044550010654504     
           2         132   21.979310362174285        16.000000000000000        13.002707716884386     
           2         133   198.66751456919138        16.000000000000000        177.14469583639118     
           2         134   3.2968907120534343        16.000000000000000        4.4049827305659868     
           2         135   3.3235994506051254        16.000000000000000        4.4054010205114409     
           2         136   83.445408522457569        16.000000000000000        63.891226646137170     
           2         137   3.3049958757470619        16.000000000000000        4.4048068087774475     
           2         138   3.3152060953268681        16.000000000000000        4.4051899800587506     
           2         139   3.3675748184119954        16.000000000000000        4.4074129566006786     
           2         140   8.0766556984999252        16.000000000000000        4.7314904837147695     
           2         141   139.91061682379521        16.000000000000000        104.58822105833072     
           2         142   284.01756738890055        16.000000000000000        257.68672485855154     
           2         143   3.3820120671168001        16.000000000000000        4.4067093725238653     
           2         144   3.2830365000283206        16.000000000000000        4.4038632470559520     
           2         145   3.3569433738479191        16.000000000000000        4.4062169775312414     
           2         146   4.0155192669545494        16.000000000000000        4.4071686654205662     
           2         147   3.3171869795849860        16.000000000000000        4.4051899800587506     
           2         148   3.7545640737749757        16.000000000000000        4.4056558160399897     
           2         149   3.7189497337549069        16.000000000000000        4.4053465265903045     
           2         150   197.29920682540683        16.000000000000000        162.32400374809501     
           2         151   257.47666629531568        16.000000000000000        234.88158261639273     
           2         152   3.3419917611687144        16.000000000000000        4.4060059798053341     
           2         153   3.3312962687756453        16.000000000000000        4.4051899800587506     
           2         154   3.6787276307260077        16.000000000000000        4.4055854724890278     
           2         155   3.3348169191686212        16.000000000000000        4.4051899800587506     
           2         156   3.3767807136232961        16.000000000000000        4.4067093725238653     
           2         157   3.3329375339805254        16.000000000000000        4.4052603249633746     
           2         158   10.238258876511711        16.000000000000000        6.4456185049947790     
           2         159   3.6113393532846882        16.000000000000000        4.4064366943837907     
           2         160   3.3683897721770468        16.000000000000000        4.4060059798053341     
           2         161   10.349576003653898        16.000000000000000        6.4490041215890148     
           2         162   10.419856736768883        16.000000000000000        6.4472100355975135     
           2         163   3.3166702689407388        16.000000000000000        4.4051899800587506     
           2         164   3.3174106649818937        16.000000000000000        4.4052603249633746     
           2         165   3.6461898416815317        16.000000000000000        4.4055854724890278     
           2         166   3.3223058143115605        16.000000000000000        4.4051899800587506     
           2         167   3.3346673405143217        16.000000000000000        4.4051899800587506     
           2         168   3.3349425765401355        16.000000000000000        4.4057176134723353     
           2         169   3.3917832448735412        16.000000000000000        4.4069121003535443     
           2         170   8.1416975830022054        16.000000000000000        4.7317234108133137     
           2         171   3.6206953847552938        16.000000000000000        4.4055854724890278     
           2         172   3.6404633344298594        16.000000000000000        4.4056558160399897     
           2         173   3.3742819826580503        16.000000000000000        4.4062169775312414     
           2         174   3.5790607427831387        16.000000000000000        4.4055854724890278     
           2         175   10.452781680591992        16.000000000000000        6.4482030216534501     
           2         176   57.984396536313099        16.000000000000000        56.953653411643501     
           2         177   3.5587434527980402        16.000000000000000        4.4053465265903045     
           2         178   3.3387687460735793        16.000000000000000        4.4054010205114409     
           2         179   3.3571831205666571        16.000000000000000        4.4051899800587506     
           2         180   10.370829827133056        16.000000000000000        6.4468000777177563     
           2         181   10.442331271828170        16.000000000000000        6.4472100355975135     
           2         182   7.9471066442013782        16.000000000000000        4.7299891165997083     
           2         183   3.3742636078796826        16.000000000000000        4.4076153347346612     
           2         184   3.3305532303118857        16.000000000000000        4.4051899800587506     
           2         185   3.3824246642800149        16.000000000000000        4.4055476953319053     
           2         186   3.3848138666359939        16.000000000000000        4.4051959517249939     
           2         187   3.3201933643093828        16.000000000000000        4.4051899800587506     
           2         188   3.5655804365470738        16.000000000000000        4.4059372093846729     
           2         189   3.3305124052813597        16.000000000000000        4.4054010205114409     
           2         190   3.3229551057191444        16.000000000000000        4.4051899800587506     
           2         191   3.3303073822128035        16.000000000000000        4.4051899800587506     
           2         192   3.3770224530453170        16.000000000000000        4.4052662966204705     
           2         193   3.3756247434709472        16.000000000000000        4.4058994867656809     
           2         194   4.4224970219352642        16.000000000000000        4.4067883581239844     
           2         195   10.366265154261626        16.000000000000000        6.4466975951602512     
           2         196   3.3512704902068284        16.000000000000000        4.4051899800587506     
           2         197   3.5233858551892689        16.000000000000000        4.4053465265903045     
           2         198   3.2838889245255438        16.000000000000000        4.4037928778112851     
           2         199   3.3160624261750651        16.000000000000000        4.4051899800587506     
           2         200   3.3361382207083876        16.000000000000000        4.4051899800587506     
           2         201   8.1235229178432764        16.000000000000000        4.7315659849020815     
           2         202   3.3368126509547480        16.000000000000000        4.4051899800587506     
           2         203   3.3489138381378840        16.000000000000000        4.4054010205114409     
           2         204   3.3149354254348995        16.000000000000000        4.4051899800587506     
           2         205   3.3266890444607990        16.000000000000000        4.4051899800587506     
           2         206   3.3080667189361259        16.000000000000000        4.4060385124024037     
           2         207   3.3110430848016770        16.000000000000000        4.4045253587824682     
           2         208   3.3152357086413744        16.000000000000000        4.4052006261256187     
           2         209   3.3733856635026558        16.000000000000000        4.4051899800587506     
           2         210   3.3279869017351036        16.000000000000000        4.4055417237113774     
           2         211   3.3377207385997383        16.000000000000000        4.4057176134723353     
           2         212   3.5297339074517207        16.000000000000000        4.4048891613405150     
           2         213   10.421819718620949        16.000000000000000        6.4466975951602512     
           2         214   3.3012148912303507        16.000000000000000        4.4045253587824682     
           2         215   3.3169015585094250        16.000000000000000        4.4051899800587506     
           2         216   3.3255131074912208        16.000000000000000        4.4051899800587506     
           2         217   10.457750962432415        16.000000000000000        6.4489203693459203     
           2         218   3.3293259658981897        16.000000000000000        4.4051899800587506     
           2         219   142.03009892581798        16.000000000000000        125.03178852812786     
           2         220   3.3202176192534698        16.000000000000000        4.4058935151908685     
           2         221   334.20153624932635        16.000000000000000        315.97612470842131     
           2         222   3.3189220019579171        16.000000000000000        4.4055417237113774     
           2         223   3.2832071024199725        16.000000000000000        4.4038632470559520     
           2         224   362.27807190046269        16.000000000000000        351.69452023898333     
           2         225   4.6281454614255457        16.000000000000000        4.4086427782942978     
           2         226   558.15861313643109        16.000000000000000        530.68325359695700     
           2         227   4.5141833210084235        16.000000000000000        4.4089591446642329     
           2         228   10.252281774924050        16.000000000000000        6.4446463730420716     
           2         229   10.383064176399913        16.000000000000000        6.4456263874430046     
           2         230   388.98429763049182        16.000000000000000        349.04572829086698     
           2         231   3.3373531416122786        16.000000000000000        4.4051899800587506     
           2         232   3.3214518907794157        16.000000000000000        4.4057176134723353     
           2         233   3.3742852645426020        16.000000000000000        4.4072636936239293     
           2         234   3.3162317379553965        16.000000000000000        4.4055417237113774     
           2         235   3.3719490286042610        16.000000000000000        4.4075888825256371     
           2         236   3.3208611009503981        16.000000000000000        4.4052603249633746     
           2         237   10.432740660333581        16.000000000000000        6.4472100355975135     
           2         238   3.4007871817186950        16.000000000000000        4.4069121003535443     
           2         239   3.3497051701535314        16.000000000000000        4.4057176134723353     
           2         240   3.3243320698297913        16.000000000000000        4.4045253587824682     
           2         241   10.319762421794421        16.000000000000000        6.4466975951602512     
           2         242   3.3461800760020544        16.000000000000000        4.4051899800587506     
           2         243   3.6682224547841931        16.000000000000000        4.4044800267079909     
           2         244   3.3333394286535172        16.000000000000000        4.4051899800587506     
           2         245   725.99670964009090        16.000000000000000        685.54463400383656     
           2         246   13.743728355476618        16.000000000000000        6.4475857551380358     
           2         247   3.3331280791993136        16.000000000000000        4.4054010205114409     
           2         248   8.1621445069560039        16.000000000000000        4.7324428650757255     
           2         249   3.3512412216194338        16.000000000000000        4.4060763104674230     
           2         250   3.3107492033769517        16.000000000000000        4.4044550010654504     
           2         251   3.3455134802967534        16.000000000000000        4.4067093725238653     
           2         252   779.53080216837520        16.000000000000000        727.71776758737212     
           2         253   3.3466038821330146        16.000000000000000        4.4051899800587506     
           2         254   3.3604587757381261        16.000000000000000        4.4051899800587506     
           2         255   3.3345219425548636        16.000000000000000        4.4057176134723353     
           2         256   3.4311436503926029        16.000000000000000        4.4079184729853989     
           2         257   3.3180398558618780        16.000000000000000        4.4058935151908685     
           2         258   3.3230215953874165        16.000000000000000        4.4054010205114409     
           2         259   3.6917954399785997        16.000000000000000        4.4048891613405150     
           2         260   10.424050890317114        16.000000000000000        6.4466975951602512     
           2         261   3.3305904445424592        16.000000000000000        4.4051899800587506     
           2         262   3.4474055273531388        16.000000000000000        4.4052662966204705     
           2         263   14.928527201033058        16.000000000000000        9.1609031265414078     
           2         264   3.3721905318146548        16.000000000000000        4.4051899800587506     
           2         265   27.494813905432764        16.000000000000000        25.024109034238691     
           2         266   3.3099351801122174        16.000000000000000        4.4051586643106431     
           2         267   3.3871815954995190        16.000000000000000        4.4069824151806376     
           2         268   3.3769979799532290        16.000000000000000        4.4060763104674230     
           2         269   10.478348779306225        16.000000000000000        6.4493284000170306     
           2         270   3.4045918650634475        16.000000000000000        4.4060059798053341     
           2         271   3.3853686251524837        16.000000000000000        4.4074129566006786     
           2         272   3.3562073695181871        16.000000000000000        4.4051959517249939     
           2         273   3.3165909951118033        16.000000000000000        4.4054010205114409     
           2         274   8.1153540744775441        16.000000000000000        4.7314904837147695     
           2         275   3.3232513116978728        16.000000000000000        4.4051899800587506     
           2         276   3.3022573047707189        16.000000000000000        4.4049827305659868     
           2         277   3.6596243330759708        16.000000000000000        4.4055854724890278     
           2         278   3.3547543237123567        16.000000000000000        4.4051899800587506     
           2         279   3.3905001223334539        16.000000000000000        4.4051959517249939     
           2         280   3.3234900932309492        16.000000000000000        4.4051899800587506     
           2         281   3.3192223891234933        16.000000000000000        4.4051899800587506     
           2         282   3.3549475020971480        16.000000000000000        4.4062169775312414     
           2         283   14.366337392561555        16.000000000000000        6.4501465205279658     
           2         284   3.3461232856472338        16.000000000000000        4.4065335064063058     
           2         285   3.2986135800422720        16.000000000000000        4.4046660799544677     
           2         286   3.3549564682963831        16.000000000000000        4.4062169775312414     
           2         287   3.3371172817771595        16.000000000000000        4.4051899800587506     
           2         288   3.3322708638776777        16.000000000000000        4.4051899800587506     
           2         289   3.3187215025912962        16.000000000000000        4.4051899800587506     
           2         290   3.4006343210310397        16.000000000000000        4.4062169775312414     
           2         291   3.3053671482500273        16.000000000000000        4.4038632470559520     
           2         292   3.4206404489822431        16.000000000000000        4.4079184729853989     
           2         293   3.6015407977536071        16.000000000000000        4.4053465265903045     
           2         294   3.3149241423357876        16.000000000000000        4.4051899800587506     
           2         295   3.3301544130584264        16.000000000000000        4.4051899800587506     
           2         296   3.3314200159524368        16.000000000000000        4.4045253587824682     
           2         297   3.3273923552207467        16.000000000000000        4.4051899800587506     
           2         298   3.3179202520303330        16.000000000000000        4.4051899800587506     
           2         299   3.3217486909291694        16.000000000000000        4.4054010205114409     
           2         300   3.3182631522139063        16.000000000000000        4.4058935151908685     
           2         301   3.3774107234864470        16.000000000000000        4.4063576522479888     
           2         302   3.3144244853827445        16.000000000000000        4.4058625188655691     
           2         303   8.2400040733605824        16.000000000000000        4.7314969011291526     
           2         304   3.3791895055483554        16.000000000000000        4.4051959517249939     
           2         305   3.4966382612122158        16.000000000000000        4.4055854724890278     
           2         306   3.3658874829001109        16.000000000000000        4.4058625188655691     
           2         307   3.4030049068261441        16.000000000000000        4.4049880988407457     
           2         308   3.4606993669977957        16.000000000000000        4.4060829572846343     
           2         309   3.2964332951737818        16.000000000000000        4.4037928778112851     
           2         310   3.3254172975250609        16.000000000000000        4.4058625188655691     
           2         311   3.3228188946214430        16.000000000000000        4.4055417237113774     
           2         312   3.3004653634873313        16.000000000000000        4.4045253587824682     
           2         313   3.3175995416289550        16.000000000000000        4.4051899800587506     
           2         314   3.3333718041432578        16.000000000000000        4.4051899800587506     
           2         315   3.3609827430995729        16.000000000000000        4.4054010205114409     
           2         316   3.3566263757810666        16.000000000000000        4.4052603249633746     
           2         317   3.3708494162429385        16.000000000000000        4.4069121003535443     
           2         318   3.3547115629659543        16.000000000000000        4.4065335064063058     
           2         319   3.3622692842007482        16.000000000000000        4.4051899800587506     
           2         320   3.3319224265372309        16.000000000000000        4.4051899800587506     
           2         321   10.251249629568639        16.000000000000000        6.4463873326369034     
           2         322   3.3703219512017730        16.000000000000000        4.4076153347346612     
           2         323   12.248491610759206        16.000000000000000        6.4466573681901647     
           2         324   3.3874003485393098        16.000000000000000        4.4052662966204705     
           2         325   3.3821238900014303        16.000000000000000        4.4052662966204705     
           2         326   3.3445870902468120        16.000000000000000        4.4051899800587506     
           2         327   3.3057962132928242        16.000000000000000        4.4044550010654504     
           2         328   3.3069375024038261        16.000000000000000        4.4045253587824682     
           2         329   3.3381510291711312        16.000000000000000        4.4052603249633746     
           2         330   3.3965548819867566        16.000000000000000        4.4065401531599715     
           2         331   3.3327764136263975        16.000000000000000        4.4051899800587506     
           2         332   8.0293280718554279        16.000000000000000        4.7305556216481754     
           2         333   10.446943635836531        16.000000000000000        6.4470050511275110     
           2         334   3.3165946547583154        16.000000000000000        4.4051899800587506     
           2         335   3.3157157748272983        16.000000000000000        4.4044550010654504     
           2         336   11.779106545978465        16.000000000000000        6.4472783051286164     
           2         337   3.3351007461526634        16.000000000000000        4.4051899800587506     
           2         338   10.677139600384216        16.000000000000000        6.4497490506574202     
           2         339   3.2941733242108704        16.000000000000000        4.4044550010654504     
           2         340   3.6652572239383563        16.000000000000000        4.4051706073094907     
           2         341   3.2938245542808633        16.000000000000000        4.4046660799544677     
           2         342   3.3164523937921278        16.000000000000000        4.4051899800587506     
           2         343   11.674847122813805        16.000000000000000        6.4486305148872729     
           2         344   3.3888058424583787        16.000000000000000        4.4076153347346612     
           2         345   3.3278172192752304        16.000000000000000        4.4051899800587506     
           2         346   3.3516293276089910        16.000000000000000        4.4060763104674230     
           2         347   3.3172123538440368        16.000000000000000        4.4057176134723353     
           2         348   3.3395598518481995        16.000000000000000        4.4054010205114409     
           2         349   3.2778039435679380        16.000000000000000        4.4040039912827558     
           2         350   3.3472650458725171        16.000000000000000        4.4060059798053341     
           2         351   3.3101781976141638        16.000000000000000        4.4049827305659868     
           2         352   3.3514157885826665        16.000000000000000        4.4051899800587506     
           2         353   10.427949518001210        16.000000000000000        6.4466975951602512     
           2         354   3.3266490317590538        16.000000000000000        4.4051899800587506     
           2         355   3.3565689915522787        16.000000000000000        4.4060763104674230     
           2         356   10.433544406656344        16.000000000000000        6.4466975951602512     
           2         357   10.274936899473982        16.000000000000000        6.4466975951602512     
           2         358   3.3064420661648239        16.000000000000000        4.4048068087774475     
           2         359   3.2817351914315953        16.000000000000000        4.4037928778112851     
           2         360   3.3785473286949630        16.000000000000000        4.4084946468547415     
           2         361   3.4220696001829758        16.000000000000000        4.4082699782169215     
           2         362   3.3304650989499982        16.000000000000000        4.4054010205114409     
           2         363   3.3479403890556481        16.000000000000000        4.4060763104674230     
           2         364   3.2790577223783619        16.000000000000000        4.4037928778112851     
           2         365   8.1750996615779616        16.000000000000000        4.7314969011291526     
           2         366   3.3419701269964985        16.000000000000000        4.4060059798053341     
           2         367   10.474123784977415        16.000000000000000        6.4467063634870128     
           2         368   3.3440627815224113        16.000000000000000        4.4051899800587506     
           2         369   3.3874386090021402        16.000000000000000        4.4046714482677132     
           2         370   3.3538710749282243        16.000000000000000        4.4041495721286630     
           2         371   3.3788006290671078        16.000000000000000        4.4065335064063058     
           2         372   10.317994272173799        16.000000000000000        6.4457210063617190     
           2         373   3.3308935228573198        16.000000000000000        4.4051899800587506     
           2         374   3.3280980222217917        16.000000000000000        4.4051899800587506     
           2         375   3.3801207417886818        16.000000000000000        4.4071230505753007     
           2         376   3.3719752345563676        16.000000000000000        4.4052662966204705     
           2         377   3.4691623784474683        16.000000000000000        4.4084539976855597     
           2         378   3.3405782774244908        16.000000000000000        4.4062169775312414     
           2         379   3.3793071565154804        16.000000000000000        4.4074395081988191     
           2         380   3.4294516687107568        16.000000000000000        4.4055476953319053     
           2         381   3.4413941136921742        16.000000000000000        4.4057235850700200     
           2         382   3.3963232928710667        16.000000000000000        4.4049880988407457     
           2         383   3.5484932974020640        16.000000000000000        4.4059372093846729     
           2         384   3.6478346658720975        16.000000000000000        4.4071686654205662     
           2         385   6.9351967777197485        16.000000000000000        2.7255494069622657     
           2         386   10.399490715692526        16.000000000000000        6.4466975951602512     
           2         387   3.3389857004488679        16.000000000000000        4.4057176134723353     
           2         388   3.5439191553864418        16.000000000000000        4.4065070233030275     
           2         389   8.0494940431506663        16.000000000000000        4.7314904837147695     
           2         390   3.4132586394471485        16.000000000000000        4.4079184729853989     
           2         391   3.3691956915296482        16.000000000000000        4.4060763104674230     
           2         392   12.115662880646889        16.000000000000000        6.4451644381507895     
           2         393   3.3287980067268612        16.000000000000000        4.4051899800587506     
           2         394   3.3152948883640847        16.000000000000000        4.4051899800587506     
           2         395   9.6816064622869078        16.000000000000000        4.7311628143703013     
           2         396   3.6779970783758542        16.000000000000000        4.4055854724890278     
           2         397   3.3538733060209389        16.000000000000000        4.4063576522479888     
           2         398   10.435615035587988        16.000000000000000        6.4482030216534501     
           2         399   3.3205714097109422        16.000000000000000        4.4046660799544677     
           2         400   3.3364482728290956        16.000000000000000        4.4051899800587506     
           2         401   3.3261354393604234        16.000000000000000        4.4051899800587506     
           2         402   3.3678759428152518        16.000000000000000        4.4060763104674230     
           2         403   3.3606277605356003        16.000000000000000        4.4044603694043571     
           2         404   11.901147294323248        16.000000000000000        6.4472783051286164     
           2         405   3.3013053483072214        16.000000000000000        4.4045253587824682     
           2         406   3.3816465936284037        16.000000000000000        4.4069824151806376     
           2         407   3.3907435872282372        16.000000000000000        4.4052662966204705     
           2         408   12.266393435128691        16.000000000000000        6.4477907356444044     
           2         409   3.3984055261309556        16.000000000000000        4.4074395081988191     
           2         410   3.3794762573359418        16.000000000000000        4.4052662966204705     
           2         411   3.3558433983751650        16.000000000000000        4.4048121770735982     
