  economy_id district_id expected_wage_bill budget belief_expected_Wage_bill
           1           1   99.272482134008172        746.02634913427732        125.37819492653509     
           1           2   96.852361877042199        730.00205520171698        125.28357801328386     
           1           3   107.12974529306312        812.13131781794505        125.59543663004105     
           1           4   99.622187398950402        879.73257045303069        125.37819492653509     
           1           5   99.125746710071581        892.08531921217389        125.37610846567966     
           1           6   99.267952514389791        719.57133198657971        125.37610846567966     
           1           7   99.709439420348517        770.51415193997877        125.39175837134839     
           1           8   992.46033789652267        847.81994000000009        701.71561382968741     
           1           9   96.219901481862621        839.62383399145313        125.27313319024439     
           1          10   96.785857518858094        892.78563188813780        125.28880098173556     
           1          11   96.533980510606469        734.54369391175521        125.28880098173556     
           1          12   258.50004335180796        750.95830325015083        134.88400643797283     
           1          13   97.688366391706893        843.51970419447957        125.33668271845573     
           1          14   101.77473695456388        824.34636712880501        125.45504614467902     
           1          15   98.968881336341767        905.20474613427723        125.37610846567966     
           1          16   98.202827584787187        722.31364423035450        125.32728665416178     
           1          17   99.282597469017176        763.09433259513492        125.37610846567966     
           1          18   97.874745727643486        784.43033082992019        125.32102327988444     
           1          19   99.206928355161892        857.64608070867075        125.38236802660563     
           1          20   99.028270492051689        858.14572420330421        125.37819492653509     
           1          21   97.475883031300640        745.22438740673249        125.32728665416178     
           1          22   97.808100564940446        736.66703763427734        125.32102327988444     
           1          23   99.958222445303591        814.09646003950354        125.37610846567966     
           1          24   99.896450068965365        829.90240306341491        125.37610846567966     
           1          25   96.253502480578064        832.19614438817291        125.27313319024439     
           1          26   98.931747400895119        686.61110849241607        125.37610846567966     
           1          27   106.53589252654778        742.39850241470356        125.81683662123312     
           1          28   98.594096323574604        707.56589125372864        125.33146253415590     
           1          29   103.71929434343643        794.29629813427755        125.52249505825459     
           1          30   477.63082642687363        818.09641973827740        298.26442313530742     
           1          31   3428.2958804578120        831.96290993549997        3124.7823950456136     
           1          32   99.566410740699098        708.97303045125409        125.37610846567966     
           1          33   98.493811554439972        727.99354100676146        125.32102327988444     
           1          34   99.091036766688021        708.61200586777238        125.41784898087586     
           1          35   100.01268254889102        783.35426596376840        125.37610846567966     
           1          36   99.357712091487755        662.21232041784663        125.39175837134839     
           1          37   97.721623298876025        703.24412809368050        125.32311101188326     
           1          38   101.76423205724785        761.50972104613186        125.44149212412172     
           1          39   99.098027846171547        753.81829965364170        125.37819492653509     
           1          40   101.47607507103140        778.37803636699721        125.44149212412172     
           1          41   96.636276832098730        667.42455816565223        125.27522203604858     
           1          42   99.130571300634259        703.15502213196885        125.41784898087586     
           1          43   97.937518562284950        742.60527513427746        125.33146253415590     
           1          44   100.86800259891817        768.84241279437288        125.44983276239083     
           1          45   101.74640004287835        746.75895744697868        125.38464817877328     
           1          46   104.27127736426007        645.66787458766566        125.51416103274053     
           1          47   4093.1530308841352        780.95737460713883        3573.5635621384863     
           1          48   100.18981916864729        724.40778827638599        125.37610846567966     
           1          49   3521.8942088281729        897.42869186070800        3416.8821491385202     
           1          50   429.21748586573875        939.51210713427736        186.57880269306131     
           1          51   96.296633367127754        653.98189103348830        125.28357801328386     
           1          52   101.99561441551052        703.96686683670464        125.39090768748579     
           1          53   99.044907441562714        690.41634456144322        125.37610846567966     
           1          54   103.16093216795403        779.79519280667307        125.52770430786711     
           1          55   100.51631020636678        850.21512775618999        125.37610846567966     
           1          56   106.28733071349617        678.80737888842157        125.81475465337658     
           1          57   99.112254952823221        685.90784485070799        125.42306821802578     
           1          58   108.50737720827648        733.41183112553949        125.59543663004105     
           1          59   97.869405605129813        747.03310732668274        125.32311101188326     
           1          60   99.395701027019825        812.36731536013212        125.37610846567966     
           1          61   4346.0071081368042        779.64743786250006        3848.0409981306743     
           1          62   98.286802967968910        726.93088522777862        125.28880098173556     
           1          63   100.89314014559810        730.22546947510250        125.46025989882307     
           1          64   99.071350382566564        793.11584613427749        125.38236802660563     
           1          65   98.681434779870145        788.31316996072519        125.32102327988444     
           1          66   307.29298511142468        686.34832117505994        182.90376136454964     
           1          67   99.009411521133543        753.24348489750423        125.37610846567966     
           1          68   99.012385490481989        748.06798881068403        125.37610846567966     
           1          69   100.76803545792976        761.88395660213541        125.40029795391141     
           1          70   99.652990128048998        825.35939906754948        125.37610846567966     
           1          71   97.668041099374079        665.91443313427726        125.33668271845573     
           1          72   99.308706737000321        718.08906407965742        125.39697574984537     
           1          73   99.408807871786962        744.35692682139415        125.37610846567966     
           1          74   99.074723932503886        764.99475699637821        125.37610846567966     
           1          75   100.91169633532398        789.21875956510655        125.37610846567966     
           1          76   99.142200875826944        714.59768782959259        125.38654136450570     
           1          77   103.19268131169345        703.13223809192584        125.51832792644610     
           1          78   101.18842708230657        771.06643513427753        125.44149212412172     
           1          79   99.530409661899995        764.19878759381390        125.37610846567966     
           1          80   346.98602282067128        815.64476544048546        185.65589968118184     
           1          81   99.006401437344451        696.05650501216780        125.38236802660563     
           1          82   99.721597403184077        734.41128037112878        125.37610846567966     
           1          83   100.93799433710274        728.82572765161990        125.37610846567966     
           1          84   100.48073920282452        783.95991864255143        125.37819492653509     
           1          85   349.19949571764647        753.00845955212401        185.52580307452777     
           1          86   101.14648507537004        678.15190902461188        125.38464817877328     
           1          87   101.82351430220997        707.02572507277375        125.48633424826096     
           1          88   300.57386627151158        754.17214925185033        182.76822560735982     
           1          89   99.345908604868939        775.81572507601049        125.37819492653509     
           1          90   106.52766124655996        809.76308433265456        125.59543663004105     
           1          91   102.30090055173351        634.22207183756154        125.38673462222381     
           1          92   100.77159479221130        716.37480891784662        125.43940711327356     
           1          93   103.07893525783946        719.80155864692961        125.51832792644610     
           1          94   99.119666367799169        765.15175447177603        125.38236802660563     
           1          95   102.43615536341871        823.26747396179405        125.40029795391141     
           1          96   239.89124611239890        662.56630913008405        134.63942726124773     
           1          97   99.326164176855471        674.66849719635388        125.37610846567966     
           1          98   97.743518602243398        705.17085622101092        125.27929560218001     
           1          99   99.283710328204378        754.71075341784672        125.39175837134839     
           1         100   99.171709994510806        781.99127403642387        125.37610846567966     
           1         101   100.69028701646317        685.86941870384078        125.37610846567966     
           1         102   101.68804968375660        680.79624594590882        125.40029795391141     
           1         103   99.111156215048439        708.43069755601766        125.38236802660563     
           1         104   99.033963687606246        727.15202768721861        125.37610846567966     
           1         105   99.061109040197110        790.15410177513832        125.37610846567966     
           1         106   99.562863895762817        698.21857413427722        125.37610846567966     
           1         107   120.57641198480137        739.74089801343735        125.82516510282414     
           1         108   100.45207096711933        717.04908735891092        125.38464817877328     
           1         109   103.18221817173519        765.94808997378300        125.53291392956291     
           1         110   105.13651863363751        745.06469713643185        125.51207767517270     
           1         111   99.509234448918477        672.66705654672489        125.37610846567966     
           1         112   99.094605919890483        730.56216471392872        125.37610846567966     
           1         113   103.17266039307444        752.57325513427747        125.51832792644610     
           1         114   243.95836688463615        748.14114783220805        134.63718828546072     
           1         115   101.06566147126915        795.23876653916818        125.38673462222381     
           1         116   107.56276178498612        656.75228555633362        125.82100073998933     
           1         117   363.73383494484369        756.34916685448525        170.06878785002345     
           1         118   376.39194018074181        808.05841714251619        183.73634197211089     
           1         119   418.68302776851772        858.02244273141605        186.72863158980437     
           1         120   98.965704144839108        791.78420813427749        125.37819492653509     
           1         121   113.25194000390154        696.25576214205114        125.94914665911428     
           1         122   104.00532555039121        696.50793644934720        125.51416103274053     
           1         123   97.709705789423495        749.81535045767828        125.32102327988444     
           1         124   99.449908059533897        820.41058303739237        125.38236802660563     
           1         125   103.31766639266027        823.53825419950169        125.46506617801309     
           1         126   103.21036933579707        668.70988234657671        125.45568244399706     
           1         127   651.48892854047074        805.58441641784657        600.66443137717556     
           1         128   101.24181173838528        727.11268698078709        125.48111863445881     
           1         129   97.984145243499228        781.55605462731432        125.34190327423282     
           1         130   100.97859693971021        830.64044766562245        125.43940711327356     
           1         131   99.149191545159184        678.45860221286136        125.37610846567966     
           1         132   965.65463691163222        798.75571332984657        568.55569097954901     
           1         133   12015.375656879340        896.22677312799988        10862.372927997603     
           1         134   99.028741770945643        765.07901913427736        125.37610846567966     
           1         135   99.239946106350899        836.65971203352353        125.38654136450570     
           1         136   5205.5059114317446        802.98995001196931        4239.2188271721116     
           1         137   97.801178282946594        709.42348125254341        125.32102327988444     
           1         138   98.937497546721900        740.19905006127112        125.37610846567966     
           1         139   99.788523842066127        819.74743413840599        125.38236802660563     
           1         140   234.49691531543490        797.29683029911291        134.57139260918106     
           1         141   6635.5792221844240        767.54043899999988        5012.5979067423677     
           1         142   17035.359734331596        810.85646454863854        16031.298365761890     
           1         143   102.24773647418560        751.78048538641667        125.44983276239083     
           1         144   97.732625822752766        770.58198407694113        125.32728665416178     
           1         145   98.002638287755104        824.48145708165941        125.36278921262804     
           1         146   123.37588490754166        686.60584100215613        125.85640560595465     
           1         147   99.007293184324354        742.37711021466123        125.37610846567966     
           1         148   114.17345558373793        707.60722141784686        125.83037089962818     
           1         149   117.59092506901405        794.29375543646393        125.95330619985603     
           1         150   10638.620216741347        972.57894055500014        8883.9546572941836     
           1         151   15288.185591914333        740.21102402827728        13985.665662403608     
           1         152   100.80514401300697        728.34961026271537        125.43940711327356     
           1         153   97.950593582019877        743.43560291536005        125.32102327988444     
           1         154   111.57003146498748        738.75472829203409        125.81475465337658     
           1         155   99.626110717572729        793.40482713427741        125.37610846567966     
           1         156   100.14647982531636        689.51266465377967        125.38236802660563     
           1         157   99.572276203869578        721.46954705388043        125.38654136450570     
           1         158   307.74614781300500        773.79841998704580        182.90376136454964     
           1         159   107.97314185563901        776.98553579631323        125.83037089962818     
           1         160   99.889605570965458        798.24291748991095        125.37610846567966     
           1         161   309.00603435057684        671.09948209169431        182.90376136454964     
           1         162   311.77465985050833        726.95555813427734        182.90679165041925     
           1         163   99.004319119217669        770.31871795293659        125.38654136450570     
           1         164   97.510536686474623        805.48630377175721        125.32728665416178     
           1         165   106.02127707363780        780.11629869771286        125.65384470751481     
           1         166   99.190809354955064        672.96415914353588        125.37819492653509     
           1         167   98.085599289912182        676.31048921081333        125.33668271845573     
           1         168   99.600971357192492        757.91438213693027        125.37610846567966     
           1         169   106.43877220943551        825.94205785070824        125.61625404399304     
           1         170   236.31985873857525        848.36732256432902        134.55558891996236     
           1         171   109.50475451644169        658.69031066092862        125.81475465337658     
           1         172   110.15497737549202        709.46869487790616        125.81475465337658     
           1         173   100.06558636059496        716.93002326736189        125.37610846567966     
           1         174   103.97128396001115        788.02516737629890        125.60898341615248     
           1         175   309.99089415502482        889.94930532541673        182.90376136454964     
           1         176   4451.5388349090472        903.36799156713857        4374.4167157593192     
           1         177   111.75828857274999        704.22059430157833        125.96370612337100     
           1         178   99.776993831978061        760.82360215759832        125.38236802660563     
           1         179   100.44032195256075        757.70394665939386        125.37610846567966     
           1         180   310.02490360511263        813.28110911937881        182.90376136454964     
           1         181   312.62378753512058        719.64430067176420        182.91285247922406     
           1         182   233.49092728685301        726.90650826472609        134.53327455258443     
           1         183   97.594969290181197        730.26835513427750        125.34190327423282     
           1         184   99.486386695985146        793.11373798656155        125.38236802660563     
           1         185   101.31716626574450        788.30868267380629        125.39090768748579     
           1         186   101.42697395334790        686.34365745600530        125.39508099057736     
           1         187   97.597407593998383        733.05997993129517        125.32311101188326     
           1         188   113.31661725298046        741.04903790572257        126.09242066253246     
           1         189   97.930075669639180        758.55048754291909        125.33146253415590     
           1         190   101.03799838092004        847.84532313427724        125.43940711327356     
           1         191   97.923342074575118        672.22405063065275        125.32102327988444     
           1         192   103.15665621657537        738.26145233201555        125.45151228223750     
           1         193   101.05737019572196        733.27972979816627        125.39508099057736     
           1         194   133.92829809306946        771.97837431167648        125.81475465337658     
           1         195   309.87559835109045        802.70386703693578        182.90376136454964     
           1         196   97.244275843341683        719.05643914253437        125.27522203604858     
           1         197   107.46615907667771        704.31075963427725        125.83557707786989     
           1         198   101.13343447384580        780.03750514923934        125.44566232427695     
           1         199   98.967751124627711        736.66003434273523        125.37610846567966     
           1         200   99.685019139012454        815.44356788784296        125.37610846567966     
           1         201   242.96460681921124        676.93521954827293        134.64390540398296     
           1         202   99.703086140378858        727.74855973078650        125.37610846567966     
           1         203   104.34357889504707        746.88861658646567        125.51207767517270     
           1         204   98.928228414813177        805.42378991784699        125.37610846567966     
           1         205   99.343890757273314        763.97716982479585        125.37610846567966     
           1         206   106.05648090448382        697.26203104083697        125.60584459238328     
           1         207   99.608087938735437        696.50211544004014        125.39175837134839     
           1         208   98.793058636913898        751.85367810060291        125.32728665416178     
           1         209   100.97099135918647        789.86806154433839        125.38236802660563     
           1         210   101.21145939713946        774.19725817859910        125.44149212412172     
           1         211   99.699417032700140        628.71030641784660        125.37610846567966     
           1         212   105.40561629349263        696.19515004031518        125.70345992511984     
           1         213   311.75433446427104        719.79666948672661        182.90376136454964     
           1         214   99.217395802733051        757.78660325622138        125.37610846567966     
           1         215   98.997973737340459        799.89822791802101        125.37610846567966     
           1         216   99.300560774562101        656.24876464893157        125.37610846567966     
           1         217   310.10008252743643        691.82897036909696        182.91285247922406     
           1         218   99.439251887588867        725.62392141784687        125.37610846567966     
           1         219   7540.1674607686764        936.18785653819998        6674.8242151440454     
           1         220   105.63473453546487        805.35344800590997        125.61104913201706     
           1         221   18752.717147322877        787.26202270199985        17605.650498513172     
           1         222   99.065094474946349        660.61311681715199        125.38654136450570     
           1         223   99.266433369813171        701.41241731334787        125.37819492653509     
           1         224   21162.133285198441        887.23725109599991        20587.442689461030     
           1         225   134.93645534091812        782.48503241784670        125.81475465337658     
           1         226   35326.041890516870        808.64531408500011        33712.698661856251     
           1         227   131.54399140604838        719.55817378524239        125.81475465337658     
           1         228   310.56636996996889        710.03066326271085        182.90376136454964     
           1         229   313.07628414250053        765.94259747877732        182.91626015572777     
           1         230   22473.737041402863        958.77848216499990        20334.255859679855     
           1         231   99.717931301673190        688.92128292867221        125.37819492653509     
           1         232   103.12486161384005        749.99650663427735        125.52249505825459     
           1         233   99.114608862751538        741.49800557901574        125.38654136450570     
           1         234   100.76688666088982        768.00460415999123        125.44983276239083     
           1         235   98.335879405740059        817.67813810403106        125.32102327988444     
           1         236   96.339020557878698        646.78222873122695        125.27313319024439     
           1         237   306.97476568481648        718.06852036803821        182.82617597798711     
           1         238   98.359787228490219        786.79462531902936        125.32102327988444     
           1         239   100.12016315879961        791.36037213427755        125.37610846567966     
           1         240   100.06515154638478        791.78206166499456        125.37610846567966     
           1         241   308.21276714906281        696.25144803564774        182.90376136454964     
           1         242   100.02254087806614        696.50324215992975        125.37610846567966     
           1         243   117.45405680010850        749.80916107635437        125.95330619985603     
           1         244   99.574452800360021        820.40402883149000        125.37610846567966     
           1         245   43941.590805377200        977.39782128000024        41434.309364042754     
           1         246   470.75241114869556        685.78196913427723        184.21219851226058     
           1         247   99.556905026064726        747.92457719521190        125.37610846567966     
           1         248   242.15902892991656        734.12141852319996        134.65958091099253     
           1         249   101.14090092563437        803.85233329683547        125.43940711327356     
           1         250   99.573873442646075        795.09173351671438        125.37610846567966     
           1         251   100.89640837976054        672.89402355294737        125.44149212412172     
           1         252   50679.246080446930        833.37757769999985        48108.220691293624     
           1         253   100.03768539417790        759.99390513427750        125.37610846567966     
           1         254   100.56681712503709        765.07673669609449        125.38654136450570     
           1         255   99.587529218837247        836.65484941973011        125.37610846567966     
           1         256   99.821566250788933        671.46140667133966        125.37610846567966     
           1         257   98.997832777181515        726.59844719808711        125.37610846567966     
           1         258   99.213705895989065        760.59512693088641        125.38236802660563     
           1         259   111.09534690834596        799.59934814985911        125.71909190057040     
           1         260   318.01326065811088        807.23648441784667        182.99942678257003     
           1         261   99.478758365300806        710.91639336753246        125.37610846567966     
           1         262   103.74962812741188        679.41502489322897        125.38464817877328     
           1         263   470.11876272315169        743.47876325427728        261.38528599236565     
           1         264   102.95567744594135        757.69624831856015        125.44566232427695     
           1         265   1391.6955611127244        750.43928018784663        1271.8083590211206     
           1         266   96.651659325288534        679.19909155147695        125.27313319024439     
           1         267   99.523105596547936        698.80628791784670        125.37610846567966     
           1         268   100.17194594745507        681.74115131283929        125.37610846567966     
           1         269   303.06017159777878        754.32805384973506        182.82314383188501     
           1         270   101.13640299377901        777.38347041983025        125.37610846567966     
           1         271   100.36705539892102        672.28533332980055        125.37610846567966     
           1         272   102.32708580792759        730.61027034546350        125.44942729058765     
           1         273   99.043251869948151        723.36705121173463        125.42306821802578     
           1         274   238.84127232729259        749.55228191784681        134.59480788949384     
           1         275   99.221359579068704        783.79501549262716        125.37610846567966     
           1         276   97.730095645089932        673.75541602496503        125.34190327423282     
           1         277   110.88890100015279        711.22816563225149        125.81683662123312     
           1         278   100.33877334405641        739.06589174179339        125.38654136450570     
           1         279   98.440195191563959        718.03053050994845        125.28556227488124     
           1         280   101.08250871172785        757.14742909712288        125.45504614467902     
           1         281   99.078993678114841        624.73428641784665        125.37610846567966     
           1         282   97.895586066631907        695.40123060370070        125.33146253415590     
           1         283   447.39802245172910        731.19112009204002        184.17089681731318     
           1         284   99.113692802512844        805.48079638352533        125.37610846567966     
           1         285   99.112594939925287        780.10985172155983        125.37610846567966     
           1         286   103.49004375771642        672.95881347570162        125.52770430786711     
           1         287   98.142904876013574        663.05589349223271        125.32311101188326     
           1         288   101.46026141667562        749.52954141784687        125.48633424826096     
           1         289   96.282086310540805        816.82401919646873        125.27522203604858     
           1         290   99.289413504677057        804.13167669739903        125.32102327988444     
           1         291   100.11254868961646        654.34117908095732        125.37610846567966     
           1         292   96.669223437481534        702.48563506874461        125.28357801328386     
           1         293   110.90700550380687        716.92439077562813        125.81475465337658     
           1         294   98.943201418752494        780.63652653769577        125.38654136450570     
           1         295   99.472085511803982        854.01620213427736        125.38236802660563     
           1         296   100.32264882061003        694.75068384362737        125.37610846567966     
           1         297   99.369001326725595        699.50399578540100        125.37819492653509     
           1         298   100.89909371969453        760.81919774314747        125.48111863445881     
           1         299   99.160572240239290        757.69804733263516        125.37819492653509     
           1         300   99.028520026893062        813.27487627021890        125.39175837134839     
           1         301   100.16614086472980        719.61856118718526        125.37610846567966     
           1         302   99.634454067584500        716.43665463427737        125.37610846567966     
           1         303   247.23791786901307        731.10228893106319        134.64636360802734     
           1         304   101.24021301608109        793.10947892426827        125.39090768748579     
           1         305   105.29560849144580        788.30426734682464        125.81475465337658     
           1         306   99.894226713197682        686.33761747462859        125.34190327423282     
           1         307   103.09111796045353        712.87605725800017        125.40029795391141     
           1         308   101.15021692456408        734.01182458268090        125.33037380745999     
           1         309   98.202256536387679        758.59293813427746        125.32311101188326     
           1         310   101.96375286349381        847.84302320380880        125.43940711327356     
           1         311   99.191071971503519        672.21953417792463        125.37819492653509     
           1         312   97.663469812736565        738.25663949737020        125.32102327988444     
           1         313   100.84174264268341        733.27345608080100        125.44983276239083     
           1         314   99.578800626609947        790.96172553600002        125.37819492653509     
           1         315   102.49053578207881        825.12159464583920        125.44983276239083     
           1         316   100.39490276458817        701.81734113427729        125.37610846567966     
           1         317   99.007523969914459        699.59631004122400        125.37610846567966     
           1         318   101.25477295023352        753.51280842655251        125.44983276239083     
           1         319   102.56428682591987        728.41902543595324        125.44149212412172     
           1         320   97.996766183861297        803.25630031178594        125.33668271845573     
           1         321   308.14010763727509        675.85348492926505        182.90376136454964     
           1         322   98.971167256764659        722.21346410456931        125.38654136450570     
           1         323   377.56076403353001        675.61249770141603        183.79720439103511     
           1         324   101.56296098559145        779.51736950932752        125.39090768748579     
           1         325   101.43882113675004        743.23653853080395        125.43160753956705     
           1         326   99.967340026910733        686.23166196084424        125.37610846567966     
           1         327   99.403996513513746        690.98991013596822        125.38654136450570     
           1         328   99.436823628326962        734.19265625927346        125.37610846567966     
           1         329   99.749637021148416        792.34711609363592        125.37610846567966     
           1         330   100.80218430735181        784.24555613427754        125.38464817877328     
           1         331   99.570934544602423        646.74958959569744        125.38236802660563     
           1         332   243.55289562217592        677.14660163832127        134.64390540398296     
           1         333   312.85227161441253        725.61235358810211        182.92649059733478     
           1         334   99.009594967689623        751.67497190037705        125.39175837134839     
           1         335   99.765156183979727        806.29358170449404        125.37610846567966     
           1         336   361.85917124576974        650.98636038080349        183.56088335419349     
           1         337   99.651782099788349        680.21742891784675        125.38654136450570     
           1         338   314.16479201981929        699.39838329478380        182.91626015572777     
           1         339   98.962452777420225        760.81486892144051        125.37819492653509     
           1         340   112.70468769601949        827.78429565583542        125.82100073998933     
           1         341   98.934092822485553        706.84747922797692        125.37610846567966     
           1         342   98.981375180584010        685.49449104471796        125.37610846567966     
           1         343   351.01790864912095        734.92243649230011        183.55483531831888     
           1         344   96.710730052718446        717.75450191784682        125.29402432150756     
           1         345   99.404541527827291        790.19739463073472        125.39175837134839     
           1         346   99.351799426898239        698.21087314622503        125.39697574984537     
           1         347   98.981886195233329        720.68573891092569        125.37819492653509     
           1         348   99.780090574690064        716.61224871195748        125.37610846567966     
           1         349   100.86353811149608        764.31161481724644        125.44983276239083     
           1         350   99.187954422710916        777.08329182250270        125.38236802660563     
           1         351   99.526076291293435        691.91508213427733        125.37819492653509     
           1         352   100.22626317844697        773.43102883510130        125.37610846567966     
           1         353   311.96796975099682        766.16393765691373        182.90376136454964     
           1         354   99.351250771855391        761.01586385913652        125.38236802660563     
           1         355   99.491349980786083        825.38623969257981        125.37610846567966     
           1         356   318.25566297550512        665.89192418451046        182.99942678257003     
           1         357   306.62755824974755        718.04352092788099        182.90376136454964     
           1         358   101.24505159979698        786.84289513427757        125.44149212412172     
           1         359   99.208882906315594        791.35791964079965        125.37610846567966     
           1         360   99.172848480701958        791.77781516612231        125.37610846567966     
           1         361   99.557384699740325        696.24730239569851        125.39175837134839     
           1         362   99.463053989178221        696.49775298309942        125.37610846567966     
           1         363   99.201565534455128        749.80348177773351        125.37819492653509     
           1         364   97.589295767761598        798.07751575965813        125.32311101188326     
           1         365   244.93115329804681        803.66852013427729        134.64636360802734     
           1         366   102.95342317582978        666.66465660470931        125.51207767517270     
           1         367   313.79111912894143        747.92004641728488        182.92535119398204     
           1         368   101.87605436546910        734.11697261615404        125.43940711327356     
           1         369   102.49668994445338        803.84638487862287        125.38464817877328     
           1         370   98.803071492500180        795.08552846205555        125.29496328639496     
           1         371   98.668674335915824        678.10948560734130        125.36801162617463     
           1         372   310.65384539981665        708.96130413427738        182.90376136454964     
           1         373   99.489000180357991        786.21450318469010        125.37610846567966     
           1         374   99.393985823063559        766.32506225900261        125.37819492653509     
           1         375   96.473500847560871        846.52142020908673        125.27522203604858     
           1         376   108.18204596514519        647.85564190542209        125.62997461994171     
           1         377   105.30459693060951        719.93019814140860        125.52381298105232     
           1         378   98.959362734718553        739.33164490493198        125.38654136450570     
           1         379   99.250826696922232        792.23810913427747        125.37610846567966     
           1         380   103.05480053716036        807.23431467627756        125.40029795391141     
           1         381   103.42660196696193        710.91209401236893        125.38464817877328     
           1         382   102.79333681312114        679.41099645259226        125.38464817877328     
           1         383   107.06341057652006        761.93501490067638        125.83557707786989     
           1         384   110.31777586489324        757.69005374580297        125.81475465337658     
           1         385   243.20633039615856        678.26021043569335        78.215763767629454     
           1         386   310.98236785213771        697.60463141784669        182.90376136454964     
           1         387   101.63558070514011        712.04082091238558        125.44566232427695     
           1         388   105.73112396424413        709.09363268294078        125.81475465337658     
           1         389   240.40110580479066        762.55951905870188        134.64390540398296     
           1         390   99.291793192851614        817.14173503054451        125.37819492653509     
           1         391   104.06435978061793        688.03583619461619        125.51832792644610     
           1         392   377.39587918555333        651.47492767433619        183.48221367931694     
           1         393   97.870349828385685        744.11598885070828        125.32102327988444     
           1         394   98.940751991398514        767.20977716984078        125.37610846567966     
           1         395   296.42907835984283        745.30731853648967        135.07923812209060     
           1         396   112.15473687670419        694.74082534033755        125.86161369194336     
           1         397   99.382859194013264        736.11500611742213        125.37819492653509     
           1         398   315.44836975998123        772.59150392587685        183.05697818942446     
           1         399   99.923025665852975        748.54071173872762        125.37610846567966     
           1         400   98.119234704968065        796.95185413427737        125.32311101188326     
           1         401   99.345199732288876        646.79653764193108        125.39175837134839     
           1         402   104.06676606479265        725.81443668467523        125.55375613768894     
           1         403   101.47332742127989        790.70734813098784        125.38464817877328     
           1         404   366.78212267979478        813.70977770286549        183.55483531831888     
           1         405   99.222560407751104        792.25881687977187        125.37819492653509     
           1         406   99.356056027320221        676.63775295949995        125.38236802660563     
           1         407   101.60731632588445        686.85644763427729        125.40551528890099     
           1         408   376.67481352755203        756.00214270847960        183.56088335419349     
           1         409   101.75563208839529        853.46765327191440        125.44983276239083     
           1         410   103.23596662163061        843.89035184696502        125.44942729058765     
           1         411   101.29323565833465        671.68558473223436        125.39508099057736     
           2           1   99.564332977189238        746.02634913427732        126.96523295784915     
           2           2   106.76612389240766        730.00205520171698        127.19030347292244     
           2           3   100.48098314654325        812.13131781794505        126.95917934650339     
           2           4   103.99619792432925        879.73257045303069        127.10739363159796     
           2           5   99.413907951403729        892.08531921217389        126.95917934650339     
           2           6   99.554002015395113        719.57133198657971        126.95917934650339     
           2           7   99.965711705108049        770.51415193997877        126.95917934650339     
           2           8   718.79356862651332        847.81994000000009        488.62883311687159     
           2           9   99.281019323507635        839.62383399145313        126.95917934650339     
           2          10   99.926945468408164        892.78563188813780        126.96523295784915     
           2          11   99.638355286696111        734.54369391175521        126.96926897484560     
           2          12   235.50998955116060        750.95830325015083        136.26352362269878     
           2          13   97.968131964137612        843.51970419447957        126.91151985785183     
           2          14   97.239201326332832        824.34636712880501        126.85111835396394     
           2          15   101.05853428571302        905.20474613427723        127.02542688907873     
           2          16   98.480942671060035        722.31364423035450        126.90748121096652     
           2          17   99.591036395677648        763.09433259513492        126.97431430672511     
           2          18   99.704295511978415        784.43033082992019        126.95917934650339     
           2          19   99.487795540454499        857.64608070867075        126.96119716173426     
           2          20   99.383704148252008        858.14572420330421        127.00459354732897     
           2          21   96.495158750556044        745.22438740673249        126.85111835396394     
           2          22   99.648017798507666        736.66703763427734        126.96926897484560     
           2          23   100.25888612516647        814.09646003950354        126.97431430672511     
           2          24   100.17912994051396        829.90240306341491        126.96119716173426     
           2          25   99.320536959719249        832.19614438817291        126.95917934650339     
           2          26   99.222247593188641        686.61110849241607        126.95917934650339     
           2          27   104.62626574493348        742.39850241470356        126.93038496664951     
           2          28   100.46767845515764        707.56589125372864        126.96119716173426     
           2          29   99.926482686791076        794.29629813427755        126.97431430672511     
           2          30   479.11492798489826        818.09641973827740        298.52805641261472     
           2          31   3428.2750036873354        831.96290993549997        3111.5264550162874     
           2          32   98.308662808055729        708.97303045125409        126.91151985785183     
           2          33   98.792181861148322        727.99354100676146        126.91656847693105     
           2          34   99.342075682011981        708.61200586777238        126.97431430672511     
           2          35   100.29059967430155        783.35426596376840        126.95917934650339     
           2          36   101.45807381646807        662.21232041784663        127.02744320663554     
           2          37   101.36282056064869        703.24412809368050        127.02542688907873     
           2          38   100.15346085962352        761.50972104613186        126.95917934650339     
           2          39   99.383351681441070        753.81829965364170        126.95917934650339     
           2          40   99.902794705903773        778.37803636699721        126.96926897484560     
           2          41   99.765983574144471        667.42455816565223        126.95917934650339     
           2          42   101.17053555648337        703.15502213196885        127.02744320663554     
           2          43   99.764566733929001        742.60527513427746        126.96523295784915     
           2          44   99.350566243910578        768.84241279437288        126.96926897484560     
           2          45   102.01557274047633        746.75895744697868        126.96957802287717     
           2          46   100.40620277288589        645.66787458766566        126.99954614409897     
           2          47   4776.7228650106781        780.95737460713883        4301.4395943942982     
           2          48   100.46777464389017        724.40778827638599        126.95917934650339     
           2          49   3707.9843373225058        897.42869186070800        3607.6366720926308     
           2          50   427.10771240338221        939.51210713427736        188.32768951124092     
           2          51   99.352842242350647        653.98189103348830        126.95917934650339     
           2          52   106.89371183332388        703.96686683670464        127.11688499153531     
           2          53   99.336852590235750        690.41634456144322        126.96119716173426     
           2          54   101.28913934031890        779.79519280667307        127.04559255108121     
           2          55   100.78817024504187        850.21512775618999        126.96119716173426     
           2          56   106.50165871078819        678.80737888842157        126.97498086260622     
           2          57   99.332487200150823        685.90784485070799        126.95917934650339     
           2          58   101.47507637657510        733.41183112553949        126.97935998377015     
           2          59   99.695447964333979        747.03310732668274        126.95917934650339     
           2          60   96.862586284937464        812.36731536013212        126.86122032788094     
           2          61   5302.0366282316509        779.64743786250006        4873.0374560035480     
           2          62   101.77322266964936        726.93088522777862        127.00459354732897     
           2          63   105.88018623417501        730.22546947510250        127.19030347292244     
           2          64   103.32549180877444        793.11584613427749        127.10739363159796     
           2          65   97.599553539154542        788.31316996072519        126.85717937281640     
           2          66   299.55829068925163        686.34832117505994        185.64725554230486     
           2          67   96.534007961988536        753.24348489750423        126.85717937281640     
           2          68   99.301964611455048        748.06798881068403        126.95917934650339     
           2          69   99.361291327882682        761.88395660213541        126.90370572005486     
           2          70   101.81448072487404        825.35939906754948        127.03550902937974     
           2          71   99.456441998749312        665.91443313427726        126.95917934650339     
           2          72   103.58997873797830        718.08906407965742        127.11142324379330     
           2          73   99.691530953099800        744.35692682139415        126.95917934650339     
           2          74   97.870654521469035        764.99475699637821        126.91656847693105     
           2          75   101.18087256779519        789.21875956510655        126.96119716173426     
           2          76   99.414788763884303        714.59768782959259        126.95917934650339     
           2          77   99.485120865632197        703.13223809192584        126.96523295784915     
           2          78   103.66214049434490        771.06643513427753        127.10336424055848     
           2          79   99.829814357636408        764.19878759381390        126.96926897484560     
           2          80   347.92922443124144        815.64476544048546        188.19541419895219     
           2          81   99.286965998142691        696.05650501216780        126.95917934650339     
           2          82   98.436949094233498        734.41128037112878        126.90344278484721     
           2          83   101.21009095742754        728.82572765161990        126.96119716173426     
           2          84   100.75284821300789        783.95991864255143        126.96119716173426     
           2          85   374.44685647431339        753.00845955212401        188.48277087153360     
           2          86   101.41415213579367        678.15190902461188        126.95948839773074     
           2          87   100.13694841359101        707.02572507277375        126.95917934650339     
           2          88   310.48616704249889        754.17214925185033        185.81913136421912     
           2          89   99.631533647221175        775.81572507601049        126.96119716173426     
           2          90   100.03594288788877        809.76308433265456        126.95917934650339     
           2          91   102.55863434139475        634.22207183756154        126.96150621232232     
           2          92   97.769981715064077        716.37480891784662        126.91151985785183     
           2          93   99.416693608828382        719.80155864692961        126.97935998377015     
           2          94   99.398249794261829        765.15175447177603        126.95917934650339     
           2          95   100.89269483570337        823.26747396179405        126.91178279073945     
           2          96   240.58048284512691        662.56630913008405        136.36338517783423     
           2          97   101.44564565136237        674.66849719635388        127.02542688907873     
           2          98   101.08000668192392        705.17085622101092        126.96957802287717     
           2          99   99.546183721599675        754.71075341784672        126.95917934650339     
           2         100   99.489844193351360        781.99127403642387        126.97935998377015     
           2         101   97.913606118743161        685.86941870384078        126.86122032788094     
           2         102   101.93002138341537        680.79624594590882        126.95948839773074     
           2         103   99.413349559874035        708.43069755601766        126.97431430672511     
           2         104   96.576633881846391        727.15202768721861        126.87132368102648     
           2         105   97.844496541311173        790.15410177513832        126.90748121096652     
           2         106   99.845235546265670        698.21857413427722        126.95917934650339     
           2         107   120.63182968348649        739.74089801343735        126.99011466542608     
           2         108   102.68231919699657        717.04908735891092        127.03587153376955     
           2         109   99.452751593250312        765.94808997378300        126.95917934650339     
           2         110   103.07084647917861        745.06469713643185        127.04055061754339     
           2         111   99.816246399002011        672.66705654672489        126.97431430672511     
           2         112   101.19786806713454        730.56216471392872        127.02744320663554     
           2         113   99.482425961396345        752.57325513427747        126.97431430672511     
           2         114   244.61381518233779        748.14114783220805        136.37421433186796     
           2         115   99.653509839840126        795.23876653916818        126.90774414501422     
           2         116   110.42848995603579        656.75228555633362        127.08384337206957     
           2         117   324.87436905871266        756.34916685448525        171.75525167258024     
           2         118   375.50840812756633        808.05841714251619        185.93558553967526     
           2         119   419.59691478873606        858.02244273141605        188.52586627054288     
           2         120   101.08192597566320        791.78420813427749        127.04559255108121     
           2         121   110.16028640271885        696.25576214205114        126.98103401063689     
           2         122   107.00722776339394        696.50793644934720        127.22855476240005     
           2         123   101.35539846531820        749.81535045767828        127.02744320663554     
           2         124   99.728253935320808        820.41058303739237        126.96119716173426     
           2         125   103.55668114438855        823.53825419950169        127.02578939699082     
           2         126   101.45096390188375        668.70988234657671        126.96957802287717     
           2         127   583.21224642039863        805.58441641784657        502.83743683297621     
           2         128   98.117470900775047        727.11268698078709        126.92161744099690     
           2         129   98.250926022415996        781.55605462731432        126.91151985785183     
           2         130   96.672834128015083        830.64044766562245        126.86627183203882     
           2         131   97.914689805496863        678.45860221286136        126.90142365457299     
           2         132   966.39634121938718        798.75571332984657        552.11537265342713     
           2         133   12014.839714443566        896.22677312799988        10838.357292516279     
           2         134   97.829230824054534        765.07901913427736        126.91656847693105     
           2         135   99.519692795419729        836.65971203352353        126.96523295784915     
           2         136   4943.0940718651682        802.98995001196931        3970.3437346994720     
           2         137   98.102196270467729        709.42348125254341        126.91151985785183     
           2         138   99.228082397479909        740.19905006127112        126.95917934650339     
           2         139   101.99945078289988        819.74743413840599        127.06576373940503     
           2         140   242.02361045976181        797.29683029911291        136.36338517783423     
           2         141   6633.5622713975517        767.54043899999988        4979.7056132025791     
           2         142   17035.513331727539        810.85646454863854        16027.184715848982     
           2         143   102.52922257935786        751.78048538641667        127.04559255108121     
           2         144   96.731307579700825        770.58198407694113        126.85313863841810     
           2         145   101.63619146964636        824.48145708165941        127.03147600750174     
           2         146   123.42836936573067        686.60584100215613        127.02039160008326     
           2         147   99.296993324627394        742.37711021466123        126.95917934650339     
           2         148   114.22428839450200        707.60722141784686        126.97699852334570     
           2         149   111.74343834308910        794.29375543646393        126.93038496664951     
           2         150   10635.401542489792        972.57894055500014        8825.5802057090277     
           2         151   16070.530854164313        740.21102402827728        14759.111179597046     
           2         152   101.09499778646398        728.34961026271537        127.02542688907873     
           2         153   99.787443477534609        743.43560291536005        126.95917934650339     
           2         154   111.67737758369019        738.75472829203409        126.97498086260622     
           2         155   99.908612373357883        793.40482713427741        126.95917934650339     
           2         156   102.35319368365353        689.51266465377967        127.04559255108121     
           2         157   99.842668131591282        721.46954705388043        126.96119716173426     
           2         158   303.88322090367535        773.79841998704580        185.71228494720850     
           2         159   110.74714780338893        776.98553579631323        127.04351023788855     
           2         160   102.05505031728676        798.24291748991095        127.02542688907873     
           2         161   310.08221278475594        671.09948209169431        185.86324267749981     
           2         162   312.61177614377942        726.95555813427734        185.81178122515396     
           2         163   99.278990834061105        770.31871795293659        126.95917934650339     
           2         164   99.304538766573330        805.48630377175721        126.96119716173426     
           2         165   110.54889528318139        780.11629869771286        126.97498086260622     
           2         166   99.475025955586148        672.96415914353588        126.95917934650339     
           2         167   99.906340822505896        676.31048921081333        126.95917934650339     
           2         168   99.906995048597864        757.91438213693027        126.97431430672511     
           2         169   104.03968651177216        825.94205785070824        127.10134962797235     
           2         170   244.27327979360930        848.36732256432902        136.37021461061437     
           2         171   109.69576525566447        658.69031066092862        126.97498086260622     
           2         172   110.33702777486612        709.46869487790616        126.97699852334570     
           2         173   102.25931854511832        716.93002326736189        127.03147600750174     
           2         174   108.28917678056010        788.02516737629890        126.97498086260622     
           2         175   316.75929421837338        889.94930532541673        185.90315938548153     
           2         176   4451.4865181226069        903.36799156713857        4372.9057792346612     
           2         177   106.62829532589532        704.22059430157833        126.93038496664951     
           2         178   100.05296424194555        760.82360215759832        126.96523295784915     
           2         179   100.70154199391031        757.70394665939386        126.95917934650339     
           2         180   310.87749058821674        813.28110911937881        185.80002204036572     
           2         181   313.41844022677668        719.64430067176420        185.81178122515396     
           2         182   234.16202758728195        726.90650826472609        136.24725943698334     
           2         183   103.36836454938624        730.26835513427750        127.12149824193943     
           2         184   99.760945531134553        793.11373798656155        126.95917934650339     
           2         185   101.58814588103411        788.30868267380629        126.96957802287717     
           2         186   101.67604669542506        686.34365745600530        126.95948839773074     
           2         187   99.401899891046483        733.05997993129517        126.95917934650339     
           2         188   107.82435295443177        741.04903790572257        126.98506971901971     
           2         189   99.757369917765473        758.55048754291909        126.96523295784915     
           2         190   99.499493397178995        847.84532313427724        126.95917934650339     
           2         191   99.757260912407347        672.22405063065275        126.95917934650339     
           2         192   101.40007257708115        738.26145233201555        126.96150621232232     
           2         193   101.34007956845477        733.27972979816627        126.97966902860634     
           2         194   138.51225931947312        771.97837431167648        127.05359144697135     
           2         195   310.72142753266417        802.70386703693578        185.79708244371443     
           2         196   100.47485576365004        719.05643914253437        126.95917934650339     
           2         197   105.39110569939328        704.31075963427725        126.93038496664951     
           2         198   96.759349816977419        780.03750514923934        126.85111835396394     
           2         199   99.257919210256972        736.66003434273523        126.95917934650339     
           2         200   99.962609181059761        815.44356788784296        126.95917934650339     
           2         201   243.61291179039199        676.93521954827293        136.36555089025677     
           2         202   99.981402074987599        727.74855973078650        126.95917934650339     
           2         203   100.40998872824406        746.88861658646567        126.96523295784915     
           2         204   99.218838594021094        805.42378991784699        126.95917934650339     
           2         205   99.628345372732056        763.97716982479585        126.95917934650339     
           2         206   98.196198228146457        697.26203104083697        126.94686743696296     
           2         207   98.308679895220223        696.50211544004014        126.90344278484721     
           2         208   97.756460974647709        751.85367810060291        126.89153452574614     
           2         209   101.22933194473927        789.86806154433839        126.95917934650339     
           2         210   99.668762656606617        774.19725817859910        126.96926897484560     
           2         211   100.00292693942470        628.71030641784660        126.97431430672511     
           2         212   105.58262875625441        696.19515004031518        126.91726009858374     
           2         213   312.60029587946099        719.79666948672661        185.79708244371443     
           2         214   97.978664205861790        757.78660325622138        126.90344278484721     
           2         215   99.287531279265934        799.89822791802101        126.95917934650339     
           2         216   99.586367386982559        656.24876464893157        126.95917934650339     
           2         217   316.91106659948031        691.82897036909696        185.92372452538055     
           2         218   99.721688068466591        725.62392141784687        126.95917934650339     
           2         219   7538.6786050052897        936.18785653819998        6636.0796261805108     
           2         220   99.394119600229928        805.35344800590997        126.97935998377015     
           2         221   20760.162094404328        787.26202270199985        19678.289003251448     
           2         222   99.353891083813465        660.61311681715199        126.96926897484560     
           2         223   96.737271794095236        701.41241731334787        126.85313863841810     
           2         224   21161.693592707659        887.23725109599991        20564.807335138899     
           2         225   150.81345010738201        782.48503241784670        127.21804462097823     
           2         226   35324.500054979035        808.64531408500011        33656.130016854040     
           2         227   146.28650736066669        719.55817378524239        127.22710163521586     
           2         228   302.27134758757677        710.03066326271085        185.63842563765661     
           2         229   308.71880101574936        765.94259747877732        185.71267102151637     
           2         230   22472.100286623714        958.77848216499990        20246.658851259064     
           2         231   99.996665860033886        688.92128292867221        126.95917934650339     
           2         232   99.440039600250870        749.99650663427735        126.97431430672511     
           2         233   103.37627714826196        741.49800557901574        127.11142324379330     
           2         234   99.259754151725659        768.00460415999123        126.96926897484560     
           2         235   102.16845934702857        817.67813810403106        127.07080740014057     
           2         236   99.423994108130188        646.78222873122695        126.96119716173426     
           2         237   312.95901787475321        718.06852036803821        185.81178122515396     
           2         238   104.38062681558924        786.79462531902936        127.10134962797235     
           2         239   100.41707044589181        791.36037213427755        126.97431430672511     
           2         240   98.749147175144856        791.78206166499456        126.90344278484721     
           2         241   309.09094147879750        696.25144803564774        185.79708244371443     
           2         242   100.30085788330939        696.50324215992975        126.95917934650339     
           2         243   109.20878303754203        749.80916107635437        126.87331358570415     
           2         244   99.857413168320932        820.40402883149000        126.95917934650339     
           2         245   46154.639500493678        977.39782128000024        43689.980157897116     
           2         246   421.23906475643793        685.78196913427723        185.82910249631152     
           2         247   99.848147725024845        747.92457719521190        126.96523295784915     
           2         248   247.36169647681422        734.12141852319996        136.43674083933428     
           2         249   101.42883838326952        803.85233329683547        127.02744320663554     
           2         250   98.297558991562738        795.09173351671438        126.90142365457299     
           2         251   101.21219284624196        672.89402355294737        127.04559255108121     
           2         252   46013.686555430228        833.37757769999985        43072.162059553841     
           2         253   100.31627285974795        759.99390513427750        126.95917934650339     
           2         254   100.81105299178054        765.07673669609449        126.95917934650339     
           2         255   99.892435496240594        836.65484941973011        126.97431430672511     
           2         256   106.89671479939651        671.46140667133966        127.18829080053790     
           2         257   99.318312066824305        726.59844719808711        126.97935998377015     
           2         258   99.499840320109939        760.59512693088641        126.96523295784915     
           2         259   111.31297461957351        799.59934814985911        126.91726009858374     
           2         260   312.71906970628692        807.23648441784667        185.79708244371443     
           2         261   99.762309872960941        710.91639336753246        126.95917934650339     
           2         262   103.99933207293348        679.41502489322897        126.96150621232232     
           2         263   470.93950485768465        743.47876325427728        264.02160594832975     
           2         264   101.20539756579581        757.69624831856015        126.95917934650339     
           2         265   1391.5398093588281        750.43928018784663        1266.4949846413936     
           2         266   98.267435385349842        679.19909155147695        126.92161744099690     
           2         267   103.87345592660708        698.80628791784670        127.10336424055848     
           2         268   102.36239267479554        681.74115131283929        127.02744320663554     
           2         269   321.15723725039692        754.32805384973506        186.00875042752324     
           2         270   103.40359096885325        777.38347041983025        127.02542688907873     
           2         271   102.63530007535319        672.28533332980055        127.06576373940503     
           2         272   100.65909500846557        730.61027034546350        126.95948839773074     
           2         273   99.273747621258792        723.36705121173463        126.96523295784915     
           2         274   243.35926048326328        749.55228191784681        136.36338517783423     
           2         275   99.508036415232610        783.79501549262716        126.95917934650339     
           2         276   98.009105916384883        673.75541602496503        126.91656847693105     
           2         277   111.08605679357954        711.22816563225149        126.97498086260622     
           2         278   100.59525272472874        739.06589174179339        126.95917934650339     
           2         279   101.91614987860933        718.03053050994845        126.95948839773074     
           2         280   99.518736931683293        757.14742909712288        126.95917934650339     
           2         281   99.367779819506737        624.73428641784665        126.95917934650339     
           2         282   101.56597417100211        695.40123060370070        127.03147600750174     
           2         283   502.48308584468242        731.19112009204002        186.02680763164727     
           2         284   101.23822152728890        805.48079638352533        127.04055061754339     
           2         285   97.890329174413111        780.10985172155983        126.90748121096652     
           2         286   101.56117503480024        672.95881347570162        127.03147600750174     
           2         287   99.989679965189751        663.05589349223271        126.95917934650339     
           2         288   99.820914843263495        749.52954141784687        126.95917934650339     
           2         289   99.350370423842108        816.82401919646873        126.95917934650339     
           2         290   103.23993216995116        804.13167669739903        127.03147600750174     
           2         291   97.448419750233398        654.34117908095732        126.85313863841810     
           2         292   106.47726482711469        702.48563506874461        127.18829080053790     
           2         293   108.25947674027644        716.92439077562813        126.93038496664951     
           2         294   99.218507896907909        780.63652653769577        126.95917934650339     
           2         295   99.747590947996358        854.01620213427736        126.95917934650339     
           2         296   98.981656155988915        694.75068384362737        126.90344278484721     
           2         297   99.651502125846079        699.50399578540100        126.95917934650339     
           2         298   99.322614979132311        760.81919774314747        126.95917934650339     
           2         299   99.453935932517794        757.69804733263516        126.96523295784915     
           2         300   99.326024165267796        813.27487627021890        126.97935998377015     
           2         301   102.36827120500865        719.61856118718526        127.03550902937974     
           2         302   98.410918513005427        716.43665463427737        126.94181674761212     
           2         303   247.87176826818356        731.10228893106319        136.36371729783468     
           2         304   101.49101323454876        793.10947892426827        126.95948839773074     
           2         305   105.50019122056740        788.30426734682464        126.97498086260622     
           2         306   100.15880015539067        686.33761747462859        126.94181674761212     
           2         307   101.46733160235352        712.87605725800017        126.91683140836841     
           2         308   105.54166374326223        734.01182458268090        127.02780571384312     
           2         309   97.162424686579783        758.59293813427746        126.85111835396394     
           2         310   98.782355962959159        847.84302320380880        126.94181674761212     
           2         311   99.489965611330277        672.21953417792463        126.96926897484560     
           2         312   97.953649169519139        738.25663949737020        126.90344278484721     
           2         313   99.311542742034675        733.27345608080100        126.95917934650339     
           2         314   99.858461165135736        790.96172553600002        126.95917934650339     
           2         315   100.80534519571972        825.12159464583920        126.96523295784915     
           2         316   100.66510449886813        701.81734113427729        126.96119716173426     
           2         317   103.25110535190720        699.59631004122400        127.10134962797235     
           2         318   101.54714784251158        753.51280842655251        127.04055061754339     
           2         319   100.86207996645641        728.41902543595324        126.95917934650339     
           2         320   99.810671504801533        803.25630031178594        126.95917934650339     
           2         321   304.30600542643333        675.85348492926505        185.73434834660557     
           2         322   103.21874066570295        722.21346410456931        127.12149824193943     
           2         323   394.21988943317456        675.61249770141603        185.75642483021531     
           2         324   101.80062235101171        779.51736950932752        126.96150621232232     
           2         325   101.61320623637147        743.23653853080395        126.96150621232232     
           2         326   100.24531160457234        686.23166196084424        126.95917934650339     
           2         327   98.131707605615233        690.98991013596822        126.90142365457299     
           2         328   98.173598505500166        734.19265625927346        126.90344278484721     
           2         329   100.02952637902528        792.34711609363592        126.96119716173426     
           2         330   103.07628963294002        784.24555613427754        127.04091312017226     
           2         331   99.842090223168071        646.74958959569744        126.95917934650339     
           2         332   236.83681338157194        677.14660163832127        136.26352362269878     
           2         333   313.57936984761591        725.61235358810211        185.80590147311466     
           2         334   99.276527341871514        751.67497190037705        126.95917934650339     
           2         335   98.466622985030739        806.29358170449404        126.90142365457299     
           2         336   362.08412284528731        650.98636038080349        185.82028414720259     
           2         337   99.919427865516923        680.21742891784675        126.95917934650339     
           2         338   328.89029865655704        699.39838329478380        186.02111399627324     
           2         339   97.743251043323369        760.81486892144051        126.90142365457299     
           2         340   110.09819433937463        827.78429565583542        126.92533666426471     
           2         341   97.729654185842776        706.84747922797692        126.90748121096652     
           2         342   99.271420990115487        685.49449104471796        126.95917934650339     
           2         343   361.92213969418640        734.92243649230011        185.92383624307985     
           2         344   103.92614634157958        717.75450191784682        127.12149824193943     
           2         345   99.666291161143235        790.19739463073472        126.95917934650339     
           2         346   101.44327284149929        698.21087314622503        127.02744320663554     
           2         347   99.291775382164275        720.68573891092569        126.97431430672511     
           2         348   100.06982128346075        716.61224871195748        126.96523295784915     
           2         349   96.561268164426849        764.31161481724644        126.85717937281640     
           2         350   101.28604952811250        777.08329182250270        127.02542688907873     
           2         351   98.274258040675079        691.91508213427733        126.91656847693105     
           2         352   100.49360559096240        773.43102883510130        126.95917934650339     
           2         353   312.81379971897485        766.16393765691373        185.79708244371443     
           2         354   99.626675051631366        761.01586385913652        126.95917934650339     
           2         355   101.62848771632022        825.38623969257981        127.02744320663554     
           2         356   312.99546310088658        665.89192418451046        185.79708244371443     
           2         357   307.52937173211478        718.04352092788099        185.79708244371443     
           2         358   98.152643760862290        786.84289513427757        126.91151985785183     
           2         359   96.689839504814429        791.35791964079965        126.85111835396394     
           2         360   103.51633720459225        791.77781516612231        127.14669178616185     
           2         361   106.52977636094309        696.24730239569851        127.19835471576191     
           2         362   99.755739554586498        696.49775298309942        126.96523295784915     
           2         363   101.31044382850168        749.80348177773351        127.02744320663554     
           2         364   96.603493862529845        798.07751575965813        126.85111835396394     
           2         365   245.54343456713426        803.66852013427729        136.36371729783468     
           2         366   101.09393992864635        666.66465660470931        127.02542688907873     
           2         367   314.57022319478813        747.92004641728488        185.79753623031809     
           2         368   100.24255643080808        734.11697261615404        126.95917934650339     
           2         369   100.93339141528803        803.84638487862287        126.90774414501422     
           2         370   99.061649626373253        795.08552846205555        126.86144351116073     
           2         371   102.43451545603909        678.10948560734130        127.04055061754339     
           2         372   306.53390673993988        708.96130413427738        185.71522647451479     
           2         373   99.772709587949706        786.21450318469010        126.95917934650339     
           2         374   99.675875998952606        766.32506225900261        126.95917934650339     
           2         375   103.60146025209184        846.52142020908673        127.10739363159796     
           2         376   101.21525412031130        647.85564190542209        126.96150621232232     
           2         377   108.40913716708241        719.93019814140860        127.20388328277710     
           2         378   101.04067642542894        739.33164490493198        127.03147600750174     
           2         379   103.56713026894653        792.23810913427747        127.11646057006372     
           2         380   103.30430788758821        807.23431467627756        126.96957802287717     
           2         381   103.71395805184831        710.91209401236893        126.97462335315848     
           2         382   101.22277369319337        679.41099645259226        126.91683140836841     
           2         383   107.24458418541391        761.93501490067638        126.98506971901971     
           2         384   110.55839948120772        757.69005374580297        127.02039160008326     
           2         385   220.79952250680438        678.26021043569335        78.469488251369242     
           2         386   311.83290709624572        697.60463141784669        185.79708244371443     
           2         387   100.04967760894534        712.04082091238558        126.97431430672511     
           2         388   108.37015943315808        709.09363268294078        127.04552636908495     
           2         389   241.06706997272167        762.55951905870188        136.36338517783423     
           2         390   106.19064526559269        817.14173503054451        127.18829080053790     
           2         391   102.07768745902315        688.03583619461619        127.02744320663554     
           2         392   378.05429177946581        651.47492767433619        185.65149262262935     
           2         393   99.700222906563283        744.11598885070828        126.95917934650339     
           2         394   99.231247830029019        767.20977716984078        126.95917934650339     
           2         395   308.78157579456848        745.30731853648967        136.31793894093980     
           2         396   111.97106927149538        694.74082534033755        126.97498086260622     
           2         397   101.51922863677908        736.11500611742213        127.03550902937974     
           2         398   316.13639538574836        772.59150392587685        185.90315938548153     
           2         399   98.622573262167236        748.54071173872762        126.90748121096652     
           2         400   99.964779672261400        796.95185413427737        126.95917934650339     
           2         401   99.607877976605081        646.79653764193108        126.95917934650339     
           2         402   102.03285990548038        725.81443668467523        127.02744320663554     
           2         403   100.00185590692814        790.70734813098784        126.90168659036001     
           2         404   366.87510089756773        813.70977770286549        185.82028414720259     
           2         405   97.981212970421183        792.25881687977187        126.90344278484721     
           2         406   103.66146798774955        676.63775295949995        127.10336424055848     
           2         407   101.84393097701815        686.85644763427729        126.96150621232232     
           2         408   378.51471018889742        756.00214270847960        185.83498179520433     
           2         409   104.28358978766521        853.46765327191440        127.11646057006372     
           2         410   101.47853789815801        843.89035184696502        126.96150621232232     
           2         411   99.837388901853785        671.68558473223436        126.91178279073945     
