  economy_id district_id expected_hires capacity belief_expected_hires
           1           1   3.3142261607135235        17.000000000000000        5.3185274182342166     
           1           2   3.2862188788906646        17.000000000000000        5.3191655345034752     
           1           3   3.4337630587301313        17.000000000000000        5.3186336349233336     
           1           4   3.3240675442641994        17.000000000000000        5.3185274182342166     
           1           5   3.3097695753755034        17.000000000000000        5.3183253067497578     
           1           6   3.3138434291994243        17.000000000000000        5.3183253067497578     
           1           7   3.3285228608854029        17.000000000000000        5.3198414118341280     
           1           8   22.425198632395212        17.000000000000000        12.812359554546017     
           1           9   3.2653269520399486        17.000000000000000        5.3181548553509383     
           1          10   3.2847735423338098        17.000000000000000        5.3196709775296362     
           1          11   3.2769662564832585        17.000000000000000        5.3196709775296362     
           1          12   8.2928984984249876        17.000000000000000        5.6663050273279421     
           1          13   3.2923481484917536        17.000000000000000        5.3197530261100310     
           1          14   3.3600257261544342        17.000000000000000        5.3199366267962818     
           1          15   3.3052596224305981        17.000000000000000        5.3183253067497578     
           1          16   3.3063417072868009        17.000000000000000        5.3188432832593442     
           1          17   3.3142395085948970        17.000000000000000        5.3183253067497578     
           1          18   3.2958972613193072        17.000000000000000        5.3182369121611774     
           1          19   3.3128999917287074        17.000000000000000        5.3189316743020401     
           1          20   3.3072432855877922        17.000000000000000        5.3185274182342166     
           1          21   3.2848151965032644        17.000000000000000        5.3188432832593442     
           1          22   3.2939327856692087        17.000000000000000        5.3182369121611774     
           1          23   3.3337674273345779        17.000000000000000        5.3183253067497578     
           1          24   3.3319721837432450        17.000000000000000        5.3183253067497578     
           1          25   3.2663635025968420        16.000000000000000        5.3181548553509383     
           1          26   3.3041971721155097        16.000000000000000        5.3183253067497578     
           1          27   3.5243358946299836        16.000000000000000        5.3290402051740076     
           1          28   3.3188309304039718        16.000000000000000        5.3192475858270658     
           1          29   3.3814818656390289        16.000000000000000        5.3195337712893309     
           1          30   13.355182369202033        16.000000000000000        7.4509354062396440     
           1          31   57.977648155769259        16.000000000000000        54.224050386011271     
           1          32   3.3224227936319863        16.000000000000000        5.3183253067497578     
           1          33   3.3143773370355123        16.000000000000000        5.3182369121611774     
           1          34   3.3141667881545649        16.000000000000000        5.3223696333443078     
           1          35   3.3353490808850275        16.000000000000000        5.3183253067497578     
           1          36   3.3184489113040851        16.000000000000000        5.3198414118341280     
           1          37   3.2916125343142868        16.000000000000000        5.3184390248275770     
           1          38   3.3579635963568890        16.000000000000000        5.3186226414715643     
           1          39   3.3092371123331543        16.000000000000000        5.3185274182342166     
           1          40   3.3497941278253265        16.000000000000000        5.3186226414715643     
           1          41   3.2784798554991319        16.000000000000000        5.3183569691147419     
           1          42   3.3152810002926429        16.000000000000000        5.3223696333443078     
           1          43   3.2990570452178356        16.000000000000000        5.3192475858270658     
           1          44   3.3342927763432573        16.000000000000000        5.3194311926507787     
           1          45   3.3830917198740575        16.000000000000000        5.3183531799886072     
           1          46   3.3945115161756680        16.000000000000000        5.3187252255956237     
           1          47   83.930150024905217        16.000000000000000        76.832628809718528     
           1          48   3.3403570352605487        16.000000000000000        5.3183253067497578     
           1          49   57.935975685414405        16.000000000000000        56.330275879300920     
           1          50   12.875223063964329        16.000000000000000        6.6781252113244927     
           1          51   3.2689994305526175        16.000000000000000        5.3191655345034752     
           1          52   3.3914482301282391        16.000000000000000        5.3189595474556288     
           1          53   3.3074332702860616        16.000000000000000        5.3183253067497578     
           1          54   3.3673982489496348        16.000000000000000        5.3200392020066163     
           1          55   3.3499395294624530        16.000000000000000        5.3183253067497578     
           1          56   3.5170061874890921        16.000000000000000        5.3288381155695053     
           1          57   3.3154544456694475        16.000000000000000        5.3228754846845270     
           1          58   3.4677862607825940        16.000000000000000        5.3186336349233336     
           1          59   3.2960319900231467        16.000000000000000        5.3184390248275770     
           1          60   3.3175217336814224        16.000000000000000        5.3183253067497578     
           1          61   85.353275960466220        16.000000000000000        82.516306455019034     
           1          62   3.3303047581277299        16.000000000000000        5.3196709775296362     
           1          63   3.3363358225183779        16.000000000000000        5.3204421299210605     
           1          64   3.3090113279341025        16.000000000000000        5.3189316743020401     
           1          65   3.3197355009024005        16.000000000000000        5.3182369121611774     
           1          66   10.260392054174847        16.000000000000000        6.5784705682406770     
           1          67   3.3064311531165824        16.000000000000000        5.3183253067497578     
           1          68   3.3065170288453807        16.000000000000000        5.3183253067497578     
           1          69   3.3587058086660262        16.000000000000000        5.3198692848598537     
           1          70   3.3247957208618755        16.000000000000000        5.3183253067497578     
           1          71   3.2917423463883071        16.000000000000000        5.3197530261100310     
           1          72   3.3176982858463893        16.000000000000000        5.3203469181413849     
           1          73   3.3177749167361332        16.000000000000000        5.3183253067497578     
           1          74   3.3083016377103651        16.000000000000000        5.3183253067497578     
           1          75   3.3615862913522729        16.000000000000000        5.3183253067497578     
           1          76   3.3115797303377694        16.000000000000000        5.3193359745058872     
           1          77   3.3669190935087703        16.000000000000000        5.3191294763743890     
           1          78   3.3418987399025495        16.000000000000000        5.3186226414715643     
           1          79   3.3213907517048269        16.000000000000000        5.3183253067497578     
           1          80   11.430186042298583        16.000000000000000        6.6696483694470530     
           1          81   3.3071522179289601        16.000000000000000        5.3189316743020401     
           1          82   3.3268988652853135        16.000000000000000        5.3183253067497578     
           1          83   3.3623448966702432        16.000000000000000        5.3183253067497578     
           1          84   3.3492467721391384        16.000000000000000        5.3185274182342166     
           1          85   11.690679037455464        16.000000000000000        6.6713656308493405     
           1          86   3.3675190498583878        16.000000000000000        5.3183531799886072     
           1          87   3.3651313137294796        16.000000000000000        5.3229706805532162     
           1          88   10.197062221312713        16.000000000000000        6.5795051937425324     
           1          89   3.3163661677057168        16.000000000000000        5.3185274182342166     
           1          90   3.4184894315207854        16.000000000000000        5.3186336349233336     
           1          91   3.3987693044626259        16.000000000000000        5.3185552914446497     
           1          92   3.3302619402329996        16.000000000000000        5.3184205312603465     
           1          93   3.3639923156787326        16.000000000000000        5.3191294763743890     
           1          94   3.3103665873477714        16.000000000000000        5.3189316743020401     
           1          95   3.4063366344622441        16.000000000000000        5.3198692848598537     
           1          96   8.0103705478402443        16.000000000000000        5.6651159686812038     
           1          97   3.3154895266543134        16.000000000000000        5.3183253067497578     
           1          98   3.3125552968767389        16.000000000000000        5.3181789475715808     
           1          99   3.3162713498461680        16.000000000000000        5.3198414118341280     
           1         100   3.3110844793759098        16.000000000000000        5.3183253067497578     
           1         101   3.3541317181797488        16.000000000000000        5.3183253067497578     
           1         102   3.3849974797234030        16.000000000000000        5.3198692848598537     
           1         103   3.3101561137350344        16.000000000000000        5.3189316743020401     
           1         104   3.3071384954075635        16.000000000000000        5.3183253067497578     
           1         105   3.3079150216716582        16.000000000000000        5.3183253067497578     
           1         106   3.3223361483085676        16.000000000000000        5.3183253067497578     
           1         107   3.9460835536152445        16.000000000000000        5.3298486745897407     
           1         108   3.3478351329887635        16.000000000000000        5.3183531799886072     
           1         109   3.3686613821384803        16.000000000000000        5.3205447017032386     
           1         110   3.4180906126756234        16.000000000000000        5.3185231167557827     
           1         111   3.3207935524240315        16.000000000000000        5.3183253067497578     
           1         112   3.3088474779462982        16.000000000000000        5.3183253067497578     
           1         113   3.3663801140388223        16.000000000000000        5.3191294763743890     
           1         114   8.1259683440683084        16.000000000000000        5.6649008853278691     
           1         115   3.3652593235662209        16.000000000000000        5.3185552914446497     
           1         116   3.5550169713608639        16.000000000000000        5.3294444176809632     
           1         117   11.256471835940747        16.000000000000000        6.0788350931718691     
           1         118   11.998360911651144        16.000000000000000        6.5925994421887548     
           1         119   12.654966335746419        16.000000000000000        6.6775282062900070     
           1         120   3.3054487287244050        16.000000000000000        5.3185274182342166     
           1         121   3.6654017299840143        16.000000000000000        5.3301266079275180     
           1         122   3.3876296221580993        16.000000000000000        5.3187252255956237     
           1         123   3.2909937302943848        16.000000000000000        5.3182369121611774     
           1         124   3.3198988628752808        16.000000000000000        5.3189316743020401     
           1         125   3.4017332040934916        16.000000000000000        5.3199666196205557     
           1         126   3.3971597363157064        16.000000000000000        5.3190568879505369     
           1         127   16.783734519561694        16.000000000000000        11.728064564738309     
           1         128   3.3485515964924408        16.000000000000000        5.3224648323949708     
           1         129   3.3017439649856173        16.000000000000000        5.3202585353719130     
           1         130   3.3359505259668989        16.000000000000000        5.3184205312603465     
           1         131   3.3104406268896205        16.000000000000000        5.3183253067497578     
           1         132   21.997851841614580        16.000000000000000        11.398778647862907     
           1         133   198.68031375640379        16.000000000000000        186.49294459982912     
           1         134   3.3069862249451552        16.000000000000000        5.3183253067497578     
           1         135   3.3143240471605044        16.000000000000000        5.3193359745058872     
           1         136   83.743650315296463        16.000000000000000        74.009119978702813     
           1         137   3.2937106264977056        16.000000000000000        5.3182369121611774     
           1         138   3.3043725231435692        16.000000000000000        5.3183253067497578     
           1         139   3.3296249128398427        16.000000000000000        5.3189316743020401     
           1         140   7.9652945588176109        16.000000000000000        5.6690231541262639     
           1         141   139.94760241548693        16.000000000000000        124.70596239974425     
           1         142   284.01276066284959        16.000000000000000        267.87779083569330     
           1         143   3.3723866350149150        16.000000000000000        5.3194311926507787     
           1         144   3.2924621518849211        16.000000000000000        5.3188432832593442     
           1         145   3.3049890794395491        16.000000000000000        5.3222812623923366     
           1         146   4.0157160136396461        16.000000000000000        5.3328820172333753     
           1         147   3.3063732418651233        16.000000000000000        5.3183253067497578     
           1         148   3.7515666129775140        16.000000000000000        5.3303540581735351     
           1         149   3.8035465257986711        16.000000000000000        5.3305308527106146     
           1         150   197.36169921943409        16.000000000000000        181.19844994761044     
           1         151   257.13205114783153        16.000000000000000        242.64749298336824     
           1         152   3.3311844695296937        16.000000000000000        5.3184205312603465     
           1         153   3.2981821342396125        16.000000000000000        5.3182369121611774     
           1         154   3.6720737375260644        16.000000000000000        5.3288381155695053     
           1         155   3.3241645057288172        16.000000000000000        5.3183253067497578     
           1         156   3.3396145462019340        16.000000000000000        5.3189316743020401     
           1         157   3.3239624892202482        16.000000000000000        5.3193359745058872     
           1         158   10.273425198481304        16.000000000000000        6.5784705682406770     
           1         159   3.5679952380555973        16.000000000000000        5.3303540581735351     
           1         160   3.3315548205559451        16.000000000000000        5.3183253067497578     
           1         161   10.309019520110159        16.000000000000000        6.5784705682406770     
           1         162   10.387935296041739        16.000000000000000        6.5787197291044404     
           1         163   3.3076368085215742        16.000000000000000        5.3193359745058872     
           1         164   3.2858337357282488        16.000000000000000        5.3188432832593442     
           1         165   3.5783174660610415        16.000000000000000        5.3321605248017621     
           1         166   3.3119040711092840        16.000000000000000        5.3185274182342166     
           1         167   3.3041533639731973        16.000000000000000        5.3197530261100310     
           1         168   3.3234354900140413        16.000000000000000        5.3183253067497578     
           1         169   3.4190761432959835        16.000000000000000        5.3206552050987801     
           1         170   8.0154388847377049        16.000000000000000        5.6668962742772697     
           1         171   3.6121203165964522        16.000000000000000        5.3288381155695053     
           1         172   3.6320498948348683        16.000000000000000        5.3288381155695053     
           1         173   3.3367791769672972        16.000000000000000        5.3183253067497578     
           1         174   3.5074219066263170        16.000000000000000        5.3278126840613282     
           1         175   10.337162856306136        16.000000000000000        6.5784705682406770     
           1         176   57.984541795795884        16.000000000000000        56.884223056706226     
           1         177   3.6331981817953318        16.000000000000000        5.3315416590151772     
           1         178   3.3290027011915146        16.000000000000000        5.3189316743020401     
           1         179   3.3470118939551052        16.000000000000000        5.3183253067497578     
           1         180   10.338199320017786        16.000000000000000        6.5784705682406770     
           1         181   10.413169789948356        16.000000000000000        6.5792180914013647     
           1         182   7.9236854856082228        16.000000000000000        5.6653645030365976     
           1         183   3.2902158746898444        16.000000000000000        5.3202585353719130     
           1         184   3.3209479378606335        16.000000000000000        5.3189316743020401     
           1         185   3.3726484684273874        16.000000000000000        5.3189595474556288     
           1         186   3.3763354126200364        16.000000000000000        5.3193638476026521     
           1         187   3.2878992286391147        16.000000000000000        5.3184390248275770     
           1         188   3.6377305354600260        16.000000000000000        5.3304547812856802     
           1         189   3.2989068130355359        16.000000000000000        5.3192475858270658     
           1         190   3.3375320357846601        16.000000000000000        5.3184205312603465     
           1         191   3.2972570938939283        16.000000000000000        5.3182369121611774     
           1         192   3.3953814467640826        16.000000000000000        5.3186526344881706     
           1         193   3.3659574373013035        16.000000000000000        5.3193638476026521     
           1         194   4.3486153616783350        16.000000000000000        5.3288381155695053     
           1         195   10.333920918123891        16.000000000000000        6.5784705682406770     
           1         196   3.2974037648174912        16.000000000000000        5.3183569691147419     
           1         197   3.5521557130523300        16.000000000000000        5.3308595111532346     
           1         198   3.3410375209891177        16.000000000000000        5.3190268949931205     
           1         199   3.3052382117251033        16.000000000000000        5.3183253067497578     
           1         200   3.3255969221327701        16.000000000000000        5.3183253067497578     
           1         201   8.1005506795706470        16.000000000000000        5.6655461705554941     
           1         202   3.3262557170915894        16.000000000000000        5.3183253067497578     
           1         203   3.3959529785530549        16.000000000000000        5.3185231167557827     
           1         204   3.3041013124195917        16.000000000000000        5.3183253067497578     
           1         205   3.3159934745222865        16.000000000000000        5.3183253067497578     
           1         206   3.4077290980545931        16.000000000000000        5.3196442820706338     
           1         207   3.3255559376072599        16.000000000000000        5.3198414118341280     
           1         208   3.3242446225002937        16.000000000000000        5.3188432832593442     
           1         209   3.3641570962087046        16.000000000000000        5.3189316743020401     
           1         210   3.3426345417339083        16.000000000000000        5.3186226414715643     
           1         211   3.3262709893425764        16.000000000000000        5.3183253067497578     
           1         212   3.5215729798429911        16.000000000000000        5.3282026102727951     
           1         213   10.389468004700465        16.000000000000000        6.5784705682406770     
           1         214   3.3123756168785756        16.000000000000000        5.3183253067497578     
           1         215   3.3060910991962760        16.000000000000000        5.3183253067497578     
           1         216   3.3147868779384728        16.000000000000000        5.3183253067497578     
           1         217   10.342954845975056        16.000000000000000        6.5792180914013647     
           1         218   3.3186758342049938        16.000000000000000        5.3183253067497578     
           1         219   142.05551091605554        16.000000000000000        134.67154059841889     
           1         220   3.3979894018142129        16.000000000000000        5.3201497090949932     
           1         221   333.63985462303026        16.000000000000000        321.54782898199829     
           1         222   3.3093552550462721        16.000000000000000        5.3193359745058872     
           1         223   3.3140364656402119        16.000000000000000        5.3185274182342166     
           1         224   362.28730758689505        16.000000000000000        356.24671494170281     
           1         225   4.3920024726869187        16.000000000000000        5.3288381155695053     
           1         226   558.18698073251676        16.000000000000000        539.80524570900286     
           1         227   4.2948583283584654        16.000000000000000        5.3288381155695053     
           1         228   10.354915315056187        16.000000000000000        6.5784705682406770     
           1         229   10.426667615965625        16.000000000000000        6.5785051261473990     
           1         230   389.01826731905652        16.000000000000000        369.09850977449730     
           1         231   3.3270748809697341        16.000000000000000        5.3185274182342166     
           1         232   3.3657184918867471        16.000000000000000        5.3195337712893309     
           1         233   3.3107680154386845        16.000000000000000        5.3193359745058872     
           1         234   3.3315072281273457        16.000000000000000        5.3194311926507787     
           1         235   3.3094095778252015        16.000000000000000        5.3182369121611774     
           1         236   3.2690092805597235        16.000000000000000        5.3181548553509383     
           1         237   10.325517411081695        16.000000000000000        6.5786101376710935     
           1         238   3.3104192337861647        16.000000000000000        5.3182369121611774     
           1         239   3.3384042279298356        16.000000000000000        5.3183253067497578     
           1         240   3.3368146288474256        16.000000000000000        5.3183253067497578     
           1         241   10.286687818500949        16.000000000000000        6.5784705682406770     
           1         242   3.3356216401765479        16.000000000000000        5.3183253067497578     
           1         243   3.7894775836360499        16.000000000000000        5.3305308527106146     
           1         244   3.3226768340257880        16.000000000000000        5.3183253067497578     
           1         245   725.70418653757281        16.000000000000000        695.54603081663856     
           1         246   14.461867867861089        16.000000000000000        6.5954788338089170     
           1         247   3.3221497709994732        16.000000000000000        5.3183253067497578     
           1         248   8.0810131785235590        16.000000000000000        5.6670522464418003     
           1         249   3.3404277761053902        16.000000000000000        5.3184205312603465     
           1         250   3.3226240050849061        16.000000000000000        5.3183253067497578     
           1         251   3.3339722115936525        16.000000000000000        5.3186226414715643     
           1         252   780.63068202425541        16.000000000000000        753.53637010642399     
           1         253   3.3360388640080836        16.000000000000000        5.3183253067497578     
           1         254   3.3521275924039236        16.000000000000000        5.3193359745058872     
           1         255   3.3230409444676177        16.000000000000000        5.3183253067497578     
           1         256   3.3296343031087314        16.000000000000000        5.3183253067497578     
           1         257   3.3061016313149478        16.000000000000000        5.3183253067497578     
           1         258   3.3130244547109999        16.000000000000000        5.3189316743020401     
           1         259   3.6848155331349641        16.000000000000000        5.3297185946366943     
           1         260   10.479126888843027        16.000000000000000        6.5788377881921178     
           1         261   3.3199149547146205        16.000000000000000        5.3183253067497578     
           1         262   3.4373464738267669        16.000000000000000        5.3183531799886072     
           1         263   14.892156232316365        16.000000000000000        9.4417052704916831     
           1         264   3.3913003387699239        16.000000000000000        5.3190268949931205     
           1         265   27.495651661875190        16.000000000000000        27.287815169201899     
           1         266   3.2785886704042264        16.000000000000000        5.3181548553509383     
           1         267   3.3210333639056246        16.000000000000000        5.3183253067497578     
           1         268   3.3397279193470557        16.000000000000000        5.3183253067497578     
           1         269   10.206894544641738        16.000000000000000        6.5783609753418739     
           1         270   3.3663370505446633        16.000000000000000        5.3183253067497578     
           1         271   3.3456099476826391        16.000000000000000        5.3183253067497578     
           1         272   3.3728998237084187        16.000000000000000        5.3184505243065425     
           1         273   3.3134804726614790        16.000000000000000        5.3228754846845270     
           1         274   8.0398619658491075        16.000000000000000        5.6664200907440936     
           1         275   3.3125055841910922        16.000000000000000        5.3183253067497578     
           1         276   3.2942439574357709        16.000000000000000        5.3202585353719130     
           1         277   3.6512138913601628        16.000000000000000        5.3290402051740076     
           1         278   3.3461455511947671        16.000000000000000        5.3193359745058872     
           1         279   3.3333203371612123        16.000000000000000        5.3187853218831869     
           1         280   3.3407921228711244        16.000000000000000        5.3199366267962818     
           1         281   3.3084291525325717        16.000000000000000        5.3183253067497578     
           1         282   3.2977565604421777        16.000000000000000        5.3192475858270658     
           1         283   13.610730841115545        16.000000000000000        6.5992760654305904     
           1         284   3.3093814343491612        16.000000000000000        5.3183253067497578     
           1         285   3.3093703475786764        16.000000000000000        5.3183253067497578     
           1         286   3.3760855340898419        16.000000000000000        5.3200392020066163     
           1         287   3.3041762220506352        16.000000000000000        5.3184390248275770     
           1         288   3.3554523545361241        16.000000000000000        5.3229706805532162     
           1         289   3.2675112007364500        16.000000000000000        5.3183569691147419     
           1         290   3.3375536200531770        16.000000000000000        5.3182369121611774     
           1         291   3.3382289765480206        16.000000000000000        5.3183253067497578     
           1         292   3.2805285751944462        16.000000000000000        5.3191655345034752     
           1         293   3.6375878797101899        16.000000000000000        5.3288381155695053     
           1         294   3.3058758823382743        16.000000000000000        5.3193359745058872     
           1         295   3.3205270153932225        16.000000000000000        5.3189316743020401     
           1         296   3.3443560512900041        16.000000000000000        5.3183253067497578     
           1         297   3.3170291144534172        16.000000000000000        5.3185274182342166     
           1         298   3.3392668567385839        16.000000000000000        5.3224648323949708     
           1         299   3.3110114908328225        16.000000000000000        5.3185274182342166     
           1         300   3.3090058051941629        16.000000000000000        5.3198414118341280     
           1         301   3.3396865536871507        16.000000000000000        5.3183253067497578     
           1         302   3.3242139962518809        16.000000000000000        5.3183253067497578     
           1         303   8.2152053784368384        16.000000000000000        5.6649305939450496     
           1         304   3.3700664752682372        16.000000000000000        5.3189595474556288     
           1         305   3.4877554205238943        16.000000000000000        5.3288381155695053     
           1         306   3.3577630096789366        16.000000000000000        5.3202585353719130     
           1         307   3.4224518968763191        16.000000000000000        5.3198692848598537     
           1         308   3.3910096595092996        16.000000000000000        5.3184649350677402     
           1         309   3.3060060469479775        16.000000000000000        5.3184390248275770     
           1         310   3.3627247905458395        16.000000000000000        5.3184205312603465     
           1         311   3.3118707972733099        16.000000000000000        5.3185274182342166     
           1         312   3.2895932374036092        16.000000000000000        5.3182369121611774     
           1         313   3.3335658897500551        16.000000000000000        5.3194311926507787     
           1         314   3.3230730976224461        16.000000000000000        5.3185274182342166     
           1         315   3.3793793468470779        16.000000000000000        5.3194311926507787     
           1         316   3.3462107523286764        16.000000000000000        5.3183253067497578     
           1         317   3.3063806182578479        16.000000000000000        5.3183253067497578     
           1         318   3.3449611919886393        16.000000000000000        5.3194311926507787     
           1         319   3.3799329383348056        16.000000000000000        5.3186226414715643     
           1         320   3.3015105036807082        16.000000000000000        5.3197530261100310     
           1         321   10.284569168303284        16.000000000000000        6.5784705682406770     
           1         322   3.3066853476439935        16.000000000000000        5.3193359745058872     
           1         323   11.990161787967066        16.000000000000000        6.5956245765423889     
           1         324   3.3784754563295918        16.000000000000000        5.3189595474556288     
           1         325   3.3803194610120428        16.000000000000000        5.3229033572840265     
           1         326   3.3340372267823155        16.000000000000000        5.3183253067497578     
           1         327   3.3191171319032531        16.000000000000000        5.3193359745058872     
           1         328   3.3185301048751166        16.000000000000000        5.3183253067497578     
           1         329   3.3275151962052458        16.000000000000000        5.3183253067497578     
           1         330   3.3575367719372293        16.000000000000000        5.3183531799886072     
           1         331   3.3232484538296290        16.000000000000000        5.3189316743020401     
           1         332   8.1149801923089626        16.000000000000000        5.6655461705554941     
           1         333   10.423649018314256        16.000000000000000        6.5803396043720026     
           1         334   3.3084569379203308        16.000000000000000        5.3198414118341280     
           1         335   3.3279884533129156        16.000000000000000        5.3183253067497578     
           1         336   11.765499423199518        16.000000000000000        6.5927503135331778     
           1         337   3.3262302953371052        16.000000000000000        5.3193359745058872     
           1         338   10.452609159763698        16.000000000000000        6.5785051261473990     
           1         339   3.3053550130662042        16.000000000000000        5.3185274182342166     
           1         340   3.7016181741745453        16.000000000000000        5.3294444176809632     
           1         341   3.3042702891278330        16.000000000000000        5.3183253067497578     
           1         342   3.3056308973103539        16.000000000000000        5.3183253067497578     
           1         343   11.497895929782016        16.000000000000000        6.5922519508122486     
           1         344   3.2830118902959953        16.000000000000000        5.3201764895345969     
           1         345   3.3198017688516326        16.000000000000000        5.3198414118341280     
           1         346   3.3189376947030391        16.000000000000000        5.3203469181413849     
           1         347   3.3059087970750740        16.000000000000000        5.3185274182342166     
           1         348   3.3286147453466373        16.000000000000000        5.3183253067497578     
           1         349   3.3341726156611067        16.000000000000000        5.3194311926507787     
           1         350   3.3123515117170115        16.000000000000000        5.3189316743020401     
           1         351   3.3214929857614583        16.000000000000000        5.3185274182342166     
           1         352   3.3411070919869275        16.000000000000000        5.3183253067497578     
           1         353   10.395598966401732        16.000000000000000        6.5784705682406770     
           1         354   3.3170237223653056        16.000000000000000        5.3189316743020401     
           1         355   3.3200800772393126        16.000000000000000        5.3183253067497578     
           1         356   10.487863706490863        16.000000000000000        6.5788377881921178     
           1         357   10.241330084063804        16.000000000000000        6.5784705682406770     
           1         358   3.3434661432046515        16.000000000000000        5.3186226414715643     
           1         359   3.3121408472861478        16.000000000000000        5.3183253067497578     
           1         360   3.3110741746156349        16.000000000000000        5.3183253067497578     
           1         361   3.3241108671957429        16.000000000000000        5.3198414118341280     
           1         362   3.3194542595897376        16.000000000000000        5.3183253067497578     
           1         363   3.3121775468837300        16.000000000000000        5.3185274182342166     
           1         364   3.2876542547976304        16.000000000000000        5.3184390248275770     
           1         365   8.1507251526316722        16.000000000000000        5.6649305939450496     
           1         366   3.3598460842743645        16.000000000000000        5.3185231167557827     
           1         367   10.445810786645724        16.000000000000000        6.5792526492023944     
           1         368   3.3602518306506761        16.000000000000000        5.3184205312603465     
           1         369   3.4038610607981066        16.000000000000000        5.3183531799886072     
           1         370   3.3457166685686617        16.000000000000000        5.3196950695537142     
           1         371   3.3253006660507971        16.000000000000000        5.3227871166866070     
           1         372   10.357404029428144        16.000000000000000        6.5784705682406770     
           1         373   3.3202143003282671        16.000000000000000        5.3183253067497578     
           1         374   3.3177488114601363        16.000000000000000        5.3185274182342166     
           1         375   3.2733835190087981        16.000000000000000        5.3183569691147419     
           1         376   3.4623066055983895        16.000000000000000        5.3206899606766855     
           1         377   3.4212716239362599        16.000000000000000        5.3185553993626664     
           1         378   3.3063369329493066        16.000000000000000        5.3193359745058872     
           1         379   3.3132417750991907        16.000000000000000        5.3183253067497578     
           1         380   3.4214553935133813        16.000000000000000        5.3198692848598537     
           1         381   3.4302307664238021        16.000000000000000        5.3183531799886072     
           1         382   3.4125846202012098        16.000000000000000        5.3183531799886072     
           1         383   3.5429723040162036        16.000000000000000        5.3308595111532346     
           1         384   3.6370975537879766        16.000000000000000        5.3288381155695053     
           1         385   7.2336093170425970        16.000000000000000        3.2390128906733957     
           1         386   10.367037866553115        16.000000000000000        6.5784705682406770     
           1         387   3.3548284785528488        16.000000000000000        5.3190268949931205     
           1         388   3.5000058338288649        16.000000000000000        5.3288381155695053     
           1         389   8.0262141995277378        16.000000000000000        5.6655461705554941     
           1         390   3.3147112098777205        16.000000000000000        5.3185274182342166     
           1         391   3.3900029519331265        16.000000000000000        5.3191294763743890     
           1         392   12.086199854888180        16.000000000000000        6.5907486518612792     
           1         393   3.2957957542589176        16.000000000000000        5.3182369121611774     
           1         394   3.3044633294409738        16.000000000000000        5.3183253067497578     
           1         395   9.4991009861078357        16.000000000000000        5.6765730553346314     
           1         396   3.6850599136415982        16.000000000000000        5.3333878173443523     
           1         397   3.3174277063202631        16.000000000000000        5.3185274182342166     
           1         398   10.424426450611387        16.000000000000000        6.5835743847853614     
           1         399   3.3326930324242050        16.000000000000000        5.3183253067497578     
           1         400   3.3035161517238651        16.000000000000000        5.3184390248275770     
           1         401   3.3180981389789737        16.000000000000000        5.3198414118341280     
           1         402   3.3947350437839745        16.000000000000000        5.3225673904657942     
           1         403   3.3757590606614056        16.000000000000000        5.3183531799886072     
           1         404   11.888659959752049        16.000000000000000        6.5922519508122486     
           1         405   3.3128136922416100        16.000000000000000        5.3185274182342166     
           1         406   3.3171115634959203        16.000000000000000        5.3189316743020401     
           1         407   3.3840001235082853        16.000000000000000        5.3203747910960715     
           1         408   12.215132636169526        16.000000000000000        6.5927503135331778     
           1         409   3.3587148319782605        16.000000000000000        5.3194311926507787     
           1         410   3.3975418442039462        16.000000000000000        5.3184505243065425     
           1         411   3.3719641783215430        16.000000000000000        5.3193638476026521     
           2           1   3.3248745974318474        17.000000000000000        7.3605817748268247     
           2           2   3.4275011003086306        17.000000000000000        7.3602710577692125     
           2           3   3.3505482552949939        17.000000000000000        7.3597088883604753     
           2           4   3.3903392992243910        17.000000000000000        7.3607553032539181     
           2           5   3.3197556313373489        17.000000000000000        7.3597088883604753     
           2           6   3.3237812159082516        17.000000000000000        7.3597088883604753     
           2           7   3.3356142432178864        17.000000000000000        7.3597088883604753     
           2           8   17.966469526958683        17.000000000000000        14.087796406226280     
           2           9   3.3159341401501568        17.000000000000000        7.3597088883604753     
           2          10   3.3352954046719359        17.000000000000000        7.3605817748268247     
           2          11   3.3275119521595733        17.000000000000000        7.3611637797530083     
           2          12   7.9915231712533092        17.000000000000000        7.8264265596035294     
           2          13   3.3014330452914082        17.000000000000000        7.3610868338240358     
           2          14   3.2979991436449261        17.000000000000000        7.3595608634408931     
           2          15   3.3401905157114808        17.000000000000000        7.3597922065710444     
           2          16   3.3160948550961500        17.000000000000000        7.3605048268623374     
           2          17   3.3268546407876278        17.000000000000000        7.3618913766152945     
           2          18   3.3280915364261427        17.000000000000000        7.3597088883604753     
           2          19   3.3221447128816117        17.000000000000000        7.3599998343940163     
           2          20   3.3249754839953840        17.000000000000000        7.3662590749611567     
           2          21   3.2749165048063409        17.000000000000000        7.3595608634408931     
           2          22   3.3278500441928411        17.000000000000000        7.3611637797530083     
           2          23   3.3462145159819396        17.000000000000000        7.3618913766152945     
           2          24   3.3421226339003192        17.000000000000000        7.3599998343940163     
           2          25   3.3170669552172813        16.000000000000000        7.3597088883604753     
           2          26   3.3142366207895364        16.000000000000000        7.3597088883604753     
           2          27   3.5026359295455518        16.000000000000000        7.3625701726681623     
           2          28   3.3504768251893915        16.000000000000000        7.3599998343940163     
           2          29   3.3365534926311908        16.000000000000000        7.3618913766152945     
           2          30   13.396610514842152        16.000000000000000        9.6418466446389939     
           2          31   57.977582746070922        16.000000000000000        54.547497444992139     
           2          32   3.3116191351381734        16.000000000000000        7.3610868338240358     
           2          33   3.3267586662336739        16.000000000000000        7.3618144332306095     
           2          34   3.3197092349010684        16.000000000000000        7.3618913766152945     
           2          35   3.3451003934452110        16.000000000000000        7.3597088883604753     
           2          36   3.3515089717644857        16.000000000000000        7.3600831515024909     
           2          37   3.3486032955187177        16.000000000000000        7.3597922065710444     
           2          38   3.3410914386191530        16.000000000000000        7.3597088883604753     
           2          39   3.3188708869652719        16.000000000000000        7.3597088883604753     
           2          40   3.3350644011713348        16.000000000000000        7.3611637797530083     
           2          41   3.3299017562931668        16.000000000000000        7.3597088883604753     
           2          42   3.3435377023253947        16.000000000000000        7.3600831515024909     
           2          43   3.3305900189348288        16.000000000000000        7.3605817748268247     
           2          44   3.3192825523856886        16.000000000000000        7.3611637797530083     
           2          45   3.3941908632447113        16.000000000000000        7.3611660295742629     
           2          46   3.3535075551936147        16.000000000000000        7.3655308731251514     
           2          47   83.954283609926364        16.000000000000000        78.754426647694117     
           2          48   3.3501108492970890        16.000000000000000        7.3597088883604753     
           2          49   57.946898611524482        16.000000000000000        56.151438854519668     
           2          50   12.847060916661791        16.000000000000000        8.6007291811978739     
           2          51   3.3179906271219646        16.000000000000000        7.3597088883604753     
           2          52   3.4665205669751455        16.000000000000000        7.3620675217072602     
           2          53   3.3177939250088029        16.000000000000000        7.3599998343940163     
           2          54   3.3493079658781117        16.000000000000000        7.3627023814636887     
           2          55   3.3598413191567786        16.000000000000000        7.3599998343940163     
           2          56   3.5252852651824949        16.000000000000000        7.3605052366895958     
           2          57   3.3174088686616807        16.000000000000000        7.3597088883604753     
           2          58   3.3815246090371218        16.000000000000000        7.3626190742727760     
           2          59   3.3278667802336552        16.000000000000000        7.3597088883604753     
           2          60   3.2876142179715382        16.000000000000000        7.3610157646223460     
           2          61   86.040113189263934        16.000000000000000        81.538304135578798     
           2          62   3.3924520255371484        16.000000000000000        7.3662590749611567     
           2          63   3.4049931605023134        16.000000000000000        7.3602710577692125     
           2          64   3.3728512249405354        16.000000000000000        7.3607553032539181     
           2          65   3.3097804013137662        16.000000000000000        7.3604337557805506     
           2          66   10.167801747832794        16.000000000000000        8.5065351363243309     
           2          67   3.2769037003752746        16.000000000000000        7.3604337557805506     
           2          68   3.3165354343597913        16.000000000000000        7.3597088883604753     
           2          69   3.3418276025906009        16.000000000000000        7.3599249673687481     
           2          70   3.3623536115145041        16.000000000000000        7.3612470924536018     
           2          71   3.3209797377937069        16.000000000000000        7.3597088883604753     
           2          72   3.3803926945682248        16.000000000000000        7.3613373035897167     
           2          73   3.3276373345761057        16.000000000000000        7.3597088883604753     
           2          74   3.2991803629273084        16.000000000000000        7.3618144332306095     
           2          75   3.3714260902750497        16.000000000000000        7.3599998343940163     
           2          76   3.3197718727057772        16.000000000000000        7.3597088883604753     
           2          77   3.3225656724809678        16.000000000000000        7.3605817748268247     
           2          78   3.3810798026414171        16.000000000000000        7.3601733674115781     
           2          79   3.3330801205796705        16.000000000000000        7.3611637797530083     
           2          80   11.468748928445399        16.000000000000000        8.6024222775303070     
           2          81   3.3161027078384215        16.000000000000000        7.3597088883604753     
           2          82   3.3144055087974520        16.000000000000000        7.3599228843940114     
           2          83   3.3722524627140595        16.000000000000000        7.3599998343940163     
           2          84   3.3588644362981257        16.000000000000000        7.3599998343940163     
           2          85   12.029964777614026        16.000000000000000        8.6067445254346566     
           2          86   3.3770586193036038        16.000000000000000        7.3597111381934361     
           2          87   3.3403202465320470        16.000000000000000        7.3597088883604753     
           2          88   10.363214924500467        16.000000000000000        8.5082153624440533     
           2          89   3.3262951143471491        16.000000000000000        7.3599998343940163     
           2          90   3.3377030571165065        16.000000000000000        7.3597088883604753     
           2          91   3.4081340765737660        16.000000000000000        7.3600020842246421     
           2          92   3.2955026357630168        16.000000000000000        7.3610868338240358     
           2          93   3.3225383757014839        16.000000000000000        7.3626190742727760     
           2          94   3.3192714337239870        16.000000000000000        7.3597088883604753     
           2          95   3.3884206421776581        16.000000000000000        7.3610889167897957     
           2          96   8.0336548622358794        16.000000000000000        7.8242667419850278     
           2          97   3.3508613843546677        16.000000000000000        7.3597922065710444     
           2          98   3.3692231292762198        16.000000000000000        7.3611660295742629     
           2          99   3.3235113011593578        16.000000000000000        7.3597088883604753     
           2         100   3.3246417491941926        16.000000000000000        7.3626190742727760     
           2         101   3.3199257607367247        16.000000000000000        7.3610157646223460     
           2         102   3.3917615343659127        16.000000000000000        7.3597111381934361     
           2         103   3.3217634408268668        16.000000000000000        7.3618913766152945     
           2         104   3.2800592348920121        16.000000000000000        7.3624710689303878     
           2         105   3.2972040126759135        16.000000000000000        7.3605048268623374     
           2         106   3.3321896911609290        16.000000000000000        7.3597088883604753     
           2         107   3.9514881927902810        16.000000000000000        7.3626876743100862     
           2         108   3.3864519707458753        16.000000000000000        7.3612495232116784     
           2         109   3.3208671534581855        16.000000000000000        7.3597088883604753     
           2         110   3.3984282712252729        16.000000000000000        7.3619746865609583     
           2         111   3.3333797485875847        16.000000000000000        7.3618913766152945     
           2         112   3.3442923897528236        16.000000000000000        7.3600831515024909     
           2         113   3.3236975154088757        16.000000000000000        7.3618913766152945     
           2         114   8.1526979677742730        16.000000000000000        7.8258115074814523     
           2         115   3.3509278111695195        16.000000000000000        7.3605069098325870     
           2         116   3.6073683806731904        16.000000000000000        7.3664539928823096     
           2         117   10.814507780957854        16.000000000000000        7.9182108895948984     
           2         118   11.994789831130879        16.000000000000000        8.5084464207348578     
           2         119   12.686767723926625        16.000000000000000        8.6008795066314256     
           2         120   3.3435933689244939        16.000000000000000        7.3627023814636887     
           2         121   3.6229495746163987        16.000000000000000        7.3613781028890601     
           2         122   3.4387402656256487        16.000000000000000        7.3658020283483445     
           2         123   3.3486756320792956        16.000000000000000        7.3600831515024909     
           2         124   3.3290850502440223        16.000000000000000        7.3599998343940163     
           2         125   3.4084653474491677        16.000000000000000        7.3597946373413707     
           2         126   3.3788315310476471        16.000000000000000        7.3611660295742629     
           2         127   15.749597450389698        16.000000000000000        14.140524143549991     
           2         128   3.3071276976540740        16.000000000000000        7.3625421334322976     
           2         129   3.3098045278960089        16.000000000000000        7.3610868338240358     
           2         130   3.2823773952380391        16.000000000000000        7.3617433663787324     
           2         131   3.2985041803800255        16.000000000000000        7.3596319373427326     
           2         132   21.973317377040182        16.000000000000000        15.158333697910495     
           2         133   198.66751456919138        16.000000000000000        189.91636730218582     
           2         134   3.2979440658122319        16.000000000000000        7.3618144332306095     
           2         135   3.3235448517702832        16.000000000000000        7.3605817748268247     
           2         136   83.445408522457569        16.000000000000000        77.557225096237474     
           2         137   3.3054345225311068        16.000000000000000        7.3610868338240358     
           2         138   3.3144138616351673        16.000000000000000        7.3597088883604753     
           2         139   3.3717348916664078        16.000000000000000        7.3656141692980057     
           2         140   8.0747299537178101        16.000000000000000        7.8242667419850278     
           2         141   139.91061682379521        16.000000000000000        125.88370590917148     
           2         142   284.01756738890055        16.000000000000000        271.01675563897248     
           2         143   3.3836975633618565        16.000000000000000        7.3627023814636887     
           2         144   3.2824890387568413        16.000000000000000        7.3598518114321640     
           2         145   3.3568888902839928        16.000000000000000        7.3606650897312393     
           2         146   4.0210440460366401        16.000000000000000        7.3670552717171507     
           2         147   3.3163944103003642        16.000000000000000        7.3597088883604753     
           2         148   3.7539600609074468        16.000000000000000        7.3607961759655378     
           2         149   3.7201286342567514        16.000000000000000        7.3625701726681623     
           2         150   197.29920682540683        16.000000000000000        183.48667386987475     
           2         151   257.47666629531568        16.000000000000000        246.70064975054871     
           2         152   3.3411992280553129        16.000000000000000        7.3597922065710444     
           2         153   3.3305012969893815        16.000000000000000        7.3597088883604753     
           2         154   3.6778655588445468        16.000000000000000        7.3605052366895958     
           2         155   3.3340212938998830        16.000000000000000        7.3597088883604753     
           2         156   3.3784626299281153        16.000000000000000        7.3627023814636887     
           2         157   3.3323891127594152        16.000000000000000        7.3599998343940163     
           2         158   10.235797891297802        16.000000000000000        8.5056117970001797     
           2         159   3.6104997529274607        16.000000000000000        7.3606321789685314     
           2         160   3.3675930867458477        16.000000000000000        7.3597922065710444     
           2         161   10.364377095634151        16.000000000000000        8.5132473610345922     
           2         162   10.421227157636777        16.000000000000000        8.5073771003541463     
           2         163   3.3158777862196507        16.000000000000000        7.3597088883604753     
           2         164   3.3168640319906331        16.000000000000000        7.3599998343940163     
           2         165   3.6453337291702388        16.000000000000000        7.3605052366895958     
           2         166   3.3215123750191435        16.000000000000000        7.3597088883604753     
           2         167   3.3338718455815743        16.000000000000000        7.3597088883604753     
           2         168   3.3360004817840334        16.000000000000000        7.3618913766152945     
           2         169   3.3909873944744038        16.000000000000000        7.3598824236733726     
           2         170   8.1415659867546779        16.000000000000000        7.8251959439763130     
           2         171   3.6198452189610273        16.000000000000000        7.3605052366895958     
           2         172   3.6398769353805283        16.000000000000000        7.3607961759655378     
           2         173   3.3742276766911390        16.000000000000000        7.3606650897312393     
           2         174   3.5782190772006071        16.000000000000000        7.3605052366895958     
           2         175   10.452612882385141        16.000000000000000        8.5068030701465478     
           2         176   57.984396536313099        16.000000000000000        56.663197519342610     
           2         177   3.5598628031309087        16.000000000000000        7.3625701726681623     
           2         178   3.3387141298816347        16.000000000000000        7.3605817748268247     
           2         179   3.3563842355464111        16.000000000000000        7.3597088883604753     
           2         180   10.369125736792480        16.000000000000000        8.5060361212140716     
           2         181   10.443703417050790        16.000000000000000        8.5073771003541463     
           2         182   7.9451853152762473        16.000000000000000        7.8241092355812212     
           2         183   3.3759342330179796        16.000000000000000        7.3627925866340069     
           2         184   3.3297583522577372        16.000000000000000        7.3597088883604753     
           2         185   3.3828690936151768        16.000000000000000        7.3611660295742629     
           2         186   3.3840106613121765        16.000000000000000        7.3597111381934361     
           2         187   3.3194002972005632        16.000000000000000        7.3597088883604753     
           2         188   3.5660537037698332        16.000000000000000        7.3619600943137220     
           2         189   3.3304578615526537        16.000000000000000        7.3605817748268247     
           2         190   3.3221616306885471        16.000000000000000        7.3597088883604753     
           2         191   3.3295127369098423        16.000000000000000        7.3597088883604753     
           2         192   3.3764695312851520        16.000000000000000        7.3600020842246421     
           2         193   3.3773156452106274        16.000000000000000        7.3626213240823075     
           2         194   4.4230525426357623        16.000000000000000        7.3620870275710661     
           2         195   10.363794623579622        16.000000000000000        8.5057009226159170     
           2         196   3.3504718205005397        16.000000000000000        7.3597088883604753     
           2         197   3.5245008721811781        16.000000000000000        7.3625701726681623     
           2         198   3.2830949981394397        16.000000000000000        7.3595608634408931     
           2         199   3.3152700491844120        16.000000000000000        7.3597088883604753     
           2         200   3.3353426831445607        16.000000000000000        7.3597088883604753     
           2         201   8.1221888354540841        16.000000000000000        7.8245756609221786     
           2         202   3.3360168065337943        16.000000000000000        7.3597088883604753     
           2         203   3.3488592061056321        16.000000000000000        7.3605817748268247     
           2         204   3.3141432443910306        16.000000000000000        7.3597088883604753     
           2         205   3.3258948918077587        16.000000000000000        7.3597088883604753     
           2         206   3.3128316508871154        16.000000000000000        7.3661821468404503     
           2         207   3.3104946303655463        16.000000000000000        7.3599228843940114     
           2         208   3.3194120776841922        16.000000000000000        7.3653828873574660     
           2         209   3.3725826531278220        16.000000000000000        7.3597088883604753     
           2         210   3.3284257756709854        16.000000000000000        7.3611637797530083     
           2         211   3.3387794333779834        16.000000000000000        7.3618913766152945     
           2         212   3.5291578396367651        16.000000000000000        7.3606786634757899     
           2         213   10.419337687644216        16.000000000000000        8.5057009226159170     
           2         214   3.3006675816078115        16.000000000000000        7.3599228843940114     
           2         215   3.3161090558551751        16.000000000000000        7.3597088883604753     
           2         216   3.3247191144887540        16.000000000000000        7.3597088883604753     
           2         217   10.462961950374531        16.000000000000000        8.5091502274147910     
           2         218   3.3285314287191263        16.000000000000000        7.3597088883604753     
           2         219   142.03009892581798        16.000000000000000        132.17657905598148     
           2         220   3.3218877484037463        16.000000000000000        7.3626190742727760     
           2         221   334.20153624932635        16.000000000000000        319.76124976211082     
           2         222   3.3193597875407592        16.000000000000000        7.3611637797530083     
           2         223   3.2826596364577156        16.000000000000000        7.3598518114321640     
           2         224   362.27807190046269        16.000000000000000        354.84312330642427     
           2         225   4.6280758112324962        16.000000000000000        7.3617903137303760     
           2         226   558.15861313643109        16.000000000000000        536.16894031602840     
           2         227   4.5155953051688806        16.000000000000000        7.3630998587699601     
           2         228   10.249806238322867        16.000000000000000        8.5055294783049149     
           2         229   10.380576272858578        16.000000000000000        8.5056142095396599     
           2         230   388.98429763049182        16.000000000000000        367.74242931778571     
           2         231   3.3365570802970148        16.000000000000000        7.3597088883604753     
           2         232   3.3225060446717043        16.000000000000000        7.3618913766152945     
           2         233   3.3747234393958339        16.000000000000000        7.3613373035897167     
           2         234   3.3166692319124929        16.000000000000000        7.3611637797530083     
           2         235   3.3767309230006455        16.000000000000000        7.3663423683796729     
           2         236   3.3203140678603447        16.000000000000000        7.3599998343940163     
           2         237   10.434117407411760        16.000000000000000        8.5073771003541463     
           2         238   3.3999899735705190        16.000000000000000        7.3598824236733726     
           2         239   3.3507672536359241        16.000000000000000        7.3618913766152945     
           2         240   3.3237819241828270        16.000000000000000        7.3599228843940114     
           2         241   10.317299331593375        16.000000000000000        8.5057009226159170     
           2         242   3.3453823992560823        16.000000000000000        7.3597088883604753     
           2         243   3.6687025475211570        16.000000000000000        7.3617338044392868     
           2         244   3.3325440613962281        16.000000000000000        7.3597088883604753     
           2         245   725.99670964009090        16.000000000000000        694.31333186456379     
           2         246   13.743489602561340        16.000000000000000        8.5076288940767864     
           2         247   3.3330735392253348        16.000000000000000        7.3605817748268247     
           2         248   8.1608140818261354        16.000000000000000        7.8246643147474231     
           2         249   3.3506936598596062        16.000000000000000        7.3600831515024909     
           2         250   3.3099538842848593        16.000000000000000        7.3596319373427326     
           2         251   3.3471839053566184        16.000000000000000        7.3627023814636887     
           2         252   779.53080216837520        16.000000000000000        741.54021803056901     
           2         253   3.3458061610952377        16.000000000000000        7.3597088883604753     
           2         254   3.3596591433033809        16.000000000000000        7.3597088883604753     
           2         255   3.3355797257362316        16.000000000000000        7.3618913766152945     
           2         256   3.4303472451747923        16.000000000000000        7.3599801153231805     
           2         257   3.3197091076322987        16.000000000000000        7.3626190742727760     
           2         258   3.3229669929347754        16.000000000000000        7.3605817748268247     
           2         259   3.6912072386029666        16.000000000000000        7.3606786634757899     
           2         260   10.421569916667551        16.000000000000000        8.5057009226159170     
           2         261   3.3297955619753310        16.000000000000000        7.3597088883604753     
           2         262   3.4468483566797929        16.000000000000000        7.3600020842246421     
           2         263   14.925275990839216        16.000000000000000        11.711600830753975     
           2         264   3.3713883410326275        16.000000000000000        7.3597088883604753     
           2         265   27.492825331668744        16.000000000000000        26.028795265719243     
           2         266   3.3116093969529299        16.000000000000000        7.3625421334322976     
           2         267   3.3866334901674220        16.000000000000000        7.3601733674115781     
           2         268   3.3764476780393733        16.000000000000000        7.3600831515024909     
           2         269   10.476651497801333        16.000000000000000        8.5062371091791711     
           2         270   3.4037904713196125        16.000000000000000        7.3597922065710444     
           2         271   3.3895482985850767        16.000000000000000        7.3656141692980057     
           2         272   3.3554081408710403        16.000000000000000        7.3597111381934361     
           2         273   3.3165364012417902        16.000000000000000        7.3605817748268247     
           2         274   8.1134212621811823        16.000000000000000        7.8242667419850278     
           2         275   3.3224577160172988        16.000000000000000        7.3597088883604753     
           2         276   3.3033120652514887        16.000000000000000        7.3618144332306095     
           2         277   3.6587687726247125        16.000000000000000        7.3605052366895958     
           2         278   3.3539550200758228        16.000000000000000        7.3597088883604753     
           2         279   3.3896975575399053        16.000000000000000        7.3597111381934361     
           2         280   3.3226965537256610        16.000000000000000        7.3597088883604753     
           2         281   3.3184294740479063        16.000000000000000        7.3597088883604753     
           2         282   3.3548929896481838        16.000000000000000        7.3606650897312393     
           2         283   14.363379500703800        16.000000000000000        8.5075704288562370     
           2         284   3.3471774586557701        16.000000000000000        7.3619746865609583     
           2         285   3.2985589270534739        16.000000000000000        7.3605048268623374     
           2         286   3.3549020074726386        16.000000000000000        7.3606650897312393     
           2         287   3.3363212956995141        16.000000000000000        7.3597088883604753     
           2         288   3.3314757080390467        16.000000000000000        7.3597088883604753     
           2         289   3.3179286729935473        16.000000000000000        7.3597088883604753     
           2         290   3.4005798564940570        16.000000000000000        7.3606650897312393     
           2         291   3.3048167365780428        16.000000000000000        7.3598518114321640     
           2         292   3.4198454544600914        16.000000000000000        7.3599801153231805     
           2         293   3.6026556718225913        16.000000000000000        7.3625701726681623     
           2         294   3.3141319656996640        16.000000000000000        7.3597088883604753     
           2         295   3.3293596286327696        16.000000000000000        7.3597088883604753     
           2         296   3.3308688870501020        16.000000000000000        7.3599228843940114     
           2         297   3.3265980371699699        16.000000000000000        7.3597088883604753     
           2         298   3.3171275626205969        16.000000000000000        7.3597088883604753     
           2         299   3.3216941016874149        16.000000000000000        7.3605817748268247     
           2         300   3.3199325018010386        16.000000000000000        7.3626190742727760     
           2         301   3.3778527422157874        16.000000000000000        7.3612470924536018     
           2         302   3.3185769399497995        16.000000000000000        7.3654539424607011     
           2         303   8.2380595644200714        16.000000000000000        7.8242691359310372     
           2         304   3.3783876574373122        16.000000000000000        7.3597111381934361     
           2         305   3.4958136929643566        16.000000000000000        7.3605052366895958     
           2         306   3.3700843230266821        16.000000000000000        7.3654539424607011     
           2         307   3.4040771519662467        16.000000000000000        7.3618165161907738     
           2         308   3.4601429942370356        16.000000000000000        7.3600855822703579     
           2         309   3.2956369045241352        16.000000000000000        7.3595608634408931     
           2         310   3.3295797022803746        16.000000000000000        7.3654539424607011     
           2         311   3.3232571155110313        16.000000000000000        7.3611637797530083     
           2         312   3.2999181452633337        16.000000000000000        7.3599228843940114     
           2         313   3.3168069098435669        16.000000000000000        7.3597088883604753     
           2         314   3.3325764269933695        16.000000000000000        7.3597088883604753     
           2         315   3.3609284479650556        16.000000000000000        7.3605817748268247     
           2         316   3.3560752198949539        16.000000000000000        7.3599998343940163     
           2         317   3.3700568418725143        16.000000000000000        7.3598824236733726     
           2         318   3.3557681167087887        16.000000000000000        7.3619746865609583     
           2         319   3.3614688797813264        16.000000000000000        7.3597088883604753     
           2         320   3.3311273928890754        16.000000000000000        7.3597088883604753     
           2         321   10.254523021464607        16.000000000000000        8.5081262456690290     
           2         322   3.3719911161175924        16.000000000000000        7.3627925866340069     
           2         323   12.245882587326754        16.000000000000000        8.5069936091969769     
           2         324   3.3868471034919549        16.000000000000000        7.3600020842246421     
           2         325   3.3815710833870765        16.000000000000000        7.3600020842246421     
           2         326   3.3437896750298437        16.000000000000000        7.3597088883604753     
           2         327   3.3050017812974430        16.000000000000000        7.3596319373427326     
           2         328   3.3063896133192698        16.000000000000000        7.3599228843940114     
           2         329   3.3376021371156974        16.000000000000000        7.3599998343940163     
           2         330   3.3976216554170615        16.000000000000000        7.3619771173129358     
           2         331   3.3319813026193943        16.000000000000000        7.3597088883604753     
           2         332   8.0318996818116002        16.000000000000000        7.8264265596035294     
           2         333   10.446774083115528        16.000000000000000        8.5067065738327052     
           2         334   3.3158021911359579        16.000000000000000        7.3597088883604753     
           2         335   3.3149197007212687        16.000000000000000        7.3596319373427326     
           2         336   11.776483510836876        16.000000000000000        8.5066232663333921     
           2         337   3.3343051143439695        16.000000000000000        7.3597088883604753     
           2         338   10.678517617380081        16.000000000000000        8.5075811203217064     
           2         339   3.2933809896207764        16.000000000000000        7.3596319373427326     
           2         340   3.6657381722823796        16.000000000000000        7.3618425885000498     
           2         341   3.2937699077974338        16.000000000000000        7.3605048268623374     
           2         342   3.3156599483246598        16.000000000000000        7.3597088883604753     
           2         343   11.673058145799732        16.000000000000000        8.5071054812378435     
           2         344   3.3904812892357374        16.000000000000000        7.3627925866340069     
           2         345   3.3270228256189882        16.000000000000000        7.3597088883604753     
           2         346   3.3510817311872012        16.000000000000000        7.3600831515024909     
           2         347   3.3182654675153915        16.000000000000000        7.3618913766152945     
           2         348   3.3395053632405083        16.000000000000000        7.3605817748268247     
           2         349   3.2777492459073829        16.000000000000000        7.3604337557805506     
           2         350   3.3464716624749680        16.000000000000000        7.3597922065710444     
           2         351   3.3112350702324873        16.000000000000000        7.3618144332306095     
           2         352   3.3506176050535346        16.000000000000000        7.3597088883604753     
           2         353   10.425466456955641        16.000000000000000        8.5057009226159170     
           2         354   3.3258548750378858        16.000000000000000        7.3597088883604753     
           2         355   3.3560209950215780        16.000000000000000        7.3600831515024909     
           2         356   10.431059869312119        16.000000000000000        8.5057009226159170     
           2         357   10.272481338202910        16.000000000000000        8.5057009226159170     
           2         358   3.3068807754837617        16.000000000000000        7.3610868338240358     
           2         359   3.2809416691170821        16.000000000000000        7.3595608634408931     
           2         360   3.3833081312088447        16.000000000000000        7.3664325586374000     
           2         361   3.4225095349793082        16.000000000000000        7.3614349887790409     
           2         362   3.3304105499660985        16.000000000000000        7.3605817748268247     
           2         363   3.3473931983292875        16.000000000000000        7.3600831515024909     
           2         364   3.2782647062611461        16.000000000000000        7.3595608634408931     
           2         365   8.1731602362006175        16.000000000000000        7.8242691359310372     
           2         366   3.3411775883885046        16.000000000000000        7.3597922065710444     
           2         367   10.471638158559989        16.000000000000000        8.5057035284108657     
           2         368   3.3432660629050890        16.000000000000000        7.3597088883604753     
           2         369   3.3873834957649609        16.000000000000000        7.3605069098325870     
           2         370   3.3543153494864835        16.000000000000000        7.3610176936904734     
           2         371   3.3798622899698407        16.000000000000000        7.3619746865609583     
           2         372   10.316287090339484        16.000000000000000        8.5059469967770891     
           2         373   3.3300985846348334        16.000000000000000        7.3597088883604753     
           2         374   3.3273035754251916        16.000000000000000        7.3597088883604753     
           2         375   3.3800663173066514        16.000000000000000        7.3607553032539181     
           2         376   3.3714226692240978        16.000000000000000        7.3600020842246421     
           2         377   3.4702311008601252        16.000000000000000        7.3621654165416670     
           2         378   3.3405237306835041        16.000000000000000        7.3606650897312393     
           2         379   3.3803623580338553        16.000000000000000        7.3620648947141190     
           2         380   3.4298991035207798        16.000000000000000        7.3611660295742629     
           2         381   3.4424734327639621        16.000000000000000        7.3618936264306969     
           2         382   3.3973981183034381        16.000000000000000        7.3618165161907738     
           2         383   3.5489634947798514        16.000000000000000        7.3619600943137220     
           2         384   3.6530607325059439        16.000000000000000        7.3670552717171507     
           2         385   6.9354467824227308        16.000000000000000        4.7385679621152574     
           2         386   10.397012839549538        16.000000000000000        8.5057009226159170     
           2         387   3.3400444711068107        16.000000000000000        7.3618913766152945     
           2         388   3.5433504296706331        16.000000000000000        7.3609231164398832     
           2         389   8.0475724602393210        16.000000000000000        7.8242667419850278     
           2         390   3.4124648381979674        16.000000000000000        7.3599801153231805     
           2         391   3.3686461913369037        16.000000000000000        7.3600831515024909     
           2         392   12.112984853956121        16.000000000000000        8.5064433303311606     
           2         393   3.3280034428669953        16.000000000000000        7.3597088883604753     
           2         394   3.3145026425890345        16.000000000000000        7.3597088883604753     
           2         395   9.6795294834762160        16.000000000000000        7.8250565982247346     
           2         396   3.6771462832536934        16.000000000000000        7.3605052366895958     
           2         397   3.3543124265689666        16.000000000000000        7.3612470924536018     
           2         398   10.435446167845708        16.000000000000000        8.5068030701465478     
           2         399   3.3205167796521677        16.000000000000000        7.3605048268623374     
           2         400   3.3356523436945213        16.000000000000000        7.3597088883604753     
           2         401   3.3253413357761139        16.000000000000000        7.3597088883604753     
           2         402   3.3673266355727924        16.000000000000000        7.3600831515024909     
           2         403   3.3598250057878962        16.000000000000000        7.3596340203197004     
           2         404   11.898519553480366        16.000000000000000        8.5066232663333921     
           2         405   3.3007580152168097        16.000000000000000        7.3599228843940114     
           2         406   3.3810989935129716        16.000000000000000        7.3601733674115781     
           2         407   3.3901883518422005        16.000000000000000        7.3600020842246421     
           2         408   12.267867875261814        16.000000000000000        8.5082994049606420     
           2         409   3.3994658974932856        16.000000000000000        7.3620648947141190     
           2         410   3.3789228897503722        16.000000000000000        7.3600020842246421     
           2         411   3.3562868191747994        16.000000000000000        7.3610889167897957     
