  economy_id district_id expected_wage_bill budget belief_expected_Wage_bill
           1           1   99.256339964915654        746.02634913427732        153.08010269335563     
           1           2   96.864544422866217        730.00205520171698        153.08946596684007     
           1           3   107.10636640934028        812.13131781794505        153.10139277618458     
           1           4   99.606010275498434        879.73257045303069        153.08010269335563     
           1           5   99.102555364275489        892.08531921217389        153.07428733448896     
           1           6   99.244737581646888        719.57133198657971        153.07428733448896     
           1           7   99.739392808195589        770.51415193997877        153.11791026619093     
           1           8   992.22339785833333        847.81994000000009        579.17777425197119     
           1           9   96.196732773858955        839.62383399145313        153.06038470146629     
           1          10   96.815771970829118        892.78563188813780        153.10400957670234     
           1          11   96.563838339002672        734.54369391175521        153.10400957670234     
           1          12   258.52970180700379        750.95830325015083        163.10942404964510     
           1          13   97.718210179288690        843.51970419447957        153.11059484180331     
           1          14   101.80475545298204        824.34636712880501        153.12602967522432     
           1          15   98.945716728575590        905.20474613427723        153.07428733448896     
           1          16   98.200818449092992        722.31364423035450        153.08441832826384     
           1          17   99.259381266675831        763.09433259513492        153.07428733448896     
           1          18   97.851506035914738        784.43033082992019        153.06697089173966     
           1          19   99.204936952344269        857.64608070867075        153.09173436365234     
           1          20   99.012156420515780        858.14572420330421        153.08010269335563     
           1          21   97.473893086895401        745.22438740673249        153.08441832826384     
           1          22   97.784871853864900        736.66703763427734        153.06697089173966     
           1          23   99.934885307656856        814.09646003950354        153.07428733448896     
           1          24   99.873124909682701        829.90240306341491        153.07428733448896     
           1          25   96.230327286085725        832.19614438817291        153.06038470146629     
           1          26   98.908588863620281        686.61110849241607        153.07428733448896     
           1          27   106.51883761200212        742.39850241470356        153.47225093330221     
           1          28   98.606328303028263        707.56589125372864        153.09605154031991     
           1          29   103.73151224630750        794.29629813427755        153.12049185723106     
           1          30   477.78030900296966        818.09641973827740        261.68452641336194     
           1          31   3428.2958804578120        831.96290993549997        3206.8283001193331     
           1          32   99.543145348483861        708.97303045125409        153.07428733448896     
           1          33   98.470456492824667        727.99354100676146        153.06697089173966     
           1          34   99.209386931754437        708.61200586777238        153.19065485915721     
           1          35   99.989335548228425        783.35426596376840        153.07428733448896     
           1          36   99.387594928980732        662.21232041784663        153.11791026619093     
           1          37   97.705481595948754        703.24412809368050        153.07278638639607     
           1          38   101.74801852386381        761.50972104613186        153.08822307343308     
           1          39   99.081905780680373        753.81829965364170        153.08010269335563     
           1          40   101.45989791953583        778.37803636699721        153.08822307343308     
           1          41   96.620105373096607        667.42455816565223        153.06620031948358     
           1          42   99.248947196280184        703.15502213196885        153.19065485915721     
           1          43   97.949687734977289        742.60527513427746        153.09605154031991     
           1          44   100.88015444581788        768.84241279437288        153.11148708664365     
           1          45   101.72285705045776        746.75895744697868        153.07571627432284     
           1          46   104.25505277582802        645.66787458766566        153.09722850124427     
           1          47   4093.1530308841352        780.95737460713883        3747.0541028132875     
           1          48   100.16644655869021        724.40778827638599        153.07428733448896     
           1          49   3521.8942088281729        897.42869186070800        3424.2694663317552     
           1          50   429.13826237460398        939.51210713427736        192.56431681749595     
           1          51   96.308770495918210        653.98189103348830        153.08946596684007     
           1          52   101.99356607801835        703.96686683670464        153.09316329677014     
           1          53   99.021730480122926        690.41634456144322        153.07428733448896     
           1          54   103.19079899023845        779.79519280667307        153.13503403506903     
           1          55   100.49287012966926        850.21512775618999        153.07428733448896     
           1          56   106.26285304249222        678.80737888842157        153.46643947289232     
           1          57   99.248355919177413        685.90784485070799        153.20520973614646     
           1          58   108.48384895828323        733.41183112553949        153.10139277618458     
           1          59   97.853244190764272        747.03310732668274        153.07278638639607     
           1          60   99.372464306977207        812.36731536013212        153.07428733448896     
           1          61   4346.0071081368042        779.64743786250006        4197.5490651686387     
           1          62   98.316955214634291        726.93088522777862        153.10400957670234     
           1          63   100.94066367515020        730.22546947510250        153.14057424898215     
           1          64   99.069361496960838        793.11584613427749        153.09173436365234     
           1          65   98.658058898758398        788.31316996072519        153.06697089173966     
           1          66   307.22109191005268        686.34832117505994        189.34439693726671     
           1          67   98.986239682366801        753.24348489750423        153.07428733448896     
           1          68   98.989213127533830        748.06798881068403        153.07428733448896     
           1          69   100.79820386314576        761.88395660213541        153.11933918923597     
           1          70   99.629715099869600        825.35939906754948        153.07428733448896     
           1          71   97.697880636703346        665.91443313427726        153.11059484180331     
           1          72   99.356291807117913        718.08906407965742        153.13245521339931     
           1          73   99.385574956406828        744.35692682139415        153.07428733448896     
           1          74   99.051541320479288        764.99475699637821        153.07428733448896     
           1          75   100.88817445013915        789.21875956510655        153.07428733448896     
           1          76   99.154352978846191        714.59768782959259        153.10336730414505     
           1          77   103.19069842505014        703.13223809192584        153.10885954412771     
           1          78   101.17227991270860        771.06643513427753        153.08822307343308     
           1          79   99.507150223204917        764.19878759381390        153.07428733448896     
           1          80   346.90858285905142        815.64476544048546        191.97740747058836     
           1          81   99.004413782933952        696.05650501216780        153.09173436365234     
           1          82   99.698304717151558        734.41128037112878        153.07428733448896     
           1          83   100.91446874290573        728.82572765161990        153.07428733448896     
           1          84   100.46444345791524        783.95991864255143        153.08010269335563     
           1          85   349.30268643528569        753.00845955212401        192.01852663423404     
           1          86   101.12296032351009        678.15190902461188        153.07571627432284     
           1          87   101.96036005765957        707.02572507277375        153.21332690472497     
           1          88   300.61163243023748        754.17214925185033        189.36301124228507     
           1          89   99.329756853729748        775.81572507601049        153.08010269335563     
           1          90   106.50436066112421        809.76308433265456        153.10139277618458     
           1          91   102.28448253261669        634.22207183756154        153.08153163095059     
           1          92   100.74842942692712        716.37480891784662        153.08240786396786     
           1          93   103.07695379613990        719.80155864692961        153.10885954412771     
           1          94   99.117676392951907        765.15175447177603        153.09173436365234     
           1          95   102.46662587287017        823.26747396179405        153.11933918923597     
           1          96   239.85222291039105        662.56630913008405        163.05577871261431     
           1          97   99.302940642380534        674.66849719635388        153.07428733448896     
           1          98   97.720033298460251        705.17085622101092        153.06149037640176     
           1          99   99.313572880717459        754.71075341784672        153.11791026619093     
           1         100   99.148511113868935        781.99127403642387        153.07428733448896     
           1         101   100.66685689732601        685.86941870384078        153.07428733448896     
           1         102   101.71838739982107        680.79624594590882        153.11933918923597     
           1         103   99.109166615708645        708.43069755601766        153.09173436365234     
           1         104   99.010787605436406        727.15202768721861        153.07428733448896     
           1         105   99.037928519810123        790.15410177513832        153.07428733448896     
           1         106   99.539597821630920        698.21857413427722        153.07428733448896     
           1         107   120.59041304893761        739.74089801343735        153.49549997795006     
           1         108   100.42865107483522        717.04908735891092        153.07571627432284     
           1         109   103.22979807164818        765.94808997378300        153.14957819810451     
           1         110   105.11301766420189        745.06469713643185        153.09141345609348     
           1         111   99.485977879536122        672.66705654672489        153.07428733448896     
           1         112   99.071421229562048        730.56216471392872        153.07428733448896     
           1         113   103.17067754469434        752.57325513427747        153.10885954412771     
           1         114   243.90157561788141        748.14114783220805        163.04959011532591     
           1         115   101.04931766666677        795.23876653916818        153.08153163095059     
           1         116   107.56064403357492        656.75228555633362        153.48387481498554     
           1         117   363.68303421224425        756.34916685448525        174.99766081719648     
           1         118   376.33757479257451        808.05841714251619        189.89849731584499     
           1         119   418.60487063413422        858.02244273141605        192.52278476955001     
           1         120   98.949597417940439        791.78420813427749        153.08010269335563     
           1         121   113.24976764660377        696.25576214205114        153.53286463693715     
           1         122   103.98912303380807        696.50793644934720        153.09722850124427     
           1         123   97.686495374410313        749.81535045767828        153.06697089173966     
           1         124   99.447912462054788        820.41058303739237        153.09173436365234     
           1         125   103.34793506485522        823.53825419950169        153.12764829703127     
           1         126   103.20835099954992        668.70988234657671        153.10147307746581     
           1         127   651.47819720782888        805.58441641784657        507.28294044967544     
           1         128   101.36041009201047        727.11268698078709        153.19877240110321     
           1         129   98.031776171066625        781.55605462731432        153.12514012843437     
           1         130   100.95540049493260        830.64044766562245        153.08240786396786     
           1         131   99.125996340154231        678.45860221286136        153.07428733448896     
           1         132   967.32273436547439        798.75571332984657        488.11685892792110     
           1         133   12015.375656879340        896.22677312799988        11330.606130263612     
           1         134   99.005566674614215        765.07901913427736        153.07428733448896     
           1         135   99.252103415172073        836.65971203352353        153.10336730414505     
           1         136   5205.5059114317446        802.98995001196931        4686.7772499322473     
           1         137   97.777951683351048        709.42348125254341        153.06697089173966     
           1         138   98.914337512883861        740.19905006127112        153.07428733448896     
           1         139   99.786522281125443        819.74743413840599        153.09173436365234     
           1         140   234.78439358224463        797.29683029911291        163.15861364155450     
           1         141   6635.5792221844240        767.54043899999988        5938.3246279826408     
           1         142   17035.359734331596        810.85646454863854        16335.772203216351     
           1         143   102.26000522128048        751.78048538641667        153.11148708664365     
           1         144   97.730629326916201        770.58198407694113        153.08441832826384     
           1         145   98.121314588419082        824.48145708165941        153.18334113173245     
           1         146   123.51341019566965        686.60584100215613        153.58272955685271     
           1         147   98.984121564265465        742.37711021466123        153.07428733448896     
           1         148   114.20681692821171        707.60722141784686        153.51003323370512     
           1         149   117.60454330065686        794.29375543646393        153.54448851708315     
           1         150   10638.620216741347        972.57894055500014        9797.3946056099521     
           1         151   15288.185591914333        740.21102402827728        14468.689169295400     
           1         152   100.78197358870455        728.34961026271537        153.08240786396786     
           1         153   97.927339177559560        743.43560291536005        153.06697089173966     
           1         154   111.54446015228629        738.75472829203409        153.46643947289232     
           1         155   99.602833583482777        793.40482713427741        153.07428733448896     
           1         156   100.14446903419073        689.51266465377967        153.09173436365234     
           1         157   99.584465237303007        721.46954705388043        153.10336730414505     
           1         158   307.67417712847930        773.79841998704580        189.34439693726671     
           1         159   108.00500402769183        776.98553579631323        153.51003323370512     
           1         160   99.866291966896895        798.24291748991095        153.07428733448896     
           1         161   308.93387972754840        671.09948209169431        189.34439693726671     
           1         162   311.72419779019629        726.95555813427734        189.35156604282139     
           1         163   99.016460674964378        770.31871795293659        153.10336730414505     
           1         164   97.508545796966828        805.48630377175721        153.08441832826384     
           1         165   106.16942141558968        780.11629869771286        153.51291979272739     
           1         166   99.174676207532755        672.96415914353588        153.08010269335563     
           1         167   98.115522625440278        676.31048921081333        153.11059484180331     
           1         168   99.577698904746740        757.91438213693027        153.07428733448896     
           1         169   106.48657896639199        825.94205785070824        153.15955571192222     
           1         170   236.43598138831530        848.36732256432902        163.09785443134976     
           1         171   109.47959346871572        658.69031066092862        153.46643947289232     
           1         172   110.12964057512967        709.46869487790616        153.46643947289232     
           1         173   100.04223544456433        716.93002326736189        153.07428733448896     
           1         174   103.95396439052908        788.02516737629890        153.38787227182539     
           1         175   309.91857802370521        889.94930532541673        189.34439693726671     
           1         176   4451.5388349090472        903.36799156713857        4367.3493318489564     
           1         177   111.80892253669455        704.22059430157833        153.57355382863736     
           1         178   99.774990432557217        760.82360215759832        153.09173436365234     
           1         179   100.41693232977360        757.70394665939386        153.07428733448896     
           1         180   309.95257847381527        813.28110911937881        189.34439693726671     
           1         181   312.61750752436166        719.64430067176420        189.36590542149517     
           1         182   233.48608466777245        726.90650826472609        163.05333968608207     
           1         183   97.642479435461013        730.26835513427750        153.12514012843437     
           1         184   99.484390419043294        793.11373798656155        153.09173436365234     
           1         185   101.31513275894700        788.30868267380629        153.09316329677014     
           1         186   101.43928211161212        686.34365745600530        153.10479623278584     
           1         187   97.581282403412629        733.05997993129517        153.07278638639607     
           1         188   113.29944882106281        741.04903790572257        153.57535694777309     
           1         189   97.942247783369126        758.55048754291909        153.09605154031991     
           1         190   101.01479536567921        847.84532313427724        153.08240786396786     
           1         191   97.900098940158259        672.22405063065275        153.06697089173966     
           1         192   103.14031708124722        738.26145233201555        153.08984171073274     
           1         193   101.06965811454258        733.27972979816627        153.10479623278584     
           1         194   133.89709617978497        771.97837431167648        153.46643947289232     
           1         195   309.80329837339525        802.70386703693578        189.34439693726671     
           1         196   97.228011435958763        719.05643914253437        153.06620031948358     
           1         197   107.51645302855077        704.31075963427725        153.52456849200934     
           1         198   101.13144596766925        780.03750514923934        153.09985444493336     
           1         199   98.944586143620214        736.66003434273523        153.07428733448896     
           1         200   99.661745060988494        815.44356788784296        153.07428733448896     
           1         201   242.95974306097165        676.93521954827293        163.06815691929077     
           1         202   99.679801455881204        727.74855973078650        153.07428733448896     
           1         203   104.32023834338700        746.88861658646567        153.09141345609348     
           1         204   98.905070199198036        805.42378991784699        153.07428733448896     
           1         205   99.320664475504884        763.97716982479585        153.07428733448896     
           1         206   106.06867702162876        697.26203104083697        153.13047027414444     
           1         207   99.638014955074397        696.50211544004014        153.11791026619093     
           1         208   98.791035782848752        751.85367810060291        153.08441832826384     
           1         209   100.96897678844169        789.86806154433839        153.09173436365234     
           1         210   101.19530688441471        774.19725817859910        153.08822307343308     
           1         211   99.676127054710179        628.71030641784660        153.07428733448896     
           1         212   105.38092216746571        696.19515004031518        153.42212002487199     
           1         213   311.68163719660618        719.79666948672661        189.34439693726671     
           1         214   99.194190215619244        757.78660325622138        153.07428733448896     
           1         215   98.974804419278001        799.89822791802101        153.07428733448896     
           1         216   99.277340000350861        656.24876464893157        153.07428733448896     
           1         217   310.09385721550865        691.82897036909696        189.36590542149517     
           1         218   99.416012335681231        725.62392141784687        153.07428733448896     
           1         219   7540.1674607686764        936.18785653819998        7143.0328465113525     
           1         220   105.66459571109897        805.35344800590997        153.14501200042503     
           1         221   18752.717147322877        787.26202270199985        18071.171756233904     
           1         222   99.077239802335626        660.61311681715199        153.10336730414505     
           1         223   99.250292431159039        701.41241731334787        153.08010269335563     
           1         224   21162.133285198441        887.23725109599991        20805.807845635176     
           1         225   134.90442868313252        782.48503241784670        153.46643947289232     
           1         226   35326.041890516870        808.64531408500011        34178.142618786354     
           1         227   131.51261622387511        719.55817378524239        153.46643947289232     
           1         228   310.49389618810642        710.03066326271085        189.34439693726671     
           1         229   313.00338355717935        765.94259747877732        189.34616857096327     
           1         230   22473.737041402863        958.77848216499990        21331.407319664326     
           1         231   99.701734736494501        688.92128292867221        153.08010269335563     
           1         232   103.13702675902056        749.99650663427735        153.12049185723106     
           1         233   99.126757833418949        741.49800557901574        153.10336730414505     
           1         234   100.77903022365454        768.00460415999123        153.11148708664365     
           1         235   98.312569454564226        817.67813810403106        153.06697089173966     
           1         236   96.315828314357844        646.78222873122695        153.06038470146629     
           1         237   306.92416051960925        718.06852036803821        189.34249516283072     
           1         238   98.336455938873655        786.79462531902936        153.06697089173966     
           1         239   100.09679875933574        791.36037213427755        153.07428733448896     
           1         240   100.04179812999344        791.78206166499456        153.07428733448896     
           1         241   308.14072400003994        696.25144803564774        189.34439693726671     
           1         242   99.999192903605717        696.50324215992975        153.07428733448896     
           1         243   117.46735822526071        749.80916107635437        153.54448851708315     
           1         244   99.551184575103704        820.40402883149000        153.07428733448896     
           1         245   43941.590805377200        977.39782128000024        42145.812494621910     
           1         246   470.80166713010516        685.78196913427723        190.06829554834164     
           1         247   99.533640650914151        747.92457719521190        153.07428733448896     
           1         248   242.27474762300079        734.12141852319996        163.11149127158453     
           1         249   101.11767931559595        803.85233329683547        153.08240786396786     
           1         250   99.550606801990540        795.09173351671438        153.07428733448896     
           1         251   100.88028890756975        672.89402355294737        153.08822307343308     
           1         252   50679.246080446930        833.37757769999985        48931.187489268079     
           1         253   100.01433589274062        759.99390513427750        153.07428733448896     
           1         254   100.57906985159778        765.07673669609449        153.10336730414505     
           1         255   99.564259091001048        836.65484941973011        153.07428733448896     
           1         256   99.798262560072246        671.46140667133966        153.07428733448896     
           1         257   98.974662747715101        726.59844719808711        153.07428733448896     
           1         258   99.211713964388224        760.59512693088641        153.09173436365234     
           1         259   111.12741108062835        799.59934814985911        153.46571813128833     
           1         260   317.96273841002625        807.23648441784667        189.36163382112881     
           1         261   99.455506876713798        710.91639336753246        153.07428733448896     
           1         262   103.72591896335439        679.41502489322897        153.07571627432284     
           1         263   470.02273555978877        743.47876325427728        272.21146249615271     
           1         264   102.95366443111537        757.69624831856015        153.09985444493336     
           1         265   1391.5839742643534        750.43928018784663        1381.0651498324708     
           1         266   96.628411429405361        679.19909155147695        153.06038470146629     
           1         267   99.499854476074290        698.80628791784670        153.07428733448896     
           1         268   100.14858063547453        681.74115131283929        153.07428733448896     
           1         269   302.98818906468932        754.32805384973506        189.33532588892160     
           1         270   101.11292696605477        777.38347041983025        153.07428733448896     
           1         271   100.34364423066789        672.28533332980055        153.07428733448896     
           1         272   102.30368392221949        730.61027034546350        153.08402650365070     
           1         273   99.179289911916086        723.36705121173463        153.20520973614646     
           1         274   238.91398922739049        749.55228191784681        163.08821570567659     
           1         275   99.198152523590139        783.79501549262716        153.07428733448896     
           1         276   97.777651624446634        673.75541602496503        153.12514012843437     
           1         277   110.87126404004478        711.22816563225149        153.47225093330221     
           1         278   100.35103437452167        739.06589174179339        153.10336730414505     
           1         279   98.438136656842502        718.03053050994845        153.07893817709260     
           1         280   101.11237383980864        757.14742909712288        153.12602967522432     
           1         281   99.055810119670710        624.73428641784665        153.07428733448896     
           1         282   97.907749606632166        695.40123060370070        153.09605154031991     
           1         283   447.51588050404348        731.19112009204002        190.31951863972424     
           1         284   99.090505636970803        805.48079638352533        153.07428733448896     
           1         285   99.089406874512562        780.10985172155983        153.07428733448896     
           1         286   103.51997438451693        672.95881347570162        153.13503403506903     
           1         287   98.126707911853103        663.05589349223271        153.07278638639607     
           1         288   101.59689336078472        749.52954141784687        153.21332690472497     
           1         289   96.265966147317513        816.82401919646873        153.06620031948358     
           1         290   99.265942133574967        804.13167669739903        153.06697089173966     
           1         291   100.08918362381327        654.34117908095732        153.07428733448896     
           1         292   96.681390114491762        702.48563506874461        153.08946596684007     
           1         293   110.88232662521004        716.92439077562813        153.46643947289232     
           1         294   98.955337714917434        780.63652653769577        153.10336730414505     
           1         295   99.470089501575615        854.01620213427736        153.09173436365234     
           1         296   100.29924338003461        694.75068384362737        153.07428733448896     
           1         297   99.352846906733689        699.50399578540100        153.08010269335563     
           1         298   101.01747232880768        760.81919774314747        153.19877240110321     
           1         299   99.144443423669088        757.69804733263516        153.08010269335563     
           1         300   99.058335548833512        813.27487627021890        153.11791026619093     
           1         301   100.14277038266626        719.61856118718526        153.07428733448896     
           1         302   99.611184836358291        716.43665463427737        153.07428733448896     
           1         303   247.18092728836814        731.10228893106319        163.05111314702830     
           1         304   101.23818143899430        793.10947892426827        153.09316329677014     
           1         305   105.27133198975601        788.30426734682464        153.46643947289232     
           1         306   99.942387583218192        686.33761747462859        153.12514012843437     
           1         307   103.12145438115448        712.87605725800017        153.11933918923597     
           1         308   101.13373972257719        734.01182458268090        153.07404495617413     
           1         309   98.186049841872645        758.59293813427746        153.07278638639607     
           1         310   101.94042121772466        847.84302320380880        153.08240786396786     
           1         311   99.174940068423950        672.21953417792463        153.08010269335563     
           1         312   97.640269084533728        738.25663949737020        153.06697089173966     
           1         313   100.85389218404781        733.27345608080100        153.11148708664365     
           1         314   99.562620600312272        790.96172553600002        153.08010269335563     
           1         315   102.50284145984338        825.12159464583920        153.11148708664365     
           1         316   100.37149515779878        701.81734113427729        153.07428733448896     
           1         317   98.984352276831117        699.59631004122400        153.07428733448896     
           1         318   101.26695720755325        753.51280842655251        153.11148708664365     
           1         319   102.54798772323883        728.41902543595324        153.08822307343308     
           1         320   98.026671429927205        803.25630031178594        153.11059484180331     
           1         321   308.06807847274376        675.85348492926505        189.34439693726671     
           1         322   98.983306124745297        722.21346410456931        153.10336730414505     
           1         323   377.48365574355967        675.61249770141603        190.12608998765663     
           1         324   101.56092424309973        779.51736950932752        153.09316329677014     
           1         325   101.57663007390418        743.23653853080395        153.20663862561730     
           1         326   99.944001082925325        686.23166196084424        153.07428733448896     
           1         327   99.416171039206745        690.98991013596822        153.10336730414505     
           1         328   99.413588718208814        734.19265625927346        153.07428733448896     
           1         329   99.726348433595476        792.34711609363592        153.07428733448896     
           1         330   100.77872288204350        784.24555613427754        153.07571627432284     
           1         331   99.568935680441214        646.74958959569744        153.09173436365234     
           1         332   243.54800355136254        677.14660163832127        163.06815691929077     
           1         333   312.94568938140401        725.61235358810211        189.39817471611596     
           1         334   99.039406086145618        751.67497190037705        153.11791026619093     
           1         335   99.741863483215681        806.29358170449404        153.07428733448896     
           1         336   361.89905699862180        650.98636038080349        189.86641858378985     
           1         337   99.663976893221985        680.21742891784675        153.10336730414505     
           1         338   314.09195743653083        699.39838329478380        189.34616857096327     
           1         339   98.946346446262851        760.81486892144051        153.08010269335563     
           1         340   112.70235040644003        827.78429565583542        153.48387481498554     
           1         341   98.910933587417446        706.84747922797692        153.07428733448896     
           1         342   98.958207835199275        685.49449104471796        153.07428733448896     
           1         343   351.01097993041299        734.92243649230011        189.85208729075640     
           1         344   96.758348839125802        717.75450191784682        153.11855517169744     
           1         345   99.434434859511057        790.19739463073472        153.11791026619093     
           1         346   99.399399111206918        698.21087314622503        153.13245521339931     
           1         347   98.965777693613532        720.68573891092569        153.08010269335563     
           1         348   99.756785819132787        716.61224871195748        153.07428733448896     
           1         349   100.87568971672496        764.31161481724644        153.11148708664365     
           1         350   99.185963338285674        777.08329182250270        153.09173436365234     
           1         351   99.509904349620385        691.91508213427733        153.08010269335563     
           1         352   100.20289775523703        773.43102883510130        153.07428733448896     
           1         353   311.89523692136913        766.16393765691373        189.34439693726671     
           1         354   99.349256546704112        761.01586385913652        153.09173436365234     
           1         355   99.468106629012411        825.38623969257981        153.07428733448896     
           1         356   318.20506872744443        665.89192418451046        189.36163382112881     
           1         357   306.55577502340498        718.04352092788099        189.34439693726671     
           1         358   101.22889813949854        786.84289513427757        153.08822307343308     
           1         359   99.185678274456393        791.35791964079965        153.07428733448896     
           1         360   99.149651603978683        791.77781516612231        153.07428733448896     
           1         361   99.587302210344845        696.24730239569851        153.11791026619093     
           1         362   99.439805592788247        696.49775298309942        153.07428733448896     
           1         363   99.185432200483334        749.80348177773351        153.08010269335563     
           1         364   97.573171749290410        798.07751575965813        153.07278638639607     
           1         365   244.87433805784042        803.66852013427729        163.05111314702830     
           1         366   102.93025244400668        666.66465660470931        153.09141345609348     
           1         367   313.78482226884091        747.92004641728488        189.36767704686551     
           1         368   101.85273929892445        734.11697261615404        153.08240786396786     
           1         369   102.47308767170598        803.84638487862287        153.07571627432284     
           1         370   98.833279300825865        795.08552846205555        153.10511523685136     
           1         371   98.805703990627393        678.10948560734130        153.19789634806904     
           1         372   310.58135846844482        708.96130413427738        189.34439693726671     
           1         373   99.465746769345557        786.21450318469010        153.07428733448896     
           1         374   99.377828282317594        766.32506225900261        153.08010269335563     
           1         375   96.457355530922712        846.52142020908673        153.06620031948358     
           1         376   108.23028920750644        647.85564190542209        153.16162013824541     
           1         377   105.28111880237891        719.93019814140860        153.09324318007668     
           1         378   98.971500216124355        739.33164490493198        153.10336730414505     
           1         379   99.227620574636447        792.23810913427747        153.07428733448896     
           1         380   103.08521586369783        807.23431467627756        153.11933918923597     
           1         381   103.40281052931398        710.91209401236893        153.07571627432284     
           1         382   102.76963975019665        679.41099645259226        153.07571627432284     
           1         383   107.11402004895091        761.93501490067638        153.52456849200934     
           1         384   110.29238827951229        757.69005374580297        153.46643947289232     
           1         385   243.25324189974759        678.26021043569335        93.468245982937987     
           1         386   310.90981408254277        697.60463141784669        189.34439693726671     
           1         387   101.63358559699064        712.04082091238558        153.09985444493336     
           1         388   105.70678385473954        709.09363268294078        153.46643947289232     
           1         389   240.39628006205325        762.55951905870188        163.06815691929077     
           1         390   99.275651054445177        817.14173503054451        153.08010269335563     
           1         391   104.06237225224368        688.03583619461619        153.10885954412771     
           1         392   377.31642745747229        651.47492767433619        189.80503195568863     
           1         393   97.847109495191390        744.11598885070828        153.06697089173966     
           1         394   98.917591540655451        767.20977716984078        153.07428733448896     
           1         395   296.45992204919253        745.30731853648967        163.47992048455365     
           1         396   112.30167725350941        694.74082534033755        153.59727483248665     
           1         397   99.366703003253505        736.11500611742213        153.08010269335563     
           1         398   315.81723533879307        772.59150392587685        189.49791727549965     
           1         399   99.899697422107948        748.54071173872762        153.07428733448896     
           1         400   98.103039425979901        796.95185413427737        153.07278638639607     
           1         401   99.375080762247791        646.79653764193108        153.11791026619093     
           1         402   104.18590878466887        725.81443668467523        153.20777470751671     
           1         403   101.44980406326215        790.70734813098784        153.07571627432284     
           1         404   366.77497785149831        813.70977770286549        189.85208729075640     
           1         405   99.206423548458957        792.25881687977187        153.08010269335563     
           1         406   99.354061403390915        676.63775295949995        153.09173436365234     
           1         407   101.65572408194387        686.85644763427729        153.13388413084789     
           1         408   376.71505951931937        756.00214270847960        189.86641858378985     
           1         409   101.76785535475769        853.46765327191440        153.11148708664365     
           1         410   103.21244501652257        843.89035184696502        153.08402650365070     
           1         411   101.30551896461803        671.68558473223436        153.10479623278584     
           2           1   99.562768337456006        746.02634913427732        211.84296321094698     
           2           2   106.75033690611558        730.00205520171698        211.85063082749744     
           2           3   100.45800286998632        812.13131781794505        211.81784602061725     
           2           4   103.99464625826764        879.73257045303069        211.85834034581316     
           2           5   99.391083260323114        892.08531921217389        211.81784602061725     
           2           6   99.531157641057447        719.57133198657971        211.81784602061725     
           2           7   99.942809211229161        770.51415193997877        211.81784602061725     
           2           8   718.67694748661120        847.81994000000009        575.73157807633129     
           2           9   99.258213384088947        839.62383399145313        211.81784602061725     
           2          10   99.925383902287550        892.78563188813780        211.84296321094698     
           2          11   99.650990678025593        734.54369391175521        211.85971032448145     
           2          12   235.58378341057917        750.95830325015083        225.24173416988569     
           2          13   97.980748135800695        843.51970419447957        211.85319771229371     
           2          14   97.216271449348611        824.34636712880501        211.80550284716244     
           2          15   101.03573183391462        905.20474613427723        211.82511602143288     
           2          16   98.479374278362755        722.31364423035450        211.83645036187144     
           2          17   99.621421057472560        763.09433259513492        211.88064682673655     
           2          18   99.681430351724018        784.43033082992019        211.81784602061725     
           2          19   99.472049223170458        857.64608070867075        211.82621795342658     
           2          20   99.520587847643739        858.14572420330421        212.00632676917931     
           2          21   96.472355315990242        745.22438740673249        211.80550284716244     
           2          22   99.660657782882623        736.66703763427734        211.85971032448145     
           2          23   100.28944516085436        814.09646003950354        211.88064682673655     
           2          24   100.16331850343903        829.90240306341491        211.82621795342658     
           2          25   99.297725598836294        832.19614438817291        211.81784602061725     
           2          26   99.199450280264983        686.61110849241607        211.81784602061725     
           2          27   104.65842359057027        742.39850241470356        211.90021992919282     
           2          28   100.45183948281128        707.56589125372864        211.82621795342658     
           2          29   99.956952104213755        794.29629813427755        211.88064682673655     
           2          30   479.26630114645542        818.09641973827740        336.90039852042082     
           2          31   3428.2750036873354        831.96290993549997        3226.4647282091059     
           2          32   98.321317512066514        708.97303045125409        211.85319771229371     
           2          33   98.822740196062412        727.99354100676146        211.87413451064899     
           2          34   99.372403559237682        708.61200586777238        211.88064682673655     
           2          35   100.26764509646108        783.35426596376840        211.81784602061725     
           2          36   101.44231658948810        662.21232041784663        211.83348782315639     
           2          37   101.33997848391128        703.24412809368050        211.82511602143288     
           2          38   100.13052870447186        761.50972104613186        211.81784602061725     
           2          39   99.360531556608251        753.81829965364170        211.81784602061725     
           2          40   99.915456035733726        778.37803636699721        211.85971032448145     
           2          41   99.743108253522635        667.42455816565223        211.81784602061725     
           2          42   101.15480242308611        703.15502213196885        211.83348782315639     
           2          43   99.763003176737129        742.60527513427746        211.84296321094698     
           2          44   99.363172871568366        768.84241279437288        211.85971032448145     
           2          45   102.02839563212804        746.75895744697868        211.85982624175250     
           2          46   100.52611511558332        645.66787458766566        211.98537285672572     
           2          47   4776.7228650106781        780.95737460713883        4482.0330455619187     
           2          48   100.44479869302634        724.40778827638599        211.81784602061725     
           2          49   3707.9843373225058        897.42869186070800        3593.2159900948941     
           2          50   427.03075836970726        939.51210713427736        247.57216169048110     
           2          51   99.330026553269775        653.98189103348830        211.81784602061725     
           2          52   106.92468383027406        703.96686683670464        211.89617236669176     
           2          53   99.321120268381179        690.41634456144322        211.82621795342658     
           2          54   101.33725880724724        779.79519280667307        211.90885491977787     
           2          55   100.77229780921679        850.21512775618999        211.82621795342658     
           2          56   106.47776067704979        678.80737888842157        211.84656097172351     
           2          57   99.309674227872264        685.90784485070799        211.81784602061725     
           2          58   101.52386723263469        733.41183112553949        211.90158622972379     
           2          59   99.672582825590055        747.03310732668274        211.81784602061725     
           2          60   96.875216493959314        812.36731536013212        211.84736827818756     
           2          61   5302.0366282316509        779.64743786250006        5024.3150504740252     
           2          62   101.91200365879935        726.93088522777862        212.00632676917931     
           2          63   105.86445684970977        730.22546947510250        211.85063082749744     
           2          64   103.32393315526230        793.11584613427749        211.85834034581316     
           2          65   97.597979132663980        788.31316996072519        211.83062071379945     
           2          66   299.55341679438931        686.34832117505994        244.81504403367646     
           2          67   96.532435765695595        753.24348489750423        211.83062071379945     
           2          68   99.279155761332873        748.06798881068403        211.81784602061725     
           2          69   99.345404257004404        761.88395660213541        211.81980655070765     
           2          70   101.82715899229966        825.35939906754948        211.86697966988731     
           2          71   99.433611261202287        665.91443313427726        211.81784602061725     
           2          72   103.60262638926702        718.08906407965742        211.87508690718934     
           2          73   99.668671569270444        744.35692682139415        211.81784602061725     
           2          74   97.900984992219719        764.99475699637821        211.87413451064899     
           2          75   101.16495845342584        789.21875956510655        211.82621795342658     
           2          76   99.391964329983352        714.59768782959259        211.81784602061725     
           2          77   99.483555025550999        703.13223809192584        211.84296321094698     
           2          78   103.64638622060556        771.06643513427753        211.84159564047084     
           2          79   99.842474542214347        764.19878759381390        211.85971032448145     
           2          80   348.02833404027353        815.64476544048546        247.59078749199975     
           2          81   99.264159324959110        696.05650501216780        211.81784602061725     
           2          82   98.421152807921757        734.41128037112878        211.81970486745556     
           2          83   101.19417512675945        728.82572765161990        211.82621795342658     
           2          84   100.73697884168989        783.95991864255143        211.82621795342658     
           2          85   374.86718964942992        753.00845955212401        247.72938076938198     
           2          86   101.39104921768798        678.15190902461188        211.81796193880311     
           2          87   100.11403143756282        707.02572507277375        211.81784602061725     
           2          88   310.58071735201884        754.17214925185033        244.87275444817223     
           2          89   99.615773897713311        775.81572507601049        211.82621795342658     
           2          90   100.01302771263624        809.76308433265456        211.81784602061725     
           2          91   102.54266963051253        634.22207183756154        211.82633387142943     
           2          92   97.782575398182729        716.37480891784662        211.85319771229371     
           2          93   99.464780315704189        719.80155864692961        211.90158622972379     
           2          94   99.375428821108699        765.15175447177603        211.81784602061725     
           2          95   100.90561199539340        823.26747396179405        211.85329939486220     
           2          96   240.52524974965715        662.56630913008405        225.18818594462320     
           2          97   101.42279398229400        674.66849719635388        211.82511602143288     
           2          98   101.09282419279474        705.17085622101092        211.85982624175250     
           2          99   99.523342458388456        754.71075341784672        211.81784602061725     
           2         100   99.537957129476808        781.99127403642387        211.90158622972379     
           2         101   97.926336838377125        685.86941870384078        211.84736827818756     
           2         102   101.90685037073538        680.79624594590882        211.81796193880311     
           2         103   99.443694629481740        708.43069755601766        211.88064682673655     
           2         104   96.624678688664758        727.15202768721861        211.88924531049091     
           2         105   97.842927162936718        790.15410177513832        211.83645036187144     
           2         106   99.822348496124107        698.21857413427722        211.81784602061725     
           2         107   120.66805205921800        739.74089801343735        211.90935769478705     
           2         108   102.69510845435487        717.04908735891092        211.86711151279300     
           2         109   99.429921640281393        765.94808997378300        211.81784602061725     
           2         110   103.10168693348309        745.06469713643185        211.88791584446003     
           2         111   99.846689432066768        672.66705654672489        211.88064682673655     
           2         112   101.18213270277644        730.56216471392872        211.83348782315639     
           2         113   99.512781575355646        752.57325513427747        211.88064682673655     
           2         114   244.64476256136066        748.14114783220805        225.23263635513155     
           2         115   99.651946369980735        795.23876653916818        211.83655204478202     
           2         116   110.55620205842456        656.75228555633362        212.02425224545988     
           2         117   324.91816655548109        756.34916685448525        227.89224449201328     
           2         118   375.55114921530526        808.05841714251619        244.89367715276995     
           2         119   419.52085052129257        858.02244273141605        247.58841842713176     
           2         120   101.12997523774067        791.78420813427749        211.90885491977787     
           2         121   110.15874451447101        696.25576214205114        211.87167652824820     
           2         122   107.12715676915973        696.50793644934720        212.00977743974187     
           2         123   101.33964960048418        749.81535045767828        211.83348782315639     
           2         124   99.712485184590847        820.41058303739237        211.82621795342658     
           2         125   103.53357868064590        823.53825419950169        211.82524786531772     
           2         126   101.46376377258960        668.70988234657671        211.85982624175250     
           2         127   583.12210371254071        805.58441641784657        582.66089090666014     
           2         128   98.165610996349386        727.11268698078709        211.89507420972294     
           2         129   98.263568566105050        781.55605462731432        211.85319771229371     
           2         130   96.703174411615450        830.64044766562245        211.86830534398291     
           2         131   97.891861978438655        678.45860221286136        211.81133281619478     
           2         132   966.12592282313597        798.75571332984657        651.86077582245900     
           2         133   12014.839714443566        896.22677312799988        11499.786093581764     
           2         134   97.859551443705712        765.07901913427736        211.87413451064899     
           2         135   99.518127045676849        836.65971203352353        211.84296321094698     
           2         136   4943.0940718651682        802.98995001196931        4626.8231578084469     
           2         137   98.114826941102692        709.42348125254341        211.85319771229371     
           2         138   99.205283835987231        740.19905006127112        211.81784602061725     
           2         139   102.11926065735176        819.74743413840599        211.99264023623741     
           2         140   241.96819194135830        797.29683029911291        225.18818594462320     
           2         141   6633.5622713975517        767.54043899999988        5993.6280714903378     
           2         142   17035.513331727539        810.85646454863854        16379.375513638579     
           2         143   102.57779022985908        751.78048538641667        211.90885491977787     
           2         144   96.715553821205958        770.58198407694113        211.81387500541348     
           2         145   101.63463349110840        824.48145708165941        211.85023281851068     
           2         146   123.58814779935523        686.60584100215613        212.03502948573404     
           2         147   99.274185094511097        742.37711021466123        211.81784602061725     
           2         148   114.20694341130641        707.60722141784686        211.85493235984688     
           2         149   111.77756016561796        794.29375543646393        211.90021992919282     
           2         150   10635.401542489792        972.57894055500014        9897.3945583960831     
           2         151   16070.530854164313        740.21102402827728        15411.058188039813     
           2         152   101.07219056172266        728.34961026271537        211.82511602143288     
           2         153   99.764566028408169        743.43560291536005        211.81784602061725     
           2         154   111.65256686563364        738.75472829203409        211.84656097172351     
           2         155   99.885716094533549        793.40482713427741        211.81784602061725     
           2         156   102.40164609711141        689.51266465377967        211.90885491977787     
           2         157   99.826888564826405        721.46954705388043        211.82621795342658     
           2         158   303.81239970178092        773.79841998704580        244.79285813525559     
           2         159   110.72298380954986        776.98553579631323        211.85674021001620     
           2         160   102.03212342083347        798.24291748991095        211.82511602143288     
           2         161   310.50834894663444        671.09948209169431        245.01754947313555     
           2         162   312.65127834487731        726.95555813427734        244.84863358034266     
           2         163   99.256185097830652        770.31871795293659        211.81784602061725     
           2         164   99.288809406710996        805.48630377175721        211.82621795342658     
           2         165   110.52425594441242        780.11629869771286        211.84656097172351     
           2         166   99.452192660023783        672.96415914353588        211.81784602061725     
           2         167   99.883448306379179        676.31048921081333        211.81784602061725     
           2         168   99.937460690470871        757.91438213693027        211.88064682673655     
           2         169   104.01678357168898        825.94205785070824        211.83322398375481     
           2         170   244.26953197628706        848.36732256432902        225.21497805891158     
           2         171   109.67129712096012        658.69031066092862        211.84656097172351     
           2         172   110.32019346713108        709.46869487790616        211.85493235984688     
           2         173   102.25777200375096        716.93002326736189        211.85023281851068     
           2         174   108.26495377299015        788.02516737629890        211.84656097172351     
           2         175   316.75447956081007        889.94930532541673        244.83775903193657     
           2         176   4451.4865181226069        903.36799156713857        4350.6666777505843     
           2         177   106.66061252532617        704.22059430157833        211.90021992919282     
           2         178   100.05140087921829        760.82360215759832        211.84296321094698     
           2         179   100.67855182922951        757.70394665939386        211.81784602061725     
           2         180   310.82846124855581        813.28110911937881        244.81004710450179     
           2         181   313.45799676985268        719.64430067176420        244.84863358034266     
           2         182   234.10673647551781        726.90650826472609        225.17505214615056     
           2         183   103.41647035277363        730.26835513427750        211.91696143211320     
           2         184   99.738070781927505        793.11373798656155        211.81784602061725     
           2         185   101.60096440170973        788.30868267380629        211.85982624175250     
           2         186   101.65293206835068        686.34365745600530        211.81796193880311     
           2         187   99.379077319039851        733.05997993129517        211.81784602061725     
           2         188   107.83811415654343        741.04903790572257        211.88842255301407     
           2         189   99.755807791211410        758.55048754291909        211.84296321094698     
           2         190   99.476659075498318        847.84532313427724        211.81784602061725     
           2         191   99.734392878273468        672.22405063065275        211.81784602061725     
           2         192   101.38416608294243        738.26145233201555        211.82633387142943     
           2         193   101.38879504171925        733.27972979816627        211.90170214608031     
           2         194   138.52853546555036        771.97837431167648        211.89860081010116     
           2         195   310.65033121496032        802.70386703693578        244.80040181472918     
           2         196   100.45187175860033        719.05643914253437        211.81784602061725     
           2         197   105.42329831835178        704.31075963427725        211.90021992919282     
           2         198   96.736502573961133        780.03750514923934        211.80550284716244     
           2         199   99.235116520336064        736.66003434273523        211.81784602061725     
           2         200   99.939715444663520        815.44356788784296        211.81784602061725     
           2         201   243.57453212094271        676.93521954827293        225.19707504358990     
           2         202   99.958499491005696        727.74855973078650        211.81784602061725     
           2         203   100.40842680743859        746.88861658646567        211.84296321094698     
           2         204   99.196041549662297        805.42378991784699        211.81784602061725     
           2         205   99.605491526810823        763.97716982479585        211.81784602061725     
           2         206   98.333355158080096        697.26203104083697        211.99981622942363     
           2         207   98.292898475623034        696.50211544004014        211.81970486745556     
           2         208   97.876689481046654        751.85367810060291        211.97303419132422     
           2         209   101.20622283584763        789.86806154433839        211.81784602061725     
           2         210   99.681403627285121        774.19725817859910        211.85971032448145     
           2         211   100.03341715361817        628.71030641784660        211.88064682673655     
           2         212   105.56606539529832        696.19515004031518        211.84579343960934     
           2         213   312.52886809476036        719.79666948672661        244.80040181472918     
           2         214   97.962915245937808        757.78660325622138        211.81970486745556     
           2         215   99.264724969701746        799.89822791802101        211.81784602061725     
           2         216   99.563518138286341        656.24876464893157        211.81784602061725     
           2         217   317.06117789173919        691.82897036909696        244.90529733018352     
           2         218   99.698823147174224        725.62392141784687        211.81784602061725     
           2         219   7538.6786050052897        936.18785653819998        7014.8910314399682     
           2         220   99.442197968704633        805.35344800590997        211.90158622972379     
           2         221   20760.162094404328        787.26202270199985        19882.590729360320     
           2         222   99.366497022388700        660.61311681715199        211.85971032448145     
           2         223   96.721517892464277        701.41241731334787        211.81387500541348     
           2         224   21161.693592707659        887.23725109599991        20732.163325193022     
           2         225   150.81183350696003        782.48503241784670        211.90578010453729     
           2         226   35324.500054979035        808.64531408500011        33961.117315494921     
           2         227   146.32852083211412        719.55817378524239        211.94345833709320     
           2         228   302.20010752982512        710.03066326271085        244.78610578608669     
           2         229   308.64720451121315        765.94259747877732        244.79297590673147     
           2         230   22472.100286623714        958.77848216499990        21266.816599178765     
           2         231   99.973757017702752        688.92128292867221        211.81784602061725     
           2         232   99.470388218664070        749.99650663427735        211.88064682673655     
           2         233   103.38890135128622        741.49800557901574        211.87508690718934     
           2         234   99.272350749006634        768.00460415999123        211.85971032448145     
           2         235   102.30617005641740        817.67813810403106        212.01359382109231     
           2         236   99.408253517338693        646.78222873122695        211.82621795342658     
           2         237   312.99873208818451        718.06852036803821        244.84863358034266     
           2         238   104.35768471953429        786.79462531902936        211.83322398375481     
           2         239   100.44766630808776        791.36037213427755        211.88064682673655     
           2         240   98.733317998001795        791.78206166499456        211.81970486745556     
           2         241   309.02005949717432        696.25144803564774        244.80040181472918     
           2         242   100.27790249254605        696.50324215992975        211.81784602061725     
           2         243   109.22266003071907        749.80916107635437        211.87108707779518     
           2         244   99.834524323555854        820.40402883149000        211.81784602061725     
           2         245   46154.639500493678        977.39782128000024        44184.543212957491     
           2         246   421.23277980503707        685.78196913427723        244.86259551513390     
           2         247   99.846586322765461        747.92457719521190        211.84296321094698     
           2         248   247.32342147791982        734.12141852319996        225.20481057341922     
           2         249   101.41308369148190        803.85233329683547        211.83348782315639     
           2         250   98.274671598723415        795.09173351671438        211.81133281619478     
           2         251   101.26028593839260        672.89402355294737        211.90885491977787     
           2         252   46013.686555430228        833.37757769999985        43813.159394979877     
           2         253   100.29331619412403        759.99390513427750        211.81784602061725     
           2         254   100.78804129029514        765.07673669609449        211.81784602061725     
           2         255   99.922897251085203        836.65484941973011        211.88064682673655     
           2         256   106.87379576540198        671.46140667133966        211.84225933113257     
           2         257   99.366363445684314        726.59844719808711        211.90158622972379     
           2         258   99.498274300539961        760.59512693088641        211.84296321094698     
           2         259   111.29606340415816        799.59934814985911        211.84579343960934     
           2         260   312.64767252154434        807.23648441784667        244.80040181472918     
           2         261   99.739434994018424        710.91639336753246        211.81784602061725     
           2         262   103.98330474517331        679.41502489322897        211.82633387142943     
           2         263   470.84592092555357        743.47876325427728        337.10270614099926     
           2         264   101.18231214174601        757.69624831856015        211.81784602061725     
           2         265   1391.4391656677667        750.43928018784663        1317.3431515658338     
           2         266   98.315631689022652        679.19909155147695        211.89507420972294     
           2         267   103.85768698293069        698.80628791784670        211.84159564047084     
           2         268   102.34656157521506        681.74115131283929        211.83348782315639     
           2         269   321.10840497287398        754.32805384973506        244.82785773604888     
           2         270   103.38052842187814        777.38347041983025        211.82511602143288     
           2         271   102.75572362704860        672.28533332980055        211.99264023623741     
           2         272   100.63609490934482        730.61027034546350        211.81796193880311     
           2         273   99.272180640471149        723.36705121173463        211.84296321094698     
           2         274   243.30363833946518        749.55228191784681        225.18818594462320     
           2         275   99.485198614351944        783.79501549262716        211.81784602061725     
           2         276   98.039469264239671        673.75541602496503        211.87413451064899     
           2         277   111.06143365774105        711.22816563225149        211.84656097172351     
           2         278   100.57225045665199        739.06589174179339        211.81784602061725     
           2         279   101.89305373088658        718.03053050994845        211.81796193880311     
           2         280   99.495900753452389        757.14742909712288        211.81784602061725     
           2         281   99.344961626910631        624.73428641784665        211.81784602061725     
           2         282   101.56441446743298        695.40123060370070        211.85023281851068     
           2         283   502.39787945215437        731.19112009204002        244.90665966942305     
           2         284   101.26857490584567        805.48079638352533        211.88791584446003     
           2         285   97.888759767927453        780.10985172155983        211.83645036187144     
           2         286   101.55961756410042        672.95881347570162        211.85023281851068     
           2         287   99.966773295308528        663.05589349223271        211.81784602061725     
           2         288   99.798032090672351        749.52954141784687        211.81784602061725     
           2         289   99.327554693945501        816.82401919646873        211.81784602061725     
           2         290   103.23838520258077        804.13167669739903        211.85023281851068     
           2         291   97.432581976470900        654.34117908095732        211.81387500541348     
           2         292   106.45438648415630        702.48563506874461        211.84225933113257     
           2         293   108.29165276440850        716.92439077562813        211.90021992919282     
           2         294   99.195710979648368        780.63652653769577        211.81784602061725     
           2         295   99.724718896733904        854.01620213427736        211.81784602061725     
           2         296   98.965799249966963        694.75068384362737        211.81970486745556     
           2         297   99.628643511418119        699.50399578540100        211.81784602061725     
           2         298   99.299803288387267        760.81919774314747        211.81784602061725     
           2         299   99.452370198682019        757.69804733263516        211.84296321094698     
           2         300   99.374078567861275        813.27487627021890        211.90158622972379     
           2         301   102.38102044262541        719.61856118718526        211.86697966988731     
           2         302   98.530453515880254        716.43665463427737        211.97886202094770     
           2         303   247.81580930890630        731.10228893106319        225.18830928794804     
           2         304   101.46793771441939        793.10947892426827        211.81796193880311     
           2         305   105.47646101024726        788.30426734682464        211.84656097172351     
           2         306   100.27965605055829        686.33761747462859        211.97886202094770     
           2         307   101.49822123366992        712.87605725800017        211.87423619278999     
           2         308   105.52566159420073        734.01182458268090        211.83361966684564     
           2         309   97.139506491315117        758.59293813427746        211.80550284716244     
           2         310   98.902187651060473        847.84302320380880        211.97886202094770     
           2         311   99.502585512865949        672.21953417792463        211.85971032448145     
           2         312   97.937902796994749        738.25663949737020        211.81970486745556     
           2         313   99.288732711646176        733.27345608080100        211.81784602061725     
           2         314   99.835572035379244        790.96172553600002        211.81784602061725     
           2         315   100.80379927703281        825.12159464583920        211.84296321094698     
           2         316   100.64924801490197        701.81734113427729        211.82621795342658     
           2         317   103.22829689235338        699.59631004122400        211.83322398375481     
           2         318   101.57757743877673        753.51280842655251        211.88791584446003     
           2         319   100.83904600495316        728.41902543595324        211.81784602061725     
           2         320   99.787792277878950        803.25630031178594        211.81784602061725     
           2         321   304.40024189165729        675.85348492926505        244.86521179757577     
           2         322   103.26679959328851        722.21346410456931        211.91696143211320     
           2         323   394.14477026421622        675.61249770141603        244.85846782547739     
           2         324   101.78470637934019        779.51736950932752        211.82633387142943     
           2         325   101.59730268128014        743.23653853080395        211.82633387142943     
           2         326   100.22236374932154        686.23166196084424        211.81784602061725     
           2         327   98.108845760398665        690.98991013596822        211.81133281619478     
           2         328   98.157833061038559        734.19265625927346        211.81970486745556     
           2         329   100.01373340676719        792.34711609363592        211.82621795342658     
           2         330   103.10704394851633        784.24555613427754        211.88804768687575     
           2         331   99.819208770570043        646.74958959569744        211.81784602061725     
           2         332   236.91085013792241        677.14660163832127        225.24173416988569     
           2         333   313.57453342990715        725.61235358810211        244.82933927901664     
           2         334   99.253722156229969        751.67497190037705        211.81784602061725     
           2         335   98.443713853005505        806.29358170449404        211.81133281619478     
           2         336   362.00863423802514        650.98636038080349        244.83365994314417     
           2         337   99.896531399757080        680.21742891784675        211.81784602061725     
           2         338   328.93010132662732        699.39838329478380        244.86661625763301     
           2         339   97.720449604788911        760.81486892144051        211.81133281619478     
           2         340   110.11213456962592        827.78429565583542        211.87928434336939     
           2         341   97.728084198581087        706.84747922797692        211.83645036187144     
           2         342   99.248616327204900        685.49449104471796        211.81784602061725     
           2         343   361.87072895819352        734.92243649230011        244.85509410853169     
           2         344   103.97440575334822        717.75450191784682        211.91696143211320     
           2         345   99.643430368961333        790.19739463073472        211.81784602061725     
           2         346   101.42751717090141        698.21087314622503        211.83348782315639     
           2         347   99.322091777168851        720.68573891092569        211.88064682673655     
           2         348   100.06826322795170        716.61224871195748        211.84296321094698     
           2         349   96.559696003752663        764.31161481724644        211.83062071379945     
           2         350   101.26321779578680        777.08329182250270        211.82511602143288     
           2         351   98.304685570448356        691.91508213427733        211.87413451064899     
           2         352   100.47063562600843        773.43102883510130        211.81784602061725     
           2         353   312.74234225783704        766.16393765691373        244.80040181472918     
           2         354   99.603821087954870        761.01586385913652        211.81784602061725     
           2         355   101.61272073398705        825.38623969257981        211.83348782315639     
           2         356   312.92396307163727        665.89192418451046        244.80040181472918     
           2         357   307.45870665724266        718.04352092788099        244.80040181472918     
           2         358   98.165276249851061        786.84289513427757        211.85319771229371     
           2         359   96.667003895514199        791.35791964079965        211.80550284716244     
           2         360   103.65341558645164        791.77781516612231        212.02169852128344     
           2         361   106.54246625600416        696.24730239569851        211.88412145284724     
           2         362   99.754177235975007        696.49775298309942        211.84296321094698     
           2         363   101.29469943413848        749.80348177773351        211.83348782315639     
           2         364   96.580672827387843        798.07751575965813        211.80550284716244     
           2         365   245.48762197507318        803.66852013427729        225.18830928794804     
           2         366   101.07113254495255        666.66465660470931        211.82511602143288     
           2         367   314.49869204150895        747.92004641728488        244.80053607315094     
           2         368   100.21962867431112        734.11697261615404        211.81784602061725     
           2         369   100.93181778835805        803.84638487862287        211.83655204478202     
           2         370   99.074446956095585        795.08552846205555        211.84745724690890     
           2         371   102.46510550776077        678.10948560734130        211.88791584446003     
           2         372   306.48478749543318        708.96130413427738        244.80250356221634     
           2         373   99.749833105019803        786.21450318469010        211.81784602061725     
           2         374   99.653013675149197        766.32506225900261        211.81784602061725     
           2         375   103.59990472619096        846.52142020908673        211.85834034581316     
           2         376   101.19935783533454        647.85564190542209        211.82633387142943     
           2         377   108.43998804045123        719.93019814140860        211.90522640447989     
           2         378   101.03911198426850        739.33164490493198        211.85023281851068     
           2         379   103.59752148556112        792.23810913427747        211.89602271927245     
           2         380   103.31722039221832        807.23431467627756        211.85982624175250     
           2         381   103.74508014940010        710.91209401236893        211.88076274355052     
           2         382   101.25374237952927        679.41099645259226        211.87423619278999     
           2         383   107.25824390408701        761.93501490067638        211.88842255301407     
           2         384   110.70985774927632        757.69005374580297        212.03502948573404     
           2         385   220.80879425545510        678.26021043569335        136.38203005695232     
           2         386   311.76159904465510        697.60463141784669        244.80040181472918     
           2         387   100.08016967551573        712.04082091238558        211.88064682673655     
           2         388   108.35381595558250        709.09363268294078        211.86511140187699     
           2         389   241.01177133880697        762.55951905870188        225.18818594462320     
           2         390   106.16780136484897        817.14173503054451        211.84225933113257     
           2         391   102.06187879991842        688.03583619461619        211.83348782315639     
           2         392   377.97722498344984        651.47492767433619        244.82141863418107     
           2         393   99.677357209849475        744.11598885070828        211.81784602061725     
           2         394   99.208448920557018        767.20977716984078        211.81784602061725     
           2         395   308.72180562764265        745.30731853648967        225.21674771080282     
           2         396   111.94658390303066        694.74082534033755        211.84656097172351     
           2         397   101.53188142661971        736.11500611742213        211.86697966988731     
           2         398   316.13157368916012        772.59150392587685        244.83775903193657     
           2         399   98.621008548521871        748.54071173872762        211.83645036187144     
           2         400   99.941874638136596        796.95185413427737        211.81784602061725     
           2         401   99.585025541632518        646.79653764193108        211.81784602061725     
           2         402   102.01705652091319        725.81443668467523        211.83348782315639     
           2         403   99.978754397803868        790.70734813098784        211.81143449961792     
           2         404   366.79947678641463        813.70977770286549        244.83365994314417     
           2         405   97.965463358778138        792.25881687977187        211.81970486745556     
           2         406   103.64571304653796        676.63775295949995        211.84159564047084     
           2         407   101.82796023266107        686.85644763427729        211.82633387142943     
           2         408   378.55749363391209        756.00214270847960        244.88188855542492     
           2         409   104.31415061559794        853.46765327191440        211.89602271927245     
           2         410   101.46261897768862        843.89035184696502        211.82633387142943     
           2         411   99.850167419709365        671.68558473223436        211.85329939486220     
