34.323905338187 33.9888653075961 34.3784801997415 34.4949264851591 34.5343941432766 34.2575191633977 34.3355349547565 34.3578357785909 34.2878102396365 34.3648303724157 34.5281548391074 34.5673109860409 34.3664755937908 34.2963423149796 34.3468718780477 34.4093581762214 34.0894160021038 34.2207388316423 34.2949993703162 34.3626222266843 34.2946134765559 34.3042324081777 34.4782269770938 34.3439172669272 34.4609971201132 34.5559103289037 34.5010901878329 34.1589648312206 34.7582826611835 34.6930533245175 34.0739178879849 34.662797107162 34.377736318646 34.46708526285 34.1375112944587 34.3085258552501 34.3832920983035 34.3965819551218 34.3760744687382 34.4718162256767 34.3176355338487 34.3617912700542 34.5145913740649 34.4649211767289 34.3979623827323 34.4616049679825 34.338726599569 34.1579655722645 34.587041129877 34.4032032959126
36.2654617999483 36.3864100707995 36.7965280751526 36.7657128909234 36.8816160779359 36.6643436799746 36.8185118727614 36.6521360458102 36.5884554912318 36.7340356299474 36.9626274218311 37.0408849955955 36.7366708459512 36.8659703622878 36.7286809896549 36.8867569790852 36.6182270185894 36.8135499676665 36.6834125209921 36.8692477408331 36.7564388269321 36.9924636355032 36.7539969189019 36.7234049827731 37.0046095201704 36.6175553266621 37.0035467185807 36.6906127821095 37.0113189898038 36.9709789216847 36.6207921998175 36.7889430154596 36.8229710775058 37.0100835761025 36.8674038111324 36.5625492828037 36.9038836150028 36.7875028128802 36.6873830438464 36.7787402790478 36.915105001487 36.8333575838426 37.0330055170407 37.1059325089429 36.7270904075105 36.8186900519276 36.8477189998276 36.9217298544624 37.1578238470242 36.7400384308892
38.7171523925427 38.8037843556144 39.2264102239396 39.2184986050266 39.3962395096904 39.1761555172997 39.3029271384869 39.07210959088 39.4461301188281 39.1156806944675 39.2965574985536 39.48977041465 39.2064601114013 39.1792190460368 39.1912151359418 39.2022702386496 39.0709542505265 39.1551255951301 39.106926747414 39.274448989932 39.2174900415219 39.4892497378948 39.2292186873426 39.1419149913917 39.2270016909167 39.224844653185 39.4433373855065 39.3063325446391 39.6634217010606 39.3267285235393 39.0817859438378 39.1941983674851 39.2802825070608 39.3785702991998 39.4463008215393 39.1704778301667 39.3480796968945 39.2383248306394 39.1371143655576 39.2847951460573 39.4751185049567 39.3441170798055 39.4578958119693 39.6003729199497 39.3464046966101 39.2305598005078 39.3931220815351 39.2692662169993 39.5662709147133 39.1552165654341
42.6910699029668 42.7178313457723 43.21854002982 43.1808766989638 43.2318615865151 42.9486184717247 43.0355690872982 42.9890247144342 43.0319392769682 43.0043760174283 43.1003929841345 43.3600707698783 43.0327135872731 43.0048339702638 43.0051266789236 43.1418631024139 42.8992835296272 42.9170063210509 43.0428278639393 43.0814020734206 43.0255283088509 43.3110320221695 43.0742600445598 42.9476013750121 43.0358658916989 43.1014391972527 43.2563111435815 42.8182974078558 43.4751060904802 43.2113822220068 42.7807170100107 43.3276660902838 43.0421105410665 43.1960735369751 43.2182209519279 43.0052544150396 43.2202217230564 43.0875568898919 42.9613500495562 43.1497558962925 43.2461650771482 43.1882414107104 43.3167220662199 43.3415179473295 43.1392208350581 43.0927463003854 43.1649317952592 43.0473374278714 43.3441342511353 43.0396853015657
48.4781261448555 48.3927920914356 48.9547780935301 48.9532716284636 48.9856197393863 48.6643988505381 48.8627339579916 48.682283431766 48.739947247906 48.6790550666399 48.9488876092096 49.0890949599521 48.7640900879022 48.7732629253402 48.7258995153139 48.8623586573713 48.6415007827711 48.9098948760618 48.7332537869663 48.8432017162235 48.8432735809537 49.0986824221981 48.801520026453 48.6579719344675 48.771089136201 49.1002039993808 49.0068054693134 48.4046734700208 49.253974317409 48.9769229965913 48.4814381132994 49.0396843449904 48.763184288473 48.849256310068 49.0478289168872 48.7310597778735 48.925572754275 48.8329201527066 48.6437088924666 48.8753407272329 48.9163556617463 48.9367793455141 49.0882020605026 49.1531001991687 48.9065272319519 48.8728080929608 48.9184405747329 48.740375776378 49.1036186987419 48.7293873559227
54.2456922615231 54.1511883974338 54.8429207359909 54.7044680281225 54.8566868447392 54.434086499062 54.6276337775807 54.456290613317 54.6851095986443 54.4917546494547 54.8195514109282 54.9541967152121 54.5379087417363 54.5837804486478 54.5643868529993 54.7902704261667 54.4347989318864 54.5525007759587 54.4919071700886 54.6233338491892 54.5742503375536 54.9025537657378 54.6574272992725 54.4810173257061 54.6386694726521 54.5046157098792 54.817191504015 54.3870458462665 55.1551749020575 54.7465563536858 54.2657736748798 54.9561176090717 54.4655215548583 54.7006277059095 54.789355182 54.5076948639312 54.7281837869916 54.5485876847576 54.4178130515845 54.6518051047431 54.8264346355659 54.7507929639713 54.8732442929636 54.9868282409482 54.6993661347426 54.6706778344555 54.7115092224928 54.5419118677 54.934901470163 54.573503418918
5.84834569944871 5.86117162220399 5.84814300284444 6.0164399186679 5.91396923605968 5.96425091077757 5.9936698806612 5.87251915098944 6.00741619739276 5.8963169864204 5.92578116308184 5.88719596552955 5.96033807536076 6.02716252722908 5.82862254228381 6.00307822851677 5.90524602521849 5.90149379705588 5.91664544251092 6.03200257116941 5.90186057624822 5.87900931299514 5.80354435998591 5.96704222603733 6.07868505805838 6.09812266643258 6.07523181343408 6.25565779083475 6.01517568603387 6.00848188469077 5.86194293161514 5.98355561125433 6.20554877498541 6.09754323014379 6.00903894984255 5.97475180222913 5.93462680621019 5.98032960317721 5.84518440934042 6.0200049841967 5.9122796709844 5.95911857846994 6.47472902290267 6.15766301134876 6.00044662690716 5.87919239731822 5.97000293955576 5.87012739121252 6.05241329971481 6.03874556414194
17.8564801239281 18.0274905772414 13.4656464494454 17.7074647004925 18.4293285873414 15.5650970483433 15.3328271961779 15.8711107626005 50.5290246689309 17.7025656529837 13.8205883422353 16.1121583043849 18.5532649382563 13.2901569825766 16.5125027003612 15.004977938591 16.8373076002236 18.7943179794638 19.6671743030384 15.8160578207298 16.3105866650097 11.6805265814538 15.4452130287242 16.0572068787881 14.3481034206708 34.2823234977057 19.4074892465998 39.1759053949024 16.5051282348052 11.7161432147484 14.9332993878869 16.6265847588779 23.0481315762496 17.1893136080699 16.5350886138724 15.5763822771337 18.6698066975052 15.3529728874498 14.8445988213503 17.1152205630141 42.7977912443015 16.5406018480053 16.0159005713344 18.7161520261371 14.518909264986 14.9676680216241 16.3898004698013 68.1348200171324 14.4219263755823 20.2420850979786
14.2715172713997 15.2687274523929 15.2342073450257 13.6470479727342 14.9018222812213 12.6107678666162 13.1241782689484 13.1584693231276 19.2420476382688 13.8700808849462 11.8431520399266 15.9676591581641 15.0522527149118 13.057067286838 13.2404862007525 13.5922345318535 13.9168227284916 13.9381891792335 15.2131837979474 14.8067765941116 14.3230023805644 15.5847171763532 12.5039282393321 14.9331026169819 14.3040826056251 9.67074590216468 14.9603117337524 14.8443672106839 10.3868878715898 15.0697820297242 17.1888557907873 13.7942563083429 16.0853361354325 16.1322922302798 16.4091898253801 11.9549170274434 15.8546376926652 13.3186140147286 15.3401948959501 12.6809407018832 15.0581428002334 14.6055971935331 14.4324206573553 14.0565188854083 13.972230726613 16.5274634396436 14.3859977495991 12.3293514287547 14.048982696104 14.7496356259599
43.5362290587207 39.0025037276036 36.5933787514054 34.5837041138734 35.1412013064363 30.6332833665714 37.1533715738802 30.5667568193348 -8.75109656195074 32.9782413350872 35.3613515661854 35.2633465600779 33.753318023043 36.2096190518775 31.9383777353465 33.4446811969163 29.1629368253973 31.1519840100401 33.5850983041555 32.6667869430265 34.5611504476098 36.5197697119114 36.022340082451 32.4621758816282 35.9234172571482 13.1081305662699 34.9461168587428 7.03046616198596 38.9492337755401 38.9326757051934 36.1580004353898 35.5820049129417 26.2320660559757 36.4993556368993 36.8581739441226 33.6522391657027 37.7368508382426 28.485697113044 36.0896963893801 31.1438861066148 9.22785824260391 36.0799485991057 40.2851058357139 32.1887970971893 35.6489484861161 35.2887522522464 33.6385538527171 -15.7351784660969 36.0004451617562 33.0991388349616
0.625157730392808 0.319362153975922 0.721666841476786 1.15587279150631 0.760865510108244 0.478130313937848 0.748529545283819 1.10183371058876 0.60339014390342 1.15373549272603 0.487485966030791 0.829093773790599 1.07110318528041 0.907196743962606 0.698327650972595 0.929459686975742 1.60434606289757 1.00410226504049 1.04073233199345 0.91135562811242 0.997802103761123 0.844408817022808 0.397434668182486 0.583294159812707 0.483145962038102 1.90238077130924 0.741815349687714 1.57717008978512 0.878644115982252 0.745386430661388 1.00873935725557 0.437220882650101 1.13794431404215 0.74072874787509 0.839901030785835 0.699303114635448 0.887628224999965 0.662123051226694 0.784152892698288 1.09918900428609 0.878428023100399 0.88692102383524 0.953915161890246 0.475185243972149 0.497852438630884 0.782836374821968 0.774088008980184 1.58633273623554 0.377325584178583 1.10074172046599
11.3130039032736 12.0457915800196 12.411472027038 11.6125904907214 13.1220841265326 11.1012098187091 11.3289641369094 10.4388246758931 10.2675951228827 11.7627930541525 12.4923294598966 12.6959627723799 11.7254296527579 12.5551002713351 11.8625028568473 12.3236743225148 10.4218375486674 12.5898296812479 11.3464838587975 11.4177609469305 10.2982224177213 11.9139218953201 11.7136367031252 12.3772753740034 11.7179226744885 12.9455866015815 11.7223866226789 11.1875254854372 12.4058218630968 12.3723336019859 12.5950357796762 12.7537660134794 12.2723061147336 11.6738978144926 11.6938140446966 12.880533321044 12.66055555474 11.8196590144548 12.1229734274819 11.6140830218698 10.6402037894842 12.8204284660834 12.1080787470443 11.6053841044584 12.1340836531679 11.8900833202081 12.1050092871646 11.8116134648495 9.86503522152633 11.8149514498567
11.0392673665705 14.3715709542749 14.550452415025 14.7078772305778 15.017557061009 14.7136602286336 14.9118325004161 15.9288093771232 14.8115267367592 16.1629440204535 16.7356025687821 16.0295659710664 15.598977034933 14.1264903371838 16.3811653917112 17.5449681946969 14.0262487537602 14.8729134123124 13.3823096694034 16.5715024932269 15.1182100249363 15.8444832264421 16.115419555573 16.7158266403729 14.0479301153828 13.5260666177686 14.6491646008704 12.6475804617742 14.8918984321527 14.438314290035 14.6169591894151 15.1549233705852 13.0511922698667 15.1239911688709 15.3229308491268 14.4168784161759 15.9247951732391 14.7373961124203 14.690028887919 13.3451931005542 14.1051200993586 15.4682004748544 15.1152390751825 14.2434820520845 13.8767852591323 15.3677592397818 16.2258109690861 14.1128282073186 15.1505022387834 13.1648625513928
14.9120009580269 19.4028738924915 18.9975773975479 18.8575828320891 19.3099697784586 17.250796348149 18.5628324525412 19.7173674417963 16.7603442424951 17.8698914703026 20.849276440298 20.1342706550242 19.6632345809871 17.3465510339789 17.1501415922558 19.7807507232093 19.706149699817 20.4374338882667 19.0079738946042 20.7024963334617 18.9989006763163 20.3464337667982 18.5060782477141 18.8914801757298 15.048321894526 15.1643144310961 19.1611665188893 16.6233382706405 20.7781579754829 17.2093316031075 18.4396695322806 17.2119792127246 16.2259409349294 18.9394318858471 19.542154390092 18.6443136339391 19.3409411846096 18.5838316821523 18.2577343139327 18.8879110134618 18.3611826079227 18.9582369363343 18.9739628209257 14.7933461283685 18.0668036815377 19.1413709191088 21.1629391883793 16.9943678377888 18.3189777856588 18.3639336067897
21.4192834177664 24.3598127333466 21.4397323115651 24.2870300035141 24.1736535839255 22.7251676394342 22.8778728259399 24.6945486202622 24.9877720704434 22.1564109178807 24.4879463599111 24.5492489156051 22.9496420677987 22.9817698061165 23.6541463866534 24.1839499362461 24.4097917584292 25.6918379058937 24.0403807395586 24.2271822787386 22.6540943029664 25.8245746623802 23.9018201455982 23.7453951999399 21.6080302380338 23.3534868530145 23.1369453165444 25.871488569696 24.7686557040906 22.4461709880736 22.4861860799511 22.8297837925477 23.2811956529112 22.2721245683083 25.7088380362331 23.9109698984529 24.1398606014528 23.4700715046961 24.4518786781395 23.9274959613865 25.0355307388417 24.4072442734307 21.3769272900011 20.7458833354245 22.763816116996 24.6653059924767 24.0561208959087 22.4246113056113 22.6172414250314 24.5117068849063
28.4785005626961 31.3350362245758 28.3519714039908 32.3178617214967 30.6548476775952 29.3262632654625 28.9944212955094 33.1948825181598 30.1220461609623 29.3275206343026 31.4252342215699 31.3600879120611 28.6420088154837 29.2992964635639 31.2216430387878 32.798590405616 30.4694019514239 34.2028849780995 29.9535300303285 30.4809057812342 29.7222304751296 32.0859667822013 30.4959172528839 29.3663452939876 29.0864811892558 31.6913733589305 29.108617257519 32.2164711915268 32.0876545399822 30.3193395498811 30.4011039980373 31.9836659034643 30.5251824633249 29.3065286561828 30.802802847925 29.8614321980116 30.8378898764038 30.6758373120129 31.2143307251345 29.3476143470776 31.9069246095275 30.4129714297616 30.390450866227 27.8787529246268 29.562038701175 30.615357157689 31.6301716472987 29.0176027984891 29.3461209699297 30.5392503272516
32.8512334094994 35.1826366811685 35.0982147982233 37.3968081082605 35.4832077909857 33.7019060485847 35.4607702976657 37.0626536329318 36.3808465184975 34.482956503559 37.3379501414256 36.0973614814408 33.2652886800702 34.0442574193211 36.5688680779725 39.3679504757969 37.4145902325785 40.2949099647548 34.0875401353008 35.9534350927264 34.550399905651 35.7750606955745 36.8734434127166 36.2754507382465 35.4243768221597 38.646942406136 33.9544092367385 39.1246002392183 37.8645466641204 35.7420521121062 35.4167532413905 36.978409104184 37.367018424799 34.9532762239679 36.3563535690815 33.8213478091842 35.2714264787742 35.8199974885148 37.802638698556 34.6472696741008 36.7940394940922 38.5215415995405 34.5022656484455 32.920641275494 36.3681933399074 36.0913178247677 37.4673872041663 34.0493311241959 33.1134057683111 34.6711519738507
16.5181921895001 18.9068428895342 16.4700568625356 15.7437164074026 16.5002701406296 17.4757413478722 15.9428429769663 17.0766615404296 18.150212637303 18.3989582616087 18.5190217105214 16.7488000500879 17.7602884193099 15.9318346737951 18.9485456864976 18.9412881738696 17.7965900565 19.7019760508294 16.7312961815227 16.2290823516104 18.5233829577685 15.24234496574 19.7795381139308 18.072977041925 16.4637988314182 18.230271653485 18.0854195859657 16.3816850782208 18.1672390985474 18.0176664139939 18.1230165336433 18.585634947595 18.7238507888899 16.7170172619107 18.429760848606 19.2135398118832 19.3472215400602 17.015919421499 17.1341070294007 16.1110404503663 18.1477382240449 16.2414403027557 19.3362963657203 15.984376816782 20.1612561304151 17.5540235489512 19.0120197000838 18.6856404034186 18.01828150143 16.8594697218336
-29.5196201096644 -0.799583008220653 -62.6078405019046 -53.2633970591011 -6.01012616519802 -104.313508157728 -34.3347267695665 -51.4818287212516 10.4962123405703 -93.9946500458002 -21.7470963388955 -61.7257382830496 -154.780142650393 -75.6049702813653 -62.6640528389474 -69.1722603234392 -121.157680432435 -9.95726569067753 -93.1418341804923 -48.1160601885707 -32.7103940761594 -25.2733053594957 21.0622311020234 -37.2100570984584 10.5004848605233 39.1293017681525 38.0381123882304 3.10703712148676 -52.6023170908926 27.7965604169113 -51.6150524393295 -17.7459526547605 -20.164769440581 -45.148798231714 -88.8856716293288 -26.0134064598577 -56.6924514387502 -19.797949330182 -11.2763559895917 -107.410915643479 -1.32286674690225 -91.0465349438229 -93.1425999758642 -88.6023934026477 -19.4935177702758 -88.6342554418029 -22.892498396679 -0.982264759750588 12.0358012610495 -84.5823685918469
33.1735307992014 22.261973651041 16.1596102302125 16.7959807769023 37.9958590050764 30.8299015673455 10.7571135403108 34.3183242538688 -33.3576624841181 -0.117572810937557 29.4072930188148 23.8349707452465 -6.55368105706898 15.5635928706406 27.8648000161083 14.1001085465811 28.2164048900854 15.0515309959437 27.825217594384 25.3602073448652 12.5088258800976 17.9574459153963 48.9871056929487 15.7093644738351 34.592329260272 -25.4259108512337 23.2615412645895 -18.4197368177412 20.8459441726303 32.8897622697291 41.0229280705217 8.43141106198601 -25.6217797063685 23.9948950656966 8.36185241249548 31.0501140786227 25.4759144237974 24.0222431365095 42.6247984698246 22.878300158229 -10.322445033665 23.8339734913151 21.242914459387 23.0202393464898 23.3445909108095 13.3947200565344 36.2565261775725 -9.98221046198328 38.25385630443 13.4708281211037
1239.36244585153 2695.10204478422 3029.89020841837 3412.82314186695 3340.93371267677 1611.77535999622 2886.68737981421 1733.14236266154 5814.07404221369 1948.48737256106 1651.27773069453 2590.35874280499 2837.62287491212 2087.76797639222 2893.75502184039 2030.20015978919 127.081595712644 2800.66646087792 852.975809387167 2699.13291716204 2592.7292501241 2401.00360670226 2612.14046721041 2999.79705227864 2622.90219969775 4462.80279398846 3274.86388928063 5021.61846980865 2730.61410468716 2931.25016975521 2827.08011956276 2031.79601655752 3163.1969232669 3300.03562571065 2216.79965323512 1895.68164712658 2729.78572371588 2069.27450801908 3301.67189259512 76.712021336564 3706.3553218987 2036.26781417231 3464.09117050469 896.361899774136 2942.24903488442 1426.79685593497 2635.17808113245 4047.14804945467 3095.71756720487 704.167199274508
345.835959231983 296.094346242835 423.561284060684 334.797750567605 452.433369433302 344.064856985542 342.74566783884 406.499022375267 102.284810436827 391.647317356635 273.942952636516 562.668410841195 532.210599461094 422.550567026345 302.783852415342 384.426502691031 474.665125723215 407.55718560932 590.61099898006 484.241225024147 443.979746865103 547.799580469398 394.39724974812 510.664733135547 431.827611643388 355.413671632193 225.38176119023 190.757429390358 378.288783472839 401.615211616442 458.567454183388 365.015805568262 299.299664620022 384.286255275537 394.221777501071 327.472852816272 600.717073778489 354.660928027702 530.500862211315 407.624951769344 173.127695986836 487.489895351801 490.085866262354 389.573717705341 380.364193188949 491.408515837841 444.835076119886 -24.5934436533915 391.350017798722 330.50732491802
-68.8612660323914 -2.83679637866025 -22.0604456908539 -57.5609811954545 -57.3044495472205 -30.1409514338044 -38.2832861819949 -29.9688255026771 -48.9039610557373 -54.1197357132251 -54.8009389704983 -47.0122010963882 -45.023360647595 -34.3435225511235 -15.9591931989037 -12.9693930204855 -25.3908035388178 -40.7134346745528 -49.6837480685773 -11.2124840418331 -52.7690115283887 -60.6934547536393 -35.9775774548717 -34.5990341412479 -23.6783624413021 -46.5827632735352 -69.778123922386 -70.4592230009137 -10.8148405017836 -66.3469550743994 -49.387636724382 -27.9204490748837 -51.6213426533037 -29.4698117142075 -11.6951119561322 -35.541392305642 -34.5717089481263 -30.3999340886842 -16.5133048981406 -40.7064198688516 -36.163915158522 -41.98285472555 -38.052010531082 -19.7030700062286 -24.0039760260027 -59.8113632070639 -77.2743359119338 -48.6426312405387 -11.5750954216153 -57.9581653095069
-19.4656765085518 2.50881122629371 -0.410852270152723 -14.9611750772873 -18.6934668425607 -6.26772610880038 -18.954865654075 -18.3496935796779 -7.31251191857698 -12.712456138671 -6.27954340117449 -20.5528533899982 -13.5403931019553 -8.97183524674794 -2.31521102975674 1.64954860384965 -9.38298360032207 -5.33518171242611 -14.3726370464522 -4.66176513302285 -8.80005986603496 -8.9033533832135 -6.18374153224731 -4.82996706341436 2.17993128451423 -13.4221164127966 -18.4255989387211 -17.8845814729583 -8.22356603237449 -14.8117618415525 -28.4988961469179 -2.12905276558434 -21.3023808571817 -9.34886939655911 2.93067950544428 -5.24413298819355 -11.4366092864131 -10.9381653991481 -1.30009710864284 -21.5962017664408 -20.3576071391148 -14.2346330646419 -6.85876815035456 -8.40419831412723 2.30222710388589 -13.0279156068422 -14.7309402733393 -15.8516268673564 -3.68810232395879 -15.9209369046135
1772.54389003151 2266.21833666079 2275.69860987431 2919.60959703506 2682.23432154839 2805.1990295698 2345.25045829623 2836.16557787767 569.886695070257 3335.12864890106 2776.35573281504 2731.91948992045 3165.94553572285 3942.58159711604 2567.31606380768 3369.17923432659 4611.15225958456 2756.81025238396 3731.23089276495 2686.82242616103 2690.35272609306 3214.57324987016 1802.01912638867 2419.84294071285 2014.25567630021 1564.41768293816 2282.02417122716 1576.0796751406 2292.82986252086 2326.30408931761 3344.77958360363 2406.53564664584 2916.9062392113 2475.84267959931 4490.33807017246 2402.49456618244 2995.01630206998 3944.75127878713 2422.15236733783 4761.5255627876 2849.36789451198 3427.51253828125 3306.30268023299 4574.5259187475 1991.2907701123 4508.14691869458 3275.33990262077 2035.00909183736 2777.50419000256 4724.47541479833
849.488489864182 718.751893771713 719.462970984525 801.884290616514 1029.16891668134 841.349682095283 878.653206173424 830.069313667785 -400.928406895263 960.128153488492 901.669531834813 949.969327021835 975.814380321464 976.239237409179 554.78544352579 1020.77229993439 524.701312393424 708.646695363343 707.99638528067 861.445788237064 508.598171039538 645.648296527261 888.374923246383 906.998120299828 849.772351857688 973.20873657922 876.87166900856 1246.03822418441 1038.33297832209 899.274293122067 595.396025063675 1050.14559488157 957.781635627437 869.565191704968 780.009727183261 705.511876078543 856.223329705367 854.183116216388 570.779309460758 802.444421356659 -265.145982217242 971.312931092586 964.060837761305 923.212998303588 818.855033705665 962.293688015821 949.074669495639 863.400106555848 787.206890153519 1094.64117214258
59.2573660172961 56.323178320153 133.50540982355 57.0712362524956 46.2402872003835 75.7468318276749 85.2208239015902 36.7057954417835 92.3173600689172 133.155828839957 54.0729241231811 108.691726688907 116.655006331979 70.9884990041818 39.0905012293061 94.8439718680355 62.4222505056188 38.223646954865 71.712205835864 39.1707188322118 97.5760377993213 41.7672443054322 12.1463349233899 134.73435937616 43.8344415385903 193.185861844315 45.358281962631 159.14659820061 81.3103740116562 62.8777994631849 35.6307628805191 106.928803222527 180.727517277339 106.002920812294 127.341888924852 54.609272835023 87.4220756299377 75.2219565792754 36.1613298763995 33.6022416922712 111.352679375507 84.7871062538833 56.7516191977573 76.4789145810879 78.8800200769572 113.970395310814 37.9772734173949 85.6734057116755 51.966070479886 90.8126216742008
24.9264723571714 29.9068121197553 42.4478809935237 28.4486209389686 21.6750194162539 28.4528243394718 34.8467753985519 22.217266324068 26.1620045873151 58.7131760958036 13.8601269752359 36.4635319905387 63.6405856853795 35.9254583037898 20.4885077125435 42.1158620139572 36.2359237450862 33.7079776447341 30.5148479301893 22.8069011858903 38.7386612117168 25.8942345882457 1.18505240472104 36.8691186411975 27.1470838845282 17.5562661867893 28.8456456586502 30.9386610947665 29.1634780050942 24.624214657701 25.8413490193519 45.1100700414339 86.977500078535 49.3232814476264 41.1653232932197 20.0207411911245 34.6177898784374 37.1251273273996 20.5979181963658 24.775864574696 46.8915524644559 40.7230643152184 37.150000317855 38.5208246172851 32.5042992534879 49.2180643634589 26.3407174156941 29.6894052665388 23.8979890390791 34.7753920855126
8.81672503041598 5.99634467840707 8.31050580910117 8.9634870028757 11.4888074488604 10.0845322397735 5.72002536628808 9.18147584006326 7.7704344946535 5.74881411525649 8.97464122361436 9.13921225926939 9.50280301752547 9.57115418999109 9.24691292444924 6.2646337416909 8.76673668475869 7.07922205221822 9.72283797390753 9.26167912281491 6.44525885686711 9.25739050278157 9.13203616688203 6.95672093456635 7.60924187207203 7.47173836290793 7.34991866518574 10.9586509471412 8.2170685294279 8.90138571054166 7.77803983992773 8.33305557568756 7.19481363176903 7.6529616628951 9.09589565607891 8.49451242639307 8.88821334623174 9.34953310072813 9.4031505827577 10.1766808207274 8.60010098851898 9.46005186280422 8.06109028500522 9.2243713197798 9.82962943512053 9.53856001473536 8.41982215876821 8.85629594796132 7.8046123082438 9.37494477130228
45.4027965156373 29.47168064916 101.570874616702 78.6005730160608 39.1597795244172 68.4105388058694 67.2917962586156 27.6315475552574 65.1684175246442 113.831065379698 52.6628430144976 59.5145088773168 138.659599685689 69.1108490121828 51.3860381827821 128.048438105688 100.156418678224 70.4272289549461 71.7609455608395 19.0558427459386 67.1229462802512 41.0014702282729 11.275403785919 85.6917131347572 -3.59856018992859 98.8794298626271 57.445963257817 119.144406981123 111.023800260167 53.0123568819275 49.025917882218 82.2692035350949 132.306839208814 96.0745511748701 103.898184129806 70.7394478987536 80.3532729091694 48.2835095982446 30.1963427100254 51.2013245786387 46.7547838741803 99.9549160267836 89.1839356879278 64.8840879544169 95.9519164879904 129.809212959435 40.9731336721188 68.9401171332685 33.5704158409642 81.6522874368155
17.6461603268566 11.9067918036893 36.3111378018425 20.996339026304 21.1138596824677 21.0805819003681 29.9693606069688 16.4779263377751 6.95348626501756 43.1862927028939 16.3340389025103 23.3822395736242 47.3157771092991 31.8585192386727 3.53768383857572 32.6407313585056 32.6809000534241 28.1423819682675 38.3827567833648 10.0680142589201 41.2130930337098 29.0795848788547 1.0571007564196 50.1164023782784 4.70740434460021 -19.1305713356752 16.888137214113 10.6678470196671 28.3749257989316 16.9418587948362 20.832263423063 42.3687233981147 39.9463179296839 28.7118321778263 33.4979618951757 24.3118360859273 23.5626581754718 23.6243975588333 15.8028571858509 29.5290057840472 -5.40483165407833 36.020297200953 37.4575523329965 31.2579351066331 34.3045439863148 42.0602795638603 24.7806705777432 3.44997908017281 12.3964211926948 34.1721990836984
9.30629873336125 7.97657270352175 9.6525911805864 9.9031105403493 9.36591062611878 10.577790996693 5.42934238273279 9.39153190613978 11.7350590281277 8.45985740250655 10.0837545047912 11.8460046154317 8.88772923160426 9.7180823484359 10.1715455120509 9.08854859963375 9.30543009179472 6.15854968308556 8.91798188093304 8.09314335393842 6.78835159612908 8.41780760405793 9.63302675923849 9.23630348813674 10.1482214997699 6.02437431871828 9.08033922677935 5.48454120990721 7.62616274006153 9.53697196754608 7.80430496144974 8.21401885676631 10.9528193963031 7.31318483046317 10.1845423990112 8.48388382483626 8.5980863215762 9.56753060607171 9.4714096906043 8.9823726678842 9.68779957200045 8.12486850643251 8.66921478213484 10.4487045411939 7.945170709266 10.0102101092913 9.9503510763793 5.44770282427067 8.7039795306933 8.73699324209938
61.739875957543 22.2174422233451 57.981439943733 29.7853721052318 52.5570233342112 49.6733229581155 63.4699793823612 23.1488327956309 39.4972014486485 70.2866988104451 39.9520979468695 85.2038858479179 119.000837028156 43.5445775127809 56.8076548253853 69.3136702341133 53.1030154535453 76.4906274677856 69.387800355152 19.6093360999386 59.7003773642006 66.6953467747237 15.8984895546682 67.3292309154211 13.1938002913695 159.752534064439 48.2131857705358 66.4284815849942 51.561643439104 40.4215766463551 15.7055253400188 70.2803844839589 74.0327169955115 81.262366096953 99.4905084010119 33.7733805720511 45.9298820162291 49.8244632538214 9.62116349504636 54.6988258442786 103.29291688486 62.8039744911933 102.085604054128 39.6543563686032 81.7792342005388 66.9561908123756 -12.5486706391082 42.9510849265086 14.6143971373005 64.5440725851681
27.3087529525611 13.0908304832457 26.1879490325493 15.20987270897 32.1576574118036 30.993951897047 31.8663102975908 18.4485995433629 4.30957175393121 33.0441259766852 31.5137432201263 19.4566558058943 65.7753101675373 28.7834112024836 31.319631863213 37.0178610007968 39.6923957818647 40.7577241729435 41.9069821650594 18.5344472349938 31.9180660658087 32.4599546184699 17.6597914631428 45.4688573959529 17.8827123263752 10.5691383375739 29.050966883076 7.28082562363064 21.7861893788208 28.0095834747827 14.938271712832 29.1170471287213 29.3813319301782 28.764700064071 41.3710630561286 25.5087901616071 24.3957582684456 29.1509180005462 25.103974653774 29.5304720198122 14.496461345561 42.164063703183 42.320029498746 26.7628050842798 50.6430764658156 34.8939482542259 15.4578920156612 6.2773871905365 16.2652157186146 31.6729782836481
0.74144045880667 0.16428810755282 0.336425829126535 0.808552158886488 0.970393569540605 1.20977586600709 0.464788667897923 0.941631734096135 0.782796654079183 0.680079730685415 0.577833893283715 0.822507027901031 1.08341285540254 1.01197037143429 0.403648988330782 0.729137509728389 1.05197335505303 -0.0571130068766131 1.13871708540079 0.949647292191746 -0.0118825932914532 0.73957124422681 0.485872994048396 0.594449154960157 -0.209640941292694 1.14423875360433 1.02852863273726 1.34308135242761 0.579228101554417 0.809518414023045 0.127659697100025 0.606751851725228 0.292231454940107 0.233994888175405 0.262364954287681 0.558801949132901 0.625532217120813 1.21907015189935 0.235680590601565 0.619558758675063 1.06094950157749 1.03076988546141 -0.0201935265148511 0.993715936385323 0.885085038522203 0.828335094745008 0.93613325079056 1.07570986810607 0.944056930591356 0.431843874508671
66.2679609864554 45.8493921201971 64.557293809515 72.9929415992956 33.7073432169345 55.4302086579566 84.2886858826202 67.7195232924477 55.7588710497858 56.0009476176321 62.8353383355694 60.0057332817684 106.383778421033 37.7743905056944 53.4768387074817 75.8770104284446 59.672101611226 65.2736542154515 57.8766862985978 26.3754900211327 59.0766037733802 41.210862157103 30.6363974570434 48.5868860405943 41.6755333343166 90.7908389440955 43.155290344214 13.4260311459881 58.7529700554039 46.5804549538127 31.7212318381383 68.4833792479562 24.0351608138083 123.180937928733 73.9685218387172 43.0181078094756 48.1413882662252 72.0762844546717 57.9114282812953 36.6031280321317 9.87530321490894 62.2791096823822 65.8129595424209 60.2415976638962 79.7167986463703 69.7955467683267 22.9792604340351 119.792973373714 35.0236317493208 71.9608211250751
27.0054452570143 14.8081093025397 25.6510766923297 20.4889109288723 16.5573008145394 28.1098003252857 35.1187032999598 30.9296358441438 25.3701899080957 27.3959136371853 25.7838819268626 19.7613319466036 45.9893581874668 17.7267302393798 18.2262440458486 32.837146238441 26.4722117368283 20.0793247770223 27.3993016274954 6.68580360163749 27.9413068816619 26.4226296018502 15.6294897964853 21.7430692382921 19.5931501269173 13.5604325592744 18.3299152580936 4.06264720809206 24.7552178449224 21.3115405774722 16.6646091326124 30.1093696759183 11.4969717624618 32.4197637575286 28.6433090907088 19.8339382246842 22.0070365726068 33.6564756637106 21.7946978066047 18.3342392517092 12.0142255890046 35.754618393289 33.9731254072509 22.380995116791 28.9541251559154 27.6265509171487 7.47913240417869 2.28558505365332 12.1445351205353 27.436065377291
5.52020075063752 4.89527400634472 5.72453633119132 4.76717568170745 6.01730847912779 5.97637978705909 4.74410719188182 4.60556867800882 7.92112083625513 5.75447121985805 5.85509873797627 4.68502334770441 5.97582250393791 5.55407977823075 5.08499088184522 3.79053030009468 5.75128042509177 5.50279963739415 5.93578131430221 5.50848650478084 5.43807393358379 5.95397413930298 5.47461000130045 5.41765555917562 4.22333925884338 4.76438487967082 6.42715780544708 5.95895815313155 5.40161315153593 5.7622670747296 4.47057511122906 5.77103062366872 5.29082411374134 5.18720009889457 4.84041975985332 5.14252605405723 5.7017203058791 6.11322116406799 4.84854862367588 5.58055830686104 4.22402605993533 6.08364575048132 5.58784471070348 5.82327375062545 6.20719298223965 6.25110528353295 5.616282666841 3.47101691367195 5.97106104116823 5.63092599088328
376.35455418675 164.351337589743 117.540697584108 211.714318421117 137.298144980114 228.507597176595 140.318093818167 218.725798890861 226.970616830933 164.92760327927 172.806307129323 242.798509704256 224.611767420545 250.166949955463 259.897885345674 217.044930259153 301.419177795068 153.730648055977 310.665675335802 237.707724442573 129.227255195066 223.477570888354 155.272486727042 128.080442585993 143.391057604951 8.16276193970844 106.059835340024 -26.5574340637366 190.552545901999 87.7059681624423 251.367362196171 89.965115592218 107.331049558425 121.537126851201 271.815338681709 154.459917189071 222.298026684784 216.525472277459 158.245597831305 315.828381409593 159.655654560076 226.07138182874 213.515896309635 227.400287116003 102.457380600959 228.230383016747 227.993778977784 188.859572306364 164.721970527659 275.190173495798
40.8056887605932 21.8438260945655 35.7950656850282 38.8184490255769 37.3788175064942 40.4423637694724 31.1243007599733 35.4872667985881 -5.4503600113073 34.7641391835862 27.7568601623168 43.4687123925335 48.8317695690122 41.2448951207119 40.5144862252464 32.4447602544016 50.6966881988589 28.0532283416067 38.4641482379285 30.6782747923926 26.0379725014454 62.3534731879443 36.8238181658274 43.3335915131163 33.4055743784757 14.1599647599055 23.5102979469473 -0.329359651771715 31.4796358859894 31.921440987055 30.5638363528076 24.7476385778477 18.2636572204623 40.7107592078065 39.4199556599935 30.690321776792 36.4394739844802 17.0952302966894 33.3606819166035 49.9590618724364 0.322801205136247 51.125388980159 47.9836309738981 37.8458629179723 30.7648617476664 20.1880071206697 53.6784068142519 -2.3564718605851 30.0836532223657 44.4092141841329
