34.1071889569907 34.1408396053254 34.2087907681149 34.2339758860223 34.1844397761693 34.0862975345081 34.0305304152215 34.1280234836553 34.130658033403 34.1188774187514 34.2631481950135 34.2447646023408 34.179107369689 34.1431977940043 34.138441562445 34.1205521612568 34.1049683110672 34.0480042896992 34.2401887725382 34.0726492479759 34.1014474992254 34.2416862761518 34.2714333599871 34.1301837354855 34.1027308945998 34.1976067150126 34.1207405578034 34.1277385841979 34.2122404690473 34.1598227530778 34.0542355199841 34.2409647795003 34.0832714398506 34.1058005133632 34.2105392311418 34.1180896095134 34.2214803286419 34.1341316554315 34.1766767072548 34.2185231766937 34.1693576359536 34.2230522308565 34.19246558655 34.3005194838329 34.2288803171019 34.2687309732822 34.0818823934982 34.1513871274745 34.0894850008631 34.1739668713023
36.3580754942964 36.4227240790763 36.4762126995592 36.5816611889662 36.4583627057898 36.34935853459 36.174166216707 36.3919590547221 36.4371268885784 36.4122893643278 36.4482228751387 36.5523751533292 36.5101724506572 36.3834429886324 36.3717843027782 36.3361535782061 36.3678324195442 36.2618702691734 36.5244978113454 36.2823039851955 36.3451606405867 36.504786858547 36.5539623764903 36.4100863877746 36.2853283378666 36.4550832644743 36.396444643761 36.3618378650056 36.3950477391042 36.3875073699675 36.3129378980224 36.523900693648 36.2445317604547 36.3488760703468 36.5529736396695 36.3154202916636 36.5843887486176 36.3442812478149 36.4622258421243 36.512511033159 36.4500222047128 36.4867703944523 36.4834776931597 36.571818376267 36.3985710146392 36.5001940554544 36.2646950852675 36.3745438245942 36.2319745660301 36.4198165104571
38.7720548321346 38.891320240714 38.9248183099889 39.0326321860243 38.895302743299 38.7697259510017 38.6008163635538 38.8593187576694 38.8628041926194 38.8289399865934 38.92382690712 38.9947040282964 38.9248040729288 38.8504556723805 38.842590011707 38.8115392956744 38.8316481046557 38.7187512389883 38.9950765896233 38.7372611869302 38.7897390842116 38.9365086975662 38.9794577266309 38.8448657654797 38.7321560753467 38.9033037957902 38.8345855290359 38.8423153504935 38.8872760563478 38.8410401211554 38.7639047759381 38.9865527128803 38.6652901758977 38.7995736892314 38.9917616983144 38.790733219722 39.0167324634271 38.7838790696963 38.8991275190703 38.9670724920001 38.8802055538538 38.9500884981988 38.9477408746891 39.0664502700991 38.8803653446786 38.9764643549996 38.7479936051783 38.8286704982077 38.6784805189647 38.9061602410707
42.7316329858832 42.8480895681077 42.8957287719296 43.0067217459285 42.8746474399055 42.7249707061196 42.5479111218826 42.8139421504586 42.8299454644387 42.8010893704164 42.8859920636211 42.9674479449092 42.8766799147527 42.8108456601802 42.7893898007996 42.7675539148042 42.7835008830978 42.6529061922109 42.9839552335111 42.6655349958551 42.7557518041907 42.9263410978733 42.9606248352802 42.7821754173114 42.6845070772028 42.8936611827727 42.7851166258621 42.8023255541343 42.8658117010512 42.7927475861306 42.7269921827565 42.9625430312605 42.6336869544806 42.7604803070238 42.9900497255894 42.7168993900351 42.9947841103708 42.7208172939945 42.8346086934332 42.948325113872 42.8510467261118 42.8867845874487 42.9026396845608 43.0370583784653 42.8242838125662 42.9448586527439 42.6990732210761 42.8085958052292 42.5919932645685 42.8925932397846
48.4787831884724 48.6025731429672 48.6669491111262 48.7538945402013 48.6325158263094 48.4501416109072 48.26899644549 48.5319758313081 48.569552158675 48.5403447090059 48.6572129301236 48.7128676359112 48.6079550010053 48.5527291883007 48.5419701907793 48.5210443665917 48.5230834286795 48.4105808738576 48.7371481502262 48.384975077793 48.482965561573 48.6786505005488 48.7228255168347 48.4893372833515 48.4223149075519 48.6461575517633 48.530094750887 48.5292563619205 48.6059160919867 48.5503729015421 48.4443653460026 48.7126975396888 48.3636962465024 48.4957263195423 48.7435091328832 48.4635194503493 48.7536347098051 48.4731159682639 48.5726429694606 48.7159727518417 48.5929501566701 48.6231816060377 48.6456120466239 48.8092857548104 48.5764726169228 48.6943785018934 48.4152423581148 48.537346731385 48.3412497551477 48.6226389328073
54.2112516591818 54.3330344170296 54.4148547308654 54.5314652870542 54.3980855735496 54.1749929669553 54.016496157757 54.2582508024924 54.2838993954521 54.2812946687497 54.411725921743 54.4682305670825 54.3696624649557 54.304158776178 54.271392703748 54.2653277172872 54.2274914030791 54.148738639512 54.471592226593 54.0981981171327 54.2203009552781 54.4345475297786 54.4647167134783 54.2646717364748 54.1687916569333 54.3903112211418 54.2502820148787 54.2681461241282 54.3553703372432 54.2874147612064 54.1795067301381 54.4842777518523 54.1027873444218 54.2416648564628 54.4823812103157 54.1920407516794 54.4884378407451 54.2178685239492 54.3264021025344 54.4542084631034 54.3139239268733 54.3904193400394 54.3942095485733 54.5616895775966 54.3308550681331 54.449707504165 54.1548595826595 54.2907204131202 54.0830350958268 54.3816162361374
5.80197836490104 5.81894459123639 5.82696599491935 5.81072882132567 5.80932694093073 5.77803311799587 5.78824458596988 5.80973888804116 5.79884260859889 5.80750086893144 5.82048528468692 5.81509439288814 5.79542521351609 5.79796538668338 5.8180965986398 5.80042431634306 5.8073191567321 5.80265871997683 5.8264832664699 5.79525442858808 5.80634532769331 5.80560057477832 5.824953840816 5.79537669815101 5.7978064971062 5.81736666337758 5.81082432791378 5.81739992692577 5.82842087950468 5.82225026180233 5.80932641014602 5.82967378686136 5.80120090724115 5.81934715848823 5.82094901841336 5.81626482694425 5.84330399341003 5.80297239909788 5.81112562507339 5.82324003936642 5.8102961429987 5.80704044281897 5.83650203466143 5.83404711002299 5.81713962845829 5.82553374885747 5.80676275358936 5.80753930201558 5.80796542518414 5.81806940019703
23.861233641233 25.0842638893311 25.812655447407 28.3351159242094 24.8941135115316 24.6041121206507 22.5025554687391 26.0088663924479 25.7541518662207 26.104623753248 22.6971100871439 27.4529840698685 26.0192844286364 24.0500810196818 23.7318307370188 23.9975397663563 25.5417276865166 23.1260679041638 27.1865007460889 21.6920642891857 24.6548617716317 23.8916232687198 24.2770070868633 24.6296121808307 21.6126575958182 25.0407694106245 25.2948352591265 24.6798042259761 23.3842021275657 23.1114654086315 26.4481085736928 25.3399276484052 21.6926781569599 25.5716796423548 27.6920914878526 22.8214717465377 29.4844544191417 22.7652192633277 25.8642564100291 25.6136409644714 24.2904885601014 25.0155718258359 25.4227013762132 25.6801166813884 21.7606301157965 24.5189807189427 23.2163063362834 25.0247171787376 20.5807456287557 26.0911581208841
17.4060592009798 18.9747448448797 18.0169323192569 19.5871321535099 17.8747637515793 17.8572902912129 15.7894067578484 19.1090201971484 19.2247262622009 18.0723127298732 15.6383109026954 18.7608131849002 20.3583290366103 17.64691692243 15.954098659352 17.796473318039 18.285380833904 16.9207820036508 18.6644715829108 16.6719592372244 18.8569101277512 17.9341711139195 18.1750782961822 18.2360144843561 16.9102514892808 16.8669724292555 19.1069007920209 17.5642305945767 16.5315407069599 15.6413339893843 18.5580372650431 18.597382438525 16.1724385987771 18.2129973902439 19.377473644659 16.2620626405347 20.3914885423667 17.8403541666738 18.9352149932255 17.4867920947015 17.5217963020808 18.7213737689782 18.6143666976747 18.7062292066274 17.0629572692703 17.7713444361617 17.058257465058 17.5787541136155 16.2822771571045 17.9663939720704
46.0074757466899 48.9465599536754 46.3158228213687 48.7443983016689 45.7613680555357 44.034524499199 46.9401271759667 48.9146627383258 44.7974573165913 47.859330335239 45.3040435223191 48.3797387612376 43.8038305288038 42.8901614799671 43.4231407114182 46.9071505800598 43.4260513705233 44.6955449408633 48.7460947157099 43.8435002649785 49.9744265120392 45.2265555196411 50.2453067314895 45.5709061895366 47.0348301209518 45.3089506350524 50.4851915882636 47.4015570827991 45.6273500628457 46.4937321605243 48.470361567355 47.8387713971235 48.5677607667955 50.5408939153196 46.3049347528163 46.3367595024211 52.4876542570479 45.259972270892 48.411454959024 41.4196865240175 44.3859019531468 47.9322292743877 47.4686553232467 45.086642058766 46.8066092033922 49.6278486818683 45.2099265784646 49.0197718104844 46.2790695571285 49.2807763727275
12.74027474481 14.3472266669074 13.0069888978905 13.8557776952789 12.8502820014453 12.1185550177309 13.4268301403851 13.9823018650969 12.436297469042 13.9975861740385 11.8449593085753 12.7072041888345 12.4069123001428 12.5421638488042 11.7190963008025 12.8474397137564 12.0541375603799 13.6117060909478 13.6903641765777 12.7042847366595 14.6944078995172 13.278827474631 14.0726435289827 13.3429489566416 13.7469266432307 12.4274685619009 15.1372412930972 13.7448495858507 13.1996395845467 13.5317155564892 13.3805209284902 13.3267403518596 13.7598718439096 13.9500110362323 12.7173553361898 13.0792689324524 14.4312427998352 13.462002940467 14.3335700949112 10.8152260831223 13.2247492051507 14.1632484755879 13.8452488255405 12.6711796219375 13.9536449369727 14.2058886276972 12.738315358355 14.0740749591257 14.1304157270804 13.9785805703048
10.7291525222616 11.5585367498705 11.9494058884642 11.1510660413775 11.380627916157 11.1591759307061 10.554324437755 11.0891131276614 11.917849327823 10.8257873872111 11.2527943416033 11.9100522052232 11.3660621353634 11.1795452088816 11.5346928223895 11.3346184797383 11.2313133744878 11.067458770409 11.0405067085085 11.173403452056 10.731899639559 11.6974764101395 12.2776542386284 11.8391398629703 11.6279207326208 10.7764456133779 11.8499187002208 11.2283080783488 11.4705499237524 11.1444375904356 10.4203991660824 11.2787688785976 11.6761564126897 11.2993614979375 11.3581895750288 11.744503004647 11.8642752155421 11.4606577295605 11.8838831927904 11.2711477242677 11.4825294936038 11.3288230147501 10.4527149731208 11.9194371545521 11.318367320358 11.661567873006 10.7057752804766 10.8683385565071 10.7531753387628 11.9673223014841
11.5768327577235 12.7608600876393 12.6765271874738 11.6569629426442 12.0153117283543 12.3633167627889 10.7789544852129 11.4448114047168 12.973037374867 12.59536523406 12.2515560084236 13.8708588242602 11.7049141307302 11.8622960375507 12.1922554675315 13.094878211076 12.5702545545374 11.6029189957066 11.62130555776 11.3769093088056 11.9431538112468 12.0677988260531 13.9754464501117 13.6702088667961 11.969829593368 11.2697113073027 13.3103145031647 12.0142717960728 11.9623949471024 11.7121216522077 10.3028845341421 12.3022480394811 13.1439590886277 11.8153331994189 13.0915588050323 12.6333691961302 12.2496999101515 11.9350822958253 11.1492158165569 12.9234779149138 13.0097364025026 12.7511147152103 10.7792579147234 12.9946707257102 11.6998599206205 13.1697842753749 11.6513836292492 10.3300635266688 11.2508781336207 12.2998390955739
14.4305011517824 16.0876075911879 16.7258518201809 15.6926772737971 15.461710352621 15.0109217097433 14.5778706220137 15.8378470522372 16.7819343534271 14.9214065206157 15.4358708827899 16.4073369466906 14.720029781895 15.4913220377936 15.553021711645 16.6214078994815 16.191297213838 16.1671758719593 15.2313518655889 13.7907137041036 15.539163095949 15.6862408593663 16.3031977771526 16.5306815955305 14.3582269994783 14.5619637823657 15.4179496638649 16.1137150850396 16.8720410330488 14.7053920959509 14.5372521542708 15.0625422323084 15.5048500599247 14.3518705354896 15.1971338750231 16.9216368505896 14.3307918557795 14.9323344397148 14.595764482695 15.7645941016268 16.1466779265403 16.8453093581528 14.1496089668868 15.6511659175969 14.7015856831327 16.1699998678478 14.6071216134312 13.5145435374422 13.9859802145053 15.6351044310883
20.6768972397682 21.0382055985825 20.4437154107162 22.5043176657039 21.3517335232262 20.1470341882728 20.030819911334 20.766327909503 21.1315889925415 18.8214016642941 20.3307488143027 22.1773034879784 19.7128836513854 20.6676997425665 21.2682365787678 21.9609035975779 20.4045811105936 21.6868606147403 21.0911983717304 19.3650624822459 20.5518152679307 21.2197114770089 22.3694181574148 21.5262769235617 19.7138531250217 20.8700692500409 20.9855788970012 21.7471579273099 21.1014455815783 19.7578641174986 18.987721315079 20.0778844713753 20.8480779401351 19.3767569697093 21.1498905629286 21.1304893579021 20.29367523972 19.9309739769884 19.131608611919 22.2253718143757 21.6381010827624 21.614694052401 18.4001286923045 20.3079113335844 19.9703494945504 21.2961778221678 19.0036805769923 19.4400617719415 17.687161062022 22.0775471330388
28.4792206685583 28.2391573848948 28.802241013132 31.0246752145083 28.0324509807432 28.3733575950754 27.5043124551447 30.0042252136403 29.2969053682869 26.4072332335527 28.7852654651707 30.2493386264511 27.5376542078664 28.1686707439557 29.3220486241564 30.6496393461406 28.3662815291155 30.3287181273513 28.2644172870503 26.2507738478351 27.1376434432608 28.7878159183519 30.8414000929302 28.862154910914 28.0036157992037 28.5607213358148 27.9554022664835 29.113610073955 29.6846096209877 28.8361847739715 25.7843753698343 27.7850787205762 27.267550595506 26.8317362483082 28.2960729796013 29.1770346040902 28.5949954331283 27.8543967663767 28.2573842644063 30.1050632110772 29.4974109636768 29.2223369508061 25.8054792964432 28.2497693134296 27.3798741164729 29.2264201908443 27.5947880970484 25.7279912659366 25.8196225044014 28.9028303591125
33.7282859508246 33.718292120502 36.3133776219463 35.4822723086869 34.5201982364674 34.5126627967572 32.0737652999668 34.5906305581257 36.0270436731066 31.7062887549841 35.1355455184018 36.3141955723816 33.146188879697 34.5785933284532 34.7971262856369 37.2697638325247 34.2527966107754 37.109844272751 31.9416472162011 32.1899338819671 33.6914669254723 33.8111251313536 38.3648572459977 35.6672436144577 33.6392896242615 34.2057563387754 33.7308317428459 34.2937814605804 35.2393875509099 35.1517511417807 32.3218994058442 33.2630801849351 32.7853693626867 34.0631754329714 33.7525023186871 34.3390443409615 33.6957613525465 33.6532760840441 35.4679419042795 35.835754783118 36.1536604321129 35.4221457814646 30.7749569297931 35.13523334407 34.8072365004666 35.0968004513875 34.1758700884571 31.6058212944435 31.4995883782371 34.5258838494163
15.9748263625114 18.594485288452 18.0544391492268 15.5177865184783 16.3914351885622 15.7466665680225 16.6431065508376 18.0784706856393 17.5090453590419 16.2117376541533 15.9721803512569 17.6661580411469 16.7044608318042 15.8490705070659 17.5162795799701 17.6745452569604 16.4947498384449 18.217742486836 15.8679622543962 15.7597618512043 16.8701896343119 16.5679064119951 18.6597481386558 17.7890950488449 17.758995142758 18.0903090884629 17.7590025112063 17.9667206931636 18.7129060425993 16.6035619190623 17.2620584845719 17.3345729645769 17.77748863461 18.2317577559057 18.080128640165 17.3505333527764 19.1261270972518 17.6975013897061 16.6514694747215 17.3821332735265 16.5496549024092 16.7875447779569 17.4523248362676 17.3242480368736 17.9570032480281 17.5021245401952 17.4086934302343 17.367572466652 17.6600160063694 17.819597428343
-96.0929435071701 -149.131406679577 -126.4078952252 -125.418418959445 -94.0291008123185 -89.517955196031 -91.8241523254605 -128.994927703828 -130.941257676272 -134.466917213071 -87.941091416274 -108.655654421817 -154.261233609156 -94.4411543887103 -104.99938661564 -106.749320138147 -117.648189796517 -106.916269588867 -119.391633424279 -66.4214082653531 -120.957897197283 -79.0240372875674 -71.8256807025045 -126.748313539832 -67.6802671965495 -145.1513822051 -97.2535963089933 -118.284996406581 -108.829388369102 -93.7390899241048 -82.099234086798 -139.593449552076 -92.3545279400559 -135.226612664004 -171.664684594489 -86.1208936764097 -131.867597902422 -129.424566054022 -111.260295234812 -118.229846219094 -127.510543761883 -89.5622123380741 -119.360060204893 -128.242321986155 -82.8613836248696 -98.1718420978938 -64.4828539101673 -141.702417751667 -84.643137625529 -131.253977989941
-37.4096677375008 -59.8727867812306 -57.551872046401 -54.406042193613 -35.5127901980457 -29.254863897791 -32.5403592534865 -43.0379707804892 -46.2208272932458 -54.2040574424703 -37.1233369640249 -38.1902420215444 -81.9959714457397 -43.5799347293898 -29.9742004203238 -35.3597311627479 -38.3317627121598 -31.7026272131926 -34.9708524045302 -20.7806305727695 -57.6389772458311 -38.6525227043372 -19.846551455345 -62.3903388878591 -37.3241961431853 -47.3553244729633 -62.9055057368352 -42.4457819915953 -31.1386365743809 -18.0535697888338 -29.5518224198083 -74.8607841113049 -52.5900491858452 -51.935781982369 -67.3378416750303 -30.5650617410151 -46.3443896775126 -59.860009021917 -22.8494001453601 -36.8886766176593 -33.6104764114949 -39.3265095920779 -52.5892019985741 -44.3544313024696 -44.9476333718502 -33.7170211527548 -19.5283808321367 -35.3587604000113 -24.6399439928802 -53.3465961961839
438.428853878442 183.575095569278 674.382511941542 596.513164936719 306.280780214262 37.4307980821957 502.291131624421 51.1634582759084 -89.8962878104372 591.689284320686 282.981542306976 117.918404397523 131.132584434007 77.1865021864474 284.543414960513 76.7932784598644 -89.8996852859215 587.379788060229 142.285911166232 312.699824400983 505.503498103433 373.910674640341 316.320432923865 470.602790912408 624.402615955015 163.905331799718 891.133137614965 662.186771131826 387.982273252935 152.705498237352 370.38774790601 598.724515198399 826.227297529106 193.512083455553 -118.27893139208 316.893869619029 344.709891220377 125.183173832433 199.558156950522 -285.005552352325 84.4480819959884 407.87476735794 267.207443978947 -269.288777845699 393.26793078434 220.417490763002 315.569851581891 -333.794531382876 468.847358996717 540.998398017529
661.200439921245 871.92389710768 802.737918508265 911.235555914949 817.423093567798 721.100849990886 720.431452598467 709.859977109206 686.508674559887 817.809944775619 637.276651870537 761.14125865293 819.656037000543 874.072878461672 675.312096503597 661.172207031151 819.722588981482 811.663170475959 801.283537184668 646.501407136942 761.29180611363 854.63636014346 698.640682589195 817.599453903396 658.189711295008 713.100421096398 855.033153621926 773.464491373582 684.656269105131 657.282673976412 801.160095541584 739.41243084834 628.643358055773 587.603209711531 821.576154385807 731.567948292823 806.519858618724 755.304382257512 888.271948691932 691.726486239637 749.160265991133 756.217258451537 797.15399172539 876.058574635938 710.766413307206 691.180344635831 648.910686047114 657.45202003304 657.576278373886 729.172659884601
-55.1461464672462 -1.69556456404679 -26.4937291130976 -60.5735951479598 -63.1445483952671 -28.4249944905098 -68.2463527146463 -31.6040525286302 -28.2882300898246 -53.6250927364469 -38.5873179334234 -69.9152855537252 -42.9626719654225 -35.6344360471034 -37.6546422803037 -41.2419986504257 -25.9655669199701 -54.0704169692927 -50.0315362842718 -19.1834820946852 -38.5718312195021 -50.8512297172649 -62.908702749632 -35.1648973084797 -30.6290964258168 -8.16541856377182 -59.7755050375094 -56.8924972431067 -33.2096685192948 -76.378598995253 -21.1799998672583 -27.4953771456316 -43.9888402509299 -64.9921781599652 -18.6673323073212 -47.4813019215129 -41.7465324102057 -19.0443247745802 -24.0163280755107 -41.2903292920832 -20.6449401993786 -51.5195536398922 -39.1430028616093 -11.6484149820322 -9.18893374279615 -36.614784831862 -51.7103505258562 -38.5243588832487 -1.18806366107245 -57.6679023708395
-17.7026830507566 10.2176188226227 2.36990903139088 -27.4423083042234 -18.1696836521107 -12.1099480604943 -33.6144590027901 -10.0249022623333 -14.1211286706491 -19.778528883694 -7.01511666194872 -26.4070669725318 -22.3038417175726 -5.4989822087033 -19.5817976933756 -12.0458798681527 -15.4792995101467 -21.4031768416121 -20.2392249859364 -4.35603690719006 -4.65270882760604 0.970258603464998 -17.1863085231278 -12.5243354539433 -1.35805847867339 -4.47345197874947 -7.60816385870084 -15.7022591466927 -13.9062686334514 -33.2946116155327 -8.84683637262 9.91220306096642 -5.14941152998659 -32.1532176769017 1.41236267771295 -12.6024577510789 -12.4365309285513 -3.23550582495403 -5.65322728057858 -18.3448546301072 -3.31762864371372 -16.5745600893817 -3.9997325826733 5.41388747607026 17.5093588038628 -5.6829376181372 -24.3570656789184 -15.155702681573 1.10176133969116 -19.4597494812059
-414.509134043564 -957.46347444263 -444.183430476569 -362.133847176611 -702.843561165398 -1162.45252010527 -37.9968812383886 -864.938785697437 -1389.91864011816 10.3748390184564 -664.912012287597 -751.513908393231 -575.869449674679 -751.0128273057 -642.073363972743 -866.403759899491 -681.586406819614 -392.405741058091 -493.936279249963 -748.661718098039 -513.374808623734 -833.750049350644 -1175.53830986186 -844.988319705098 -723.058299449673 -682.558291077263 -233.148143439109 -178.988433635154 -371.783998632752 -170.164174832651 -751.875631540598 -360.938929901774 -74.4344821739915 -80.6113592040103 -968.796557119085 -558.523486777566 -648.480618273606 -929.741249429817 -927.646046304836 -962.33592711361 -723.773734412187 -487.270910447326 -749.323465678505 -1096.83514677761 -626.071777159261 -532.327491851504 -657.590717153479 -607.763835391353 -505.765068667033 -302.071916890206
826.569319385124 775.783168893916 788.884601111978 842.802699526637 778.977787640659 922.385456666472 789.864890007022 675.100382915463 860.442889714568 859.051229080353 879.690218200065 971.642456909603 978.672781072098 863.926069196734 777.17849483749 812.614299638268 805.674554555756 604.161375717823 747.047692000848 787.093778497995 761.292765851084 732.946410713324 839.934221245567 866.413661887977 728.805509143555 712.755081916324 841.451911348085 767.12116201158 779.055267701609 821.795883281792 660.748453278777 927.666057014393 761.942098436586 719.67456651675 876.914545266618 683.194098763285 834.925985745366 681.025754789023 621.960536311496 903.747268683299 821.627629901643 891.459341925376 800.205413969982 861.57300884763 775.937103569565 889.676973863893 682.251656942077 753.845106063997 705.979922370055 956.40096024214
80.3230422964822 109.918494097567 124.244695143834 94.8382636586197 61.3021818439972 56.7483910014596 81.4680560700426 70.8157367313892 61.6110185593338 152.810732049027 72.4380395464806 101.7351779513 123.871770790938 53.8166806826729 65.2139978127068 85.3166965227044 87.0136910032287 81.4324718152197 75.6292692370704 37.6369746809389 113.73022124746 37.0525780923237 57.1437531659452 137.2627773294 59.9275705763886 87.6761430705997 109.482764499741 113.730880623892 68.970745547116 66.8451018859885 22.3027868131002 150.613147629283 139.692710784049 108.285028610048 141.438016304322 63.2569719007139 94.6824444252974 96.1785325484461 19.4165900145578 79.8937312532799 105.571302878468 80.4243984225415 56.2559926289109 74.8122792009009 58.2500159621896 95.262340945514 30.4987268190878 55.9428537951669 65.7454528653385 124.043140859667
42.5297263831127 60.6865417182701 69.9039585203523 61.2235660192802 39.4737076366881 31.3645315679136 43.4828410580892 40.3599061251555 25.4408052265697 78.7976880954926 44.2277773769 49.4857214134781 92.0221479858764 42.5454145093034 30.6884535269541 43.5157576165389 51.9700849483283 28.7463456908345 37.1281386064576 12.4884248068341 56.576039477056 41.4197450836396 24.1203886945093 76.3213265545033 39.8894231029145 41.131220951843 80.5519103836202 48.4568633198246 31.7172555256059 30.169333105984 17.4979481719966 83.0509200902986 67.4264216812398 69.1992589048296 76.9197923812497 41.0151150272432 46.0153502153115 60.0986135930904 18.2251504100346 54.0713306224196 45.9124633287828 53.8369499619886 47.1908613733302 52.1325869932843 43.8209563370266 49.8897655177846 23.3114091713706 22.2242459192554 25.9303599328175 58.1741063655818
9.81974791091683 10.2214973997968 9.71256506522267 9.32148149144331 9.82995605927289 10.9451193292694 8.34240102103599 10.4684352901253 11.5756226597486 8.74358496021953 10.0416049137042 10.8927760994168 10.773666179756 10.1423172524897 10.6224233286022 9.52109167357418 9.91037801744245 7.8691856483565 9.90543704835272 9.82383685105309 9.98664724980326 10.7316176628701 11.9244704220306 9.27009820880537 9.19780153290489 10.304554621475 9.84486353129923 8.70689587864596 9.71819735249396 9.925611198625 8.45586930648121 9.84563067135676 8.3693804883643 8.76655616896524 10.9320849250806 8.67683085770461 8.57175020144773 9.87792702473101 10.1947875569452 10.9104142261992 11.3546376500632 10.3079793042851 8.53515228285517 9.89253493256876 11.0643846152667 10.5798302922293 9.14567051488848 10.2338442923763 8.41858706933907 9.38660289013356
56.9094140268119 95.3090786141248 100.918915476419 87.0127789206759 48.5719740681027 39.4074551898791 78.4411417208749 60.7030971040596 46.2033510145258 121.175701577342 62.2895737921225 90.5455111553509 112.905743273972 39.0334030295375 71.8896773679505 84.9990652821748 80.0395477109708 56.0103179466432 73.0218011321775 17.7869137863136 78.7200851668953 33.0609917312864 34.0647834846998 111.382703006956 13.6604333557485 96.0208194209347 65.4689125362004 86.6748287231231 97.132529092785 43.7140222249563 20.2990960582561 106.318076885383 99.0580053571144 72.1938578957539 107.49744929367 62.1578434805023 54.7611653678363 63.4056873906086 -7.11889147812089 84.1051066511593 88.5703559646649 78.6283819460587 55.8620672468662 65.4650700634355 49.6713740537167 92.2709941123514 6.17173612059726 50.9372334717778 34.4100027777331 89.6771925434631
45.668727774477 77.5054161696104 78.070422919583 65.3631174881209 48.7625748115081 49.412785583031 51.1677444566465 60.265102819344 59.4687310154213 75.9509275605047 56.4212258527797 56.3721683409691 92.6322382287936 54.5414703316528 50.4663702100963 56.8356506260226 71.2451067225795 41.2395971150416 56.6835342542621 21.6010434640961 51.9142660776431 63.9353554161846 39.4570057076226 92.6519711595854 35.1867755286693 61.7677679559966 66.8385190774414 41.965090575816 53.2304357732654 35.7033802518285 36.0575507884625 79.2426794776184 59.4191682243355 51.8771081949569 78.7230962026891 52.5110501663179 46.3273146167856 67.2898269674638 18.7184048327526 74.1893925271922 56.9886562196647 67.5242167115079 56.9980749936693 69.1608026768048 50.0165258998559 59.1652935936116 28.3226448351769 32.594880352567 31.4434079738974 60.5344553100878
10.4033523203556 10.0688144534515 8.67013462690157 10.3219482561813 9.92936385283731 10.4540610354197 7.45108453060501 7.94683889659843 9.31406406622554 9.61672265677831 9.41491571424229 11.0410251284758 10.456813271132 8.91224942927775 9.53961027884848 8.73561494256146 9.89825905221072 6.98206120104194 9.62482710922332 10.8236103582578 9.30118896587819 9.34034379937014 10.8082438276346 8.90950172359592 9.71646654971818 10.374069591308 10.4730288432989 8.3779125384521 8.73806608794563 10.3794205635746 8.06512582024559 9.47971448651367 8.59143401572399 9.35618097302597 10.6843900052876 9.01783773231584 9.5000491546001 8.70200339836169 10.9716427471929 9.68327015516477 10.1431408167205 10.3046068423366 9.97882176987387 10.3406170106616 10.7980878159395 10.2184216775458 9.31710257725764 9.69778038059255 8.50002190399666 8.36802810628852
81.3781853425321 71.9042631686097 73.4612922772589 82.5527042786929 57.9899342573492 45.0606691057331 74.1897326331392 69.0292188081776 49.4179712839624 86.4149374091492 66.3289956883885 111.06023896863 113.587701429683 47.0153663977075 90.0414029144262 84.99606983813 53.4423377115282 96.841918965103 75.3075664583816 23.2941739045519 91.559310527088 47.5077183921207 54.5975338577516 89.6693030885302 54.2634524231589 95.4930674882882 71.3210806266001 102.674544125492 57.5979708425379 55.1998771134915 15.6506245872316 82.7116359241231 74.0624962653862 83.8180246964915 98.2206796983374 48.5105720792462 45.7475794344183 70.0748673931442 15.2554440761374 87.2280757340319 72.5672541163655 85.8027695043146 68.427514939534 66.5139095181931 66.6963596521754 72.7243191910457 9.32999803928503 52.1818067561706 21.0039158772607 91.7842009978589
41.9789986351715 44.2943006158503 42.3799941835309 51.3305983684081 30.2926359221866 43.5950776928988 39.0034230157085 50.7227947924594 40.28487640795 43.5067247544627 52.3248248719158 52.3363602702096 83.8317620493414 39.2832273319826 56.7935495820698 39.0346117058982 48.5739715130563 45.4086529492447 41.6820939028657 18.9895731647302 44.0087800368286 48.245943051337 39.4819995697735 67.7053805564763 40.4796393104906 43.5221031834744 59.3791374721933 41.2236061999512 25.5198187475917 34.2928521014603 17.1985104584285 39.4528510694283 37.7554487057238 44.6311739413573 64.4972909343885 35.9046901479258 22.7570020992335 56.9078507778842 15.5234161615127 68.7250406546481 44.0910389581402 69.0629595939896 43.2729711312232 53.4742553168573 51.0388247188906 49.1443763090603 17.8042266425232 22.198996306341 9.99151543024873 43.185936083716
0.811552087534159 1.466940533799 0.846635622874904 1.35237549989047 0.968521936501758 2.03960129629123 0.11128813359267 0.91541962846649 2.02674852960292 0.755097282984332 1.41687465138159 1.63368221116565 2.04265093936226 1.36747056471733 1.0864707419932 1.46480869084468 1.61844652088948 0.314573048352994 1.65764849506202 1.79687963136329 1.19737364920889 1.69516059459144 2.2618824371372 0.747712790319168 0.489284266726746 1.24877826387228 0.89319840871383 0.80841949530165 1.24384445951764 1.43750668371033 0.174720507215588 1.13714908427722 0.269116497779084 0.538638471761844 1.29549007316351 0.742203986095724 0.503626794704049 1.33687014427779 1.05451012726504 1.1182621384189 1.99120415004403 1.58504349893273 0.682975012609794 1.7398911781183 1.78918439574296 1.54798533339009 0.843926922916265 1.49975077725672 0.867554934408571 0.926424874489055
81.9605662160017 94.228448115623 95.3087578182759 106.961847556722 55.3580038476477 64.6049535896137 89.1975905665024 101.389731384505 76.9868373230399 79.8948083432714 83.0309415620488 101.2040360873 117.928260722764 48.8395580643032 99.8786304932002 92.1663541332889 78.3738473029521 82.3884497017704 85.9475058918787 45.3385683922915 79.838890637886 64.6372383865767 64.65600540852 59.9765434191483 64.8248303858406 102.740520476363 58.1697276419226 101.901693745872 81.7285488261846 59.6335539449989 40.3463858126367 63.9885534004473 71.1478288931207 104.921851501471 92.621960399361 76.0377736436495 62.8191177921225 96.0827133884794 84.2474543724083 79.7967165796927 76.4610599051253 85.3008493599083 82.2819533790704 85.185615024487 72.5354346763474 64.3703821690082 54.0210140015822 47.9939173629995 70.022812008988 97.1737336640147
29.9592634457884 34.6240176624332 32.4374771838981 40.6680801700606 10.4449036951884 24.748841557117 38.1412097367211 48.2519923612653 32.8881379935614 28.4568688387152 36.3007234002253 26.9203125572646 66.5054472822517 15.2480984516599 33.2837721611537 25.8790685187229 30.0194623731656 22.0713124369127 27.2822155175242 11.7540794010289 32.5409535220063 27.3476063950005 23.4886794939788 30.3059232572299 35.3159089073962 29.3421709554108 24.7831895293294 31.569245526101 27.7433316821486 24.9985844407376 -1.77696369988457 23.5671757330283 32.9638709191981 52.6197592725627 36.2558829018144 26.323862603468 11.9392083540347 49.3469228641447 18.0515101027705 28.4323358211126 25.1058313626462 43.641525220996 27.669426161287 32.689291808762 32.6564525602972 21.9538460822443 21.1300123506819 18.6963907416381 26.7314359701239 27.6035259274853
5.93430906431459 6.01752848868806 6.10598550206478 5.7706479945973 5.69282988789401 6.46235402529376 4.79519954053965 5.56936320072332 6.84528313845877 5.26206059201546 6.23643748268051 6.40126363283164 6.34501403332225 6.05541979827627 5.67262126436429 6.4364854702277 6.09518921189145 5.59644954170593 6.35255041356621 6.35256080683294 6.0099493343719 6.526984451376 6.89872397749945 4.75098808366555 5.37952053550936 5.92435891029517 5.95504029638416 5.34515364947864 5.84743259169749 5.85585934846794 5.15307000535561 5.79417010022436 5.45008806758057 5.6164072234573 6.32717261412375 5.60747060135929 5.70208664016508 6.14079445663246 5.42899223401463 5.90814543425572 6.22716290039652 5.44530940666408 5.82991175438824 6.727710041648 6.84519343000098 6.24652525192095 5.23534516141248 6.1328775575784 5.62157791587722 5.57500285338144
599.046723456676 670.323877379351 635.08983283958 673.177739646706 696.360999339143 697.002491900486 506.35887274085 698.773630452043 790.188235456302 546.816344082598 609.924893836526 656.147784641211 690.190645680967 667.424975704241 639.09604018874 698.566627207457 704.7807911515 580.06980838955 704.884536204955 626.668135362446 614.774385565722 659.911579412342 667.096869106163 600.308912023991 583.074992622152 691.602776665993 553.476768691462 556.977904467009 585.539277650825 636.978274700831 713.585541134883 603.154203374181 463.733361537914 684.982949315643 758.038660235612 600.093148359141 717.210645235439 681.805259088763 736.306318735259 734.281458707546 684.505181765521 569.213881545702 642.671350025986 770.746882760657 586.002034162035 601.142404541544 661.469559270747 739.816272036822 620.818741963846 587.231057921138
295.807471895299 354.914830921757 315.259019705073 315.188415399752 329.891998316227 347.504051874674 240.544963967713 346.073502911611 409.584115287489 267.396243284552 266.070729904134 304.812113097543 381.626138107739 322.096371944495 282.158270884875 340.471887108068 326.219998529162 289.219339419049 315.059858711872 326.704713370851 323.927461519225 337.513641854974 350.635986765043 340.897426321324 324.8172137769 315.641471521361 298.995050281392 271.404895292671 280.477799201394 261.419846777904 338.599600928193 305.28827017805 247.501461222024 313.231080279368 355.565756597019 277.004108952233 335.586796588176 356.64600846027 341.941917026326 331.904819612352 343.829019816529 299.173177380187 327.576568070404 359.259762334957 301.58672437579 266.964734359434 321.13556743581 328.829547511444 302.785866397403 263.673978207933
