34.1002714504095 34.1361169158549 34.2023644757853 34.2264151011484 34.1785400415132 34.0801324695009 34.0259517632388 34.1209205981344 34.1242220942172 34.1134124308606 34.2580444343451 34.2373942288236 34.1708825957024 34.1374427549279 34.1322132845194 34.1139739227826 34.0978876530903 34.0441216632761 34.2334207485164 34.0677970330147 34.0958920101489 34.2366422760863 34.2665262033753 34.1253824200047 34.0980738667196 34.1918749284469 34.1150659759477 34.121623202551 34.2067963117155 34.1556298989179 34.0476623789294 34.2341370009589 34.078096891623 34.0985744675296 34.2038578845377 34.1129355652104 34.214148688374 34.1287958182016 34.1711586967494 34.2117637480013 34.1645768605813 34.2180456107439 34.1869921010877 34.2953356623395 34.2244698574575 34.2638548370854 34.0757409819756 34.1456578463614 34.085250195219 34.1671572057083
36.3741865345833 36.4692622255695 36.5056555593896 36.6103405305709 36.4873042984501 36.3770492974399 36.2171530643639 36.4225907745507 36.4693034273257 36.451267744438 36.4643258581799 36.5678408746021 36.5448516518946 36.4168462384488 36.3899903597651 36.359191571108 36.3966272991399 36.3061218626902 36.5627920158805 36.3156363266423 36.3846647109759 36.5474793064551 36.594351518573 36.4538933883835 36.3245041466732 36.4854788427484 36.4411403325455 36.3936459478632 36.4373940361583 36.4374129741046 36.3340373457491 36.5534288268672 36.271733104312 36.3859128453301 36.5856482870865 36.3442794615785 36.611483988075 36.3807920913458 36.5099376739969 36.5318876110618 36.504627927447 36.5332878123928 36.5223758672142 36.6070439008878 36.4420008033274 36.5372949417871 36.2923155355336 36.4175369594596 36.2716391021634 36.4476684088102
38.7997342196821 38.9530412101149 38.9691193691351 39.0784222380798 38.9380374822112 38.811591867221 38.6600092128099 38.9030451224356 38.9089964814659 38.8867688907307 38.9522388768587 39.0248835848438 38.9754345944182 38.895668138912 38.8713598588168 38.8493935282704 38.8733362599782 38.7794764729079 39.0519553973666 38.781726729599 38.8449307483056 38.9896646457094 39.0351720798421 38.904455375661 38.7823467227238 38.9472371448748 38.8928169647588 38.8857129717628 38.9424917079297 38.9011514102343 38.7989806035246 39.0306896927294 38.701971243865 38.8485614548169 39.0398998538041 38.8320378661594 39.0622612235999 38.8355745757646 38.9641883455971 38.9991159689959 38.9524717511342 39.0133829578861 39.0028741620016 39.1186336366699 38.9366877953081 39.0258426602951 38.7871863547704 38.8852020931854 38.7304193432416 38.9469354942282
42.7339668508499 42.8823387789468 42.9137959220736 43.0227443128219 42.8904083476769 42.7461066897598 42.580735212257 42.832570045305 42.8496322500603 42.8322685668578 42.8916750694455 42.9714703853064 42.8993928241243 42.8311158206102 42.795007880156 42.7779796442625 42.7992850339643 42.6904347737134 43.0128258706102 42.6883266961119 42.7836456939087 42.9553799340056 42.99532388271 42.8185317144562 42.7106306528467 42.9111757613341 42.8171435997516 42.81875809978 42.8974228296302 42.8269881060996 42.7351559943969 42.9788737325862 42.6434526346024 42.7815483138066 43.0106546188994 42.7361026998876 43.0116323391902 42.746829350902 42.8745888142399 42.9554659006597 42.8990375293878 42.9276980816812 42.9336295228559 43.065641120884 42.8565662436216 42.9712931372533 42.7137870551824 42.8336003079675 42.6227096421584 42.9095483745473
48.4927601173854 48.6505345286289 48.696205516922 48.781980866837 48.6612836580656 48.4800457133288 48.3098500579109 48.5596990916643 48.6006552022885 48.5781681268751 48.6757620792055 48.728304055982 48.6400874652008 48.5855920874206 48.558174163919 48.544878332641 48.5502898740243 48.4586474216085 48.7740694258367 48.4189302645063 48.5222079887717 48.719814248001 48.7675961665627 48.5356685893764 48.4603437433131 48.6695770638108 48.5774772642852 48.5608097459149 48.6459430087236 48.5895537733166 48.4649844528239 48.7422588694404 48.3883227094081 48.5230031661412 48.7758255911398 48.4951011058867 48.7844309404516 48.5101298849085 48.6219461403847 48.7330034969032 48.6466324548644 48.673847948413 48.6882180447196 48.8479940411105 48.6215859992528 48.7336875377849 48.4412494753642 48.5704984452786 48.3840238600028 48.6507594584826
54.2131366887997 54.3731877809335 54.4359697050238 54.5540143575771 54.4189423421711 54.1971598888478 54.0515922879935 54.2742956651278 54.3031850867665 54.3125481599826 54.4201034594121 54.4762531829583 54.3914618799845 54.328077453686 54.279806671485 54.2783595603571 54.2467072548705 54.18692556028 54.5022830359596 54.1195628589494 54.2490912965392 54.4650434002091 54.4958376493098 54.3033646117037 54.1954507121227 54.4097375143729 54.2832986626914 54.2873282713587 54.3836093107746 54.3277689061109 54.1922966506791 54.5012083158571 54.1156445472323 54.2629616946445 54.5025857079873 54.2139150480987 54.5079814637515 54.2452674714879 54.3678479865568 54.465931256429 54.3590308434405 54.4320168033543 54.426889365063 54.5921274425921 54.3621247351487 54.4767376919423 54.1700640998023 54.3219707003282 54.1133314265683 54.3996953012933
5.80844858089101 5.82594692040224 5.83146365175892 5.81674012988029 5.8154799713169 5.7825406377023 5.79255359346612 5.814251024783 5.80396279792556 5.81221122128412 5.82488041742319 5.82055882482927 5.80093681507567 5.80323978942397 5.82096073610485 5.80690273033339 5.81241841804481 5.80672210364764 5.83222826141302 5.80208324981164 5.81461622395466 5.81135752222817 5.82846316770219 5.79951797464346 5.8038113873243 5.82246679086697 5.81810780385108 5.82341536769398 5.83147084283472 5.82286565579205 5.81675973502218 5.83592289201794 5.80868352460561 5.8203283789086 5.8248856097019 5.82171574570496 5.84893013650268 5.80836889981234 5.81566458681471 5.82814740426066 5.8130122213124 5.81011763395153 5.84216961844108 5.84019267733174 5.82431496640834 5.82962165648695 5.81288261262845 5.810394499117 5.81486901557074 5.82215673715708
21.2184176856034 23.4186261377428 23.7278219279236 26.0010698410476 22.9124886942689 22.6447029847569 20.9416550492975 23.2953090190461 22.9896993142913 24.0179248844129 20.796882189288 25.029927570506 22.5408093796063 21.9038993219154 21.6580914823683 21.4218254159322 23.1267806435052 21.6082777840702 24.969924686442 19.6088919101076 22.3083004172225 21.9112971412586 22.6038937343198 22.9393037877278 19.6404436475353 22.8532788101429 23.2537963395464 22.4362733637294 21.3318521411407 21.520028073735 24.2524948809827 22.723647014879 19.5585295826129 22.3281763494865 25.3771888290735 21.160537342763 27.0287805642153 20.4698157965891 24.112442600009 23.3245995560789 22.5975127954609 23.395863293068 23.5933499939311 23.7872946559293 19.8692151784307 22.7981386555516 20.8429578778513 22.5156766808172 18.8512623964591 23.9972286772337
19.7986859101737 21.4093960724516 20.3112528637621 22.0970312185252 20.0894535828111 20.0679161759723 18.0054412432052 21.8973778972635 22.1228520640152 20.6338352117942 17.476085645697 21.002085026929 23.8791918600344 20.105889991258 17.912162969531 20.3741122236573 20.8353726361219 19.187182499841 21.3056264960342 19.0982467544185 21.6787265796989 20.4543328655166 20.4391378520292 20.6368323559389 19.3597097986226 19.2047026468184 21.7767446063457 20.0234578302354 19.0615858335502 17.9831264259655 20.7622834200324 21.3343924209472 18.4253213702098 21.5182869806727 21.8783852041176 18.2513760308046 22.9638134422173 20.5390788672756 21.4582050327979 19.6864336100443 20.1143452774062 21.1363724891438 21.0085701968104 21.0845208101331 19.593899556719 19.9536310011906 19.5430385109293 20.522209891386 18.6347130197431 20.2031979451853
29.8144051636824 29.7548712567152 28.9328934274272 30.46873413211 28.4412624873436 27.3190270047013 28.9296659232163 31.1894412294415 28.1256136241984 29.6606067656955 28.9318926891129 30.506508458883 27.8571100283869 26.5857944232559 27.7287641692694 29.8839889361099 26.9466698468286 27.4212363303199 30.1144967763251 27.5006497670468 31.2978384979976 28.0407942556661 31.1182363396267 27.7770156353359 29.4690513418811 28.3013675022836 31.3260631396888 30.0090959543926 28.479553993716 28.5524821143036 30.4428854504685 30.3558073621257 31.0557359408985 32.5370402328513 28.505047302922 29.0538982198883 32.847805337945 28.3138960843067 29.7312691776934 25.8762794914453 26.7753623841246 29.260787152932 29.1591125280587 27.428614589899 29.0597777356583 31.0718429247575 28.708050398315 30.6956261428472 28.9786225509365 31.2954280422754
30.1120437672883 32.1023677670896 29.9876241024168 31.974062952153 29.899725836033 28.4168465645957 29.9120483507655 32.264180200514 29.096798401803 31.5459287050619 28.0910971503767 30.3370201839359 28.5362391024027 28.3527616347774 27.7114484403717 29.9677781571229 28.1780478528226 30.1902531186073 31.464701870229 28.8626819214435 32.8835012657022 29.8833299898967 32.0242294923031 29.6703600809152 30.7800356788405 28.7403238600798 33.6911699307667 31.412900527638 29.7562763342783 30.3699297352573 31.234562408132 30.8651925390734 31.2441687676219 32.2647413380947 30.1638744570782 29.8189206328518 33.8687051058352 30.2512555205341 32.3242914334815 26.4294207932389 29.4093479625388 32.0092667841822 31.4503671729258 29.3382930579126 30.9209072905084 32.8287589783258 29.3831942478437 31.797946826358 31.53509735004 32.3389349468089
10.7142394359102 11.5598182134961 11.9407571843921 11.1152330855508 11.4024144630321 11.194755836353 10.574863565466 11.0615261287807 11.9787274574893 10.8351503467341 11.2597237407096 11.897943033059 11.3340519205043 11.1483911210705 11.5306551211116 11.321372188813 11.2178787006906 11.0528273388357 11.077521011323 11.1741112689759 10.7042966888496 11.6927456326795 12.3400204263733 11.8476558961785 11.6294408501611 10.8427117963359 11.7831528333253 11.1674877634396 11.4735133790918 11.2423765342251 10.4294265019728 11.2150590186664 11.6222869110388 11.3585911766471 11.3596922589092 11.7477404725048 11.8185275353025 11.4836303383446 11.891314725104 11.2727503810335 11.5270540485312 11.3334206019414 10.4697166647942 11.9090448835111 11.279072347475 11.6465582672553 10.7045961729843 10.9530816287718 10.693067519282 11.9244474533242
11.6232234183903 13.4744725575863 13.098663919644 11.879967681098 12.4465600173853 13.0224332992996 11.2073244033754 11.6614041207347 13.550620796237 13.0345721445164 12.4532319769942 14.2705687598076 11.8782965408718 12.2738728544985 12.3819865789485 13.3051564750489 12.8732990362797 11.9262689029545 12.1644656930041 11.5892817350824 12.1654932533573 12.5103694699868 14.6223717806754 14.4779235497301 12.331908388096 11.8948435121548 13.6745949005344 12.141951539818 12.3926246267785 12.3807348135425 10.6093649402498 12.5081956059407 13.2437921929299 12.0667474382979 13.6916318847485 12.9665421023131 12.5026141086328 12.2077435336613 11.5088678407138 13.3575713905403 13.7571304741108 13.2635323931998 11.3959576791074 13.5552419255434 11.8963926471807 13.4496061972825 11.8053412358089 10.9166838233417 11.1446736800614 12.5044110240745
14.5275430988981 17.0318117584444 17.2501174872137 15.9643884562932 15.9701939404967 15.8993890868235 15.129944889936 16.22274896578 17.5448212772693 15.5188695793191 15.6240536158 16.9434259821928 15.0575007397751 15.9824963962067 15.8584977667643 16.8779431518319 16.6256875531811 16.5260025756537 16.0849426636853 14.105878744818 15.7247042747277 16.217441997939 17.0385661458043 17.4739015156726 14.6586257709764 15.3890374545627 15.6580084906591 16.0957018555236 17.3636155667455 15.3723527270358 14.9820442980332 15.1784342935536 15.4650160418683 14.5727333099765 15.8416013769043 17.2616445934285 14.674644168211 15.3476939810224 14.9928808038603 16.3943606480323 17.1260691129258 17.4152688614834 14.8366335871378 16.3988589888791 14.8716968445628 16.3783609269913 14.7642800701838 14.1789212311205 13.876349612546 15.84196105994
20.8582870763981 22.0081373623547 21.0136583815386 22.889567728675 21.9093798268462 21.0981128020564 20.6248169773392 21.2988472759853 22.0514715958361 19.4383717086779 20.7325887871719 22.7643345376779 20.1812682636974 21.2774246586344 21.757258446406 22.2260280651349 20.945359086436 22.2852405274646 21.871650848602 19.8618553898892 21.0535546774992 21.8725359448834 23.4238599857491 22.6729321289198 20.2752335590712 21.732783581481 21.5438360057503 22.06980314481 21.7052258328789 20.5684201629227 19.4763025123223 20.3513580286258 21.0955312195009 19.6493407406616 21.9405985813348 21.6814658505034 20.7863025498936 20.5177014760875 19.8334387669671 22.8481731226511 22.717536436309 22.419919337082 19.1556145688115 21.0805981461292 20.3282661840648 21.76077511361 19.3634825585211 20.145886680104 17.8151616275299 22.3983536063326
28.7328396832439 29.2651030879832 29.5080177158611 31.540685416374 28.6769087032105 29.3695541549027 28.1760638058362 30.633990853182 30.2588020894308 27.073840185898 29.2311737486476 30.9301235437621 28.0450861131144 28.8755077767357 29.8846345000821 31.1185491456737 29.0874148024911 31.0281148125406 29.1013425504202 26.7711798299242 27.6684488776332 29.4911935226683 31.9674613857165 29.9920026452606 28.6079609084619 29.4262709101312 28.5063394623168 29.5378311066288 30.4333058151682 29.641256018589 26.335275317602 28.1036220999246 27.5415986476549 27.2112080373134 29.2180906059566 29.764800856206 29.26535564374 28.5204314465023 29.015512819863 30.8129448986339 30.6394186667561 30.0872684907946 26.579617862829 29.1347538190511 27.775305483479 29.7609019135643 28.0123040914382 26.5080887368716 26.1255136310872 29.3464809755535
33.6889027338647 34.5307637386329 36.7586565311362 35.7226293888048 34.9535563501154 35.2789920312192 32.526698415125 34.726961132271 36.6756520395697 32.2501227789371 35.2367512286652 36.789508232575 33.1084523352444 34.860293454689 35.037116054281 37.4572970086051 34.4414566059707 37.609038944437 32.5034266183096 32.4896903216545 33.8452676744787 34.0239220694762 39.1982013429672 36.6141284492327 33.9217361346251 34.8907941386516 33.906829446491 34.4350484485178 35.732444489963 35.9466710876783 32.6266181134478 33.210020285356 32.7427110954796 34.2158922358861 34.3588113101685 34.6412449690778 34.0723623438621 33.902603686104 35.9135730013444 36.2056373474364 37.1635931639791 36.035180677578 31.3481113694233 35.6581907586412 34.8874781736083 35.3628112697536 34.2451192231814 32.3016891955847 31.4400300942356 34.7459468107127
16.4276821211853 19.1072116445371 18.4854490247039 16.0332561780559 16.9124767995985 16.0944515504332 16.9121633518083 18.4646848077901 17.8100550128755 16.5290023112703 16.4201490988084 18.0618546846274 16.9862389461193 16.3316934542026 17.8335044624543 18.0938052129776 16.8699036258193 18.5244310435422 16.3387703620961 16.1833366789644 17.4201371503663 17.1787864220656 18.9865055066754 18.0785857234423 18.1930086939205 18.5293207650039 18.2954707447508 18.4779525410491 18.9935003263046 16.7892888173026 17.7908166137604 17.9299412690661 18.2802476820092 18.3213157471953 18.4633496116096 17.7744667695589 19.5766899638505 18.1482858783869 17.137658650177 17.7701963469541 16.8119300258444 17.001787408426 17.9732167706671 17.8421894452054 18.4629033731546 17.8700310935347 17.8019915163339 17.694445972724 18.1352966175321 18.1765367520115
-52.504848396967 -78.7450468778982 -69.4032618387872 -72.4910693444085 -38.0401601406718 -23.1893501633814 -48.4657120257514 -80.2059771026602 -63.4316922773933 -80.1380525305491 -36.1434121210715 -47.8839338466087 -102.602421807755 -44.5687165955479 -52.6325132601716 -58.8476047630421 -63.18924965295 -69.5841376010904 -50.80278838749 -30.8597110128992 -76.342390610785 -34.0727708559521 -20.8659600706546 -63.0813872996881 -34.5083017087285 -66.8497876797876 -64.7034012384283 -85.8432125823472 -62.9298113519588 -45.6126645970925 -25.6734877847677 -90.9581511207121 -63.7068679733731 -85.9445676098598 -94.9302978502475 -41.5091198202542 -78.005881343652 -75.0771083982525 -62.562352898423 -49.4414656945876 -62.2487804751972 -45.258043668935 -61.0144582906659 -58.6173698377968 -53.3004791785806 -52.1415113929716 -31.6541216575713 -75.4267976385499 -61.5060600597908 -79.7337595937818
-64.7694582293366 -87.0180065435968 -87.1943475971179 -80.6749991229685 -51.504807364592 -46.6418372587144 -45.5105054405156 -81.4718494767047 -74.2509799236363 -73.1612090057404 -60.1243867217282 -58.2920041929872 -133.354434769349 -66.1486817627915 -58.3600249155292 -69.0763037064268 -68.471822212912 -51.6709964932764 -59.5275184355426 -42.2383742421387 -90.2662449480905 -63.4780334479341 -35.4262044558642 -81.2655165719546 -60.3735060303773 -70.9223580203608 -84.4519831135131 -65.5928538524291 -52.7107605223164 -23.2092461515325 -49.1183161702759 -113.046556891205 -79.4473928076537 -88.1433414986415 -110.205941152661 -51.6822439466824 -73.9420003755377 -97.5358444820849 -49.1432004355298 -68.1261353766943 -59.2753950381491 -60.333926303299 -79.4247550571425 -76.9492909330854 -74.5439827914631 -57.7397589663522 -41.4423163686687 -57.8797753271402 -54.3022069048426 -77.4619615428568
1416.41983188528 1289.83338565801 1610.57324950812 1681.94263803355 1439.87787463022 1264.03494330071 1312.55198120734 1223.60656652943 1295.68758438951 1527.90787270056 1254.6749434177 1328.22992459776 1312.48641393588 1207.16033434858 1348.74844972073 1185.55721227898 1168.05674393215 1379.2524964956 1427.77791108846 1234.59258356503 1397.79285533728 1382.39098873519 1320.09842719208 1424.22433308727 1342.03412031003 1421.63475314973 1573.34283980475 1427.94224305954 1318.76473442066 1177.49537735637 1537.67688774145 1508.82930364769 1367.97934863898 1344.72370071047 1263.55397829558 1240.18619843359 1540.62314794105 1197.36369423396 1388.28725119898 1096.30238716737 1273.64723161099 1284.08636753396 1339.88821434495 1101.40324577064 1141.48087873209 1178.76890270553 1305.21159060564 1130.63987831557 1174.46066465122 1492.35825176715
650.693552056091 873.982978124469 925.02625916026 1062.44213883476 925.148195221945 670.016790029687 919.582012540237 574.187021038487 457.508260785663 1004.43085703595 760.071818045533 823.065406753804 509.402004955507 832.389298955448 760.528124907992 540.20659949487 784.756122149869 989.744165147907 892.164736923913 557.631629750977 703.798934091245 823.17784561781 748.870953352133 801.225908399899 605.810544742845 796.775101519039 968.909255896757 940.327974537098 756.49083823759 879.683130168427 888.669258223294 701.46387822605 698.338971061751 509.493254042127 807.329619602076 831.934702376391 922.75911110408 618.161964088841 991.597137336656 639.347246908485 793.732889050229 847.950113899328 833.421364747365 851.905913093361 666.881279523199 820.15376410991 616.081019790231 586.477647391271 716.608386662345 886.800058230509
-52.9222273361726 -15.0503549571067 -35.1157825087114 -59.2512553809332 -60.8074984971574 -35.6013322846465 -58.1993357127878 -38.7260086624996 -37.8354698580794 -50.895256751545 -43.695134907881 -67.5082820156109 -48.3958319550359 -41.018541982877 -41.7810271542354 -46.8888636330718 -32.1060988772061 -49.5198870030169 -53.2905024812448 -27.4659658191032 -41.004165588426 -53.7469727708444 -58.0907797970564 -38.0518546130984 -34.3934983936574 -18.7270371387488 -53.3241766411131 -52.8442347608489 -37.1268181953068 -59.2650952342197 -30.6103480607974 -36.8664451053199 -39.6481669621386 -59.4165242462108 -31.1966543416044 -47.2739281094598 -46.0298004836752 -29.4036354799211 -31.7581231750445 -49.5569854819405 -29.3554972249372 -49.1372254633243 -44.5426409526162 -25.6054670362159 -17.6064982074108 -40.8028311325655 -52.2847599117079 -38.1289039750673 -12.6513146106039 -56.5629869230233
-16.8438922550712 23.500335198433 11.8744516234715 -25.5067367860573 -17.1225496442288 -3.94632143942204 -42.7230276585191 -5.0942852629702 -3.59919664860057 -22.4908691672971 -0.788456601536146 -28.2038398287106 -16.3441278014265 0.418884908066833 -16.0654235817277 -7.91126637629293 -10.1267301602342 -23.3392155626111 -16.5641600006894 6.17447176361577 -1.00562030718923 6.16598064731916 -18.8521847243824 -10.516885956522 5.24685582738339 5.72757181035968 -9.04789851283995 -15.1840647109164 -9.17282805220652 -45.8462190080094 3.02390706193618 19.8945492471432 -3.02446138610818 -38.2792344540165 15.5222739257733 -11.0158379490916 -6.74542953732159 7.50419817437685 5.10116214944249 -10.3123139622677 3.34596809885209 -14.431499634347 4.45546384759404 19.0291524875889 31.5368477858176 1.96159316161284 -20.7284166682897 -12.3737047529512 15.6279423604171 -21.7943144138924
-1334.74500310824 -1947.81298365657 -1485.45912369929 -1507.61694452749 -1696.80428870755 -2021.41041637737 -957.695566714047 -2118.62554285401 -2315.12677390647 -979.831483289918 -1532.16877841181 -1664.14710894993 -1686.07753644069 -1735.80449221745 -1673.91556361675 -1938.47310695352 -1805.35501804113 -1517.17667549394 -1640.06359418112 -1712.96864276572 -1553.8047937309 -1913.14197808353 -2186.903670263 -1648.39861226701 -1634.74824163867 -1619.8331620322 -1278.390934644 -1307.28502309946 -1435.53033689858 -1152.04049930706 -1714.72060908808 -1408.00208895229 -924.45640823051 -1226.4827974796 -2210.1620819587 -1554.24676950368 -1920.47832616731 -1978.49916068987 -2329.18664128705 -1999.61158539272 -1992.69543627233 -1519.57609830489 -1807.58097049839 -2285.95559139568 -1671.82305742488 -1578.2545332597 -1699.86783053988 -1725.87182740975 -1700.07082514979 -1270.90494106369
782.134933034072 714.772561269595 735.445355302463 775.783563139829 742.241112897595 884.473262669582 763.699980441403 620.662100201253 840.169848619972 816.708283616868 839.538878890823 910.225523767222 922.101311896949 802.013659280646 731.123862387907 766.730331128341 752.390760583988 563.827036141647 709.666384275137 758.741380531585 709.12318201219 692.804521991838 833.208168430787 814.267079720718 703.472324007348 683.688476503297 773.649385725381 703.666376195798 741.792554991871 837.384358111269 616.632304380724 850.460968284032 707.353467749912 718.324609541805 814.211706285014 647.289281773186 761.260574043291 652.292389241277 586.216337347228 846.038962289276 792.341197263446 856.58927917844 760.880363579527 795.828495095741 730.490300007987 841.782639589202 655.658305447756 748.288422067383 653.871624393792 885.684236663431
53.4255947225652 73.396505006822 83.7804478934765 66.2608359742981 34.9961564207014 34.2455275504453 51.5722876738013 46.8975560118359 46.1817883562022 112.591622824788 42.0297889208031 72.2620088185256 95.5368353662393 34.5546480478219 44.3293514755293 53.5974375057427 59.1232197822549 54.4073426709143 44.8263269317508 24.2025446775739 84.1683475571616 16.802283200018 34.0257381783253 97.3755741980563 41.4047442561638 57.925402566163 76.8921290552377 87.1276760709627 47.0873038372455 50.4443912393383 1.04604675790742 109.079008176294 102.774988399122 89.095904606162 97.3882706573216 36.9633140018851 65.474013673113 64.3155885956931 7.5798290059066 49.6128519227313 71.1009865804283 53.6295320146568 32.9295317292458 43.3521536394953 39.6578200871175 61.05535697982 18.8107643358641 46.3073803332897 47.1158328712969 84.8190114208641
60.0498244220382 85.5452875146985 104.655331164077 84.9134405202927 58.2168466419637 44.4588926993605 65.3453549672854 52.3539306785905 32.9000217126895 110.749120081266 70.2472081119151 73.3770989672577 107.518174103617 54.7151556452228 49.343612184196 65.4357386887549 71.3009645353452 50.0031054174606 57.8132284752077 14.6178817498989 75.1792914159912 52.6396235630513 40.6916115251376 105.211510806463 50.8731720116245 61.9178256882462 104.548777299102 68.0390724412727 43.7883717398398 45.0147309823405 33.539645333687 114.145760261455 98.0698720678662 79.4443745214442 116.58806534714 60.4576771037997 67.9893316244862 80.8601440951011 23.6586981597651 76.8228821104732 67.2411816956618 74.9688052088138 65.8158220999826 75.0676802548034 54.5739323816754 77.7978897233286 28.7757401844173 22.7502615477383 35.028396095407 91.4295303885598
10.0183701016186 10.3732413180335 10.0789719880527 9.3866397984273 9.97374855505573 11.3150513230977 8.34218609770283 10.728177765508 11.7949410766555 8.92865225843568 10.1257144189005 11.1076037286336 11.290465286567 10.2738244522909 10.7860582295509 9.66997872025552 10.1111836318227 8.00521700237562 9.89073432775383 10.0643899761208 9.99405879717606 10.8397220650379 12.4049951775579 9.66670418754849 9.38270664636844 10.2225415435246 9.88145312076898 8.59355877665783 10.003557627001 9.9407310019557 8.60749840355311 9.93265272204679 8.31307000179334 9.12168403933802 11.4126346774053 8.70240277297493 8.75121414716662 9.97769472927402 10.216008306393 11.1141439853068 11.9310951703432 10.7958274354815 8.53614468415684 10.1051002090676 11.2386172428712 10.9800025692409 9.18821603952705 10.3268772563418 8.42664583076389 9.58565206795187
37.4074826018305 64.4261240697666 69.5576709969583 63.4717194918555 25.7769142073124 21.6140748249354 50.4555467670426 47.0795256095995 39.0765066887806 85.9973217933823 38.8463685728709 65.9976604197956 87.1102063353689 25.2217048949089 52.3728813101851 63.1855698706717 55.994465516653 41.2868730053074 43.6369080979371 13.1998191652174 62.6677106706197 16.2701564203267 21.084820621716 80.4536877122576 7.81766379583385 66.114851032548 46.219280609884 70.6260459378758 71.4569950487415 33.6031096489197 5.16128087100067 78.0418479126784 75.0396999081428 55.47130950064 76.7524035834547 40.7028994225223 40.8311171498361 47.7217834898235 -9.20513288143827 57.1474507401525 58.8818085662526 55.5454059470008 36.9141110996103 42.9303287613614 39.6858958904403 65.2684240647415 5.87953619557508 41.9695328526251 28.5133915049103 63.9173606489151
57.5774754531401 101.495200500513 108.951604099058 84.1721014339346 64.3695726674958 57.0128826261277 75.4505797164856 66.7161938429295 59.0521375599312 106.602096160969 76.4082065706383 75.3835236807606 111.925375071861 61.8585941920105 68.8323359693089 71.8187529862603 89.1614409257946 54.5040993694755 76.7010335102061 18.5627812769923 62.0538866029282 74.4051739301944 50.1931496323773 115.15777605363 36.1929792274327 82.9325777077804 83.7144824826778 55.8562491396336 72.8962664674601 45.5682868699938 44.1990595173444 101.689236790438 82.3780430086605 61.4726776140133 108.523990823322 71.2271881152218 58.3542951550788 75.6937829428378 16.5858112166908 93.2795244606299 77.8179992057611 86.8357158706096 74.1712440205972 85.1035082581552 56.5143936615909 84.3780275887791 23.8008209601171 31.959822222859 34.6472863244617 83.1575002350509
10.4534520752945 9.84020570236401 8.78357108140818 10.1361127014902 9.90088302828471 10.1845321554241 7.31343309156985 7.80264696391075 9.40509362789215 9.40026015733699 9.43658783112518 10.7837506353181 10.2997172175601 8.83543080265046 9.32668496659502 8.76286280719496 9.61410855746572 7.247328702855 9.10008516792751 10.7824297789086 9.39700904948116 9.13132934086433 10.9663109673914 8.89481329419059 10.0470293126911 10.0960847519093 10.6790998854546 8.56913936290829 8.86783204202661 10.3678885742323 7.6344204930355 9.79960909291251 8.88957217152392 9.57890493926314 10.9414995356977 9.12214296888414 9.43658567848849 8.66577118155618 11.067738571953 9.35028073437734 10.094180862967 10.5620206370464 9.9708282976114 10.1547800467168 10.9618242685428 10.4835638354908 9.38831384593079 9.68399820136859 8.60621833067619 8.51134198210553
68.1554671083422 66.0619871085399 62.169917808657 71.917499526568 49.1856164783822 39.8225503202484 60.1853205610601 63.9390491293662 50.2769696006496 73.3638889419667 51.6331417278103 95.0056306484027 105.358117645326 44.7255332407223 76.181635790889 76.5011231585718 49.4046936085575 82.2655566834624 61.2059258245535 31.2067324693478 80.853726848539 41.3968980370292 46.6375335566718 75.6049542876676 50.2870040617322 77.2800284096188 59.9550468533126 91.161653011915 54.6362964542059 53.8307245993042 16.4091848228129 73.4980391855748 63.9998362947386 84.8595295670283 85.0399766266269 42.3982892551963 45.7016519175189 64.6912963827508 21.9873075683047 73.0001549267286 64.7703430140992 69.6627705624821 59.0497211883453 59.935494010671 63.2708530612379 60.7006952354005 18.9572918714267 59.3383891319515 29.286949517286 76.2993818672192
48.0010068516949 41.8143282969041 49.9740870079369 55.483028991523 28.790248792643 38.5453639765545 46.6216489637903 49.7282891361478 32.6561767488025 50.0751421176623 62.900188695743 65.1522449177114 90.188478741763 38.2742436613749 69.9050508585174 39.6587379201139 50.2718457774641 57.3271705486808 47.4781456199947 6.04878172719137 47.614857756073 47.1204494872031 42.6061101577072 73.9715710217434 37.2933937707059 50.9577735952616 63.1523506609746 47.5857108700831 22.3426287723905 30.9613523230288 11.6264744892141 39.34505784914 40.5927512407626 38.8309990022393 77.4218757742348 38.9598786477892 19.6435376910698 54.8286809505194 4.60505483062175 77.0193119618844 45.2810367668073 79.7364166087411 48.6129215179995 55.388413288836 46.5953246822122 55.9718409942757 3.9765894905027 6.83458697788504 -5.67832452753938 52.5646490489366
0.575815544318245 1.0810499183493 0.714803659065986 1.05058691837861 0.642568604504261 1.85937990901759 -0.124944552465478 0.611176679365695 1.8320813662345 0.5476290935837 1.19372047169386 1.40808790639118 1.9359473046753 1.02334528168652 0.943902803254012 1.16904644334556 1.30245171362657 0.137914313574178 1.34496788541898 1.48349212025353 0.707045869458419 1.28124856708604 2.11512557783842 0.583368718957532 0.193293241273173 0.892837267736135 0.465683789188396 0.350351833897495 1.03600876439458 1.2558323191355 -0.158049005776762 0.713771682578268 -0.175777479827922 0.550927419700935 1.2531039821505 0.471528620963071 0.229661080310566 0.98398874182429 0.717453972661734 0.992732218159343 1.96117370736837 1.59535034205113 0.416919731219328 1.43746250045648 1.49873211446926 1.4089849086343 0.53670687477238 1.22783453128164 0.444341911012887 0.713806962787696
51.6739845490113 61.4792386331381 58.810498811458 66.9295900144454 26.7491325722451 32.1475691127476 61.0437304819012 65.1963104948953 48.1065813307863 54.3403668990041 48.4400907654873 65.8980975417645 81.0903576572798 27.8890704716977 61.5374666511415 60.6436955090517 46.7313777386213 52.5128080600705 53.4370173110111 27.942177371201 52.6451031083531 37.8779200574405 34.6989096562086 35.0003474059839 40.1558909923193 67.8466388679566 37.6025859196898 73.8137848723606 58.2474568917079 48.8894254741423 14.7625276567815 41.7535136832342 48.1006514100508 84.0671684297713 52.7998837550992 44.2137906684808 33.7026094142631 63.5586820568371 50.8915559430462 41.2808339807017 48.2181697649732 48.6396245471992 50.2391142399791 47.2088341581743 48.5782505379785 35.4432331750275 30.6994883593868 42.2582029885383 44.9825654398643 63.3374014409654
49.0799509867335 59.7301775140348 64.3938061969081 71.9199446124909 27.8991666840514 43.3414352420657 63.7488617630873 71.9858168670298 48.5654664095693 49.5158073110344 66.1168786422999 57.2828523449452 93.2410899625095 28.9819453982546 67.1338321219895 45.0661319673539 53.237020246149 48.444871625345 52.1433256114439 18.6785400921509 48.3910037072127 44.0718381394662 49.2148317032705 47.2720950636059 49.4640117435562 55.2919523041938 38.3611860469256 53.9889439640415 44.3679402001655 36.3424745485046 15.703663731519 35.4915119268034 48.9601475657918 69.3123560146897 69.888949311642 51.9702688529838 36.2057594192613 71.0532188032082 42.9958493939515 55.5881463404678 47.0248685288337 73.3625551739582 53.7036136312659 61.978179007887 46.9066629482502 44.3095719961347 33.8564739320663 17.7092150249753 42.652584137338 55.8785476856059
5.8465005839321 5.90542526015603 6.12305137380376 5.61466997697575 5.59564094346524 6.426884511429 4.66242438474885 5.45464420571795 7.0291059176199 5.15275803911675 6.17282430129157 6.27398037745356 6.41106002772527 5.9394259006047 5.58046985303569 6.29687916658852 5.88171437843427 5.56838889077793 6.16431111796006 6.32905965772282 5.85521550359424 6.34572788519336 6.95316101510625 4.81018393808572 5.34619300568562 5.71386223226199 5.79666099829613 5.15032221404447 5.78544421032894 5.74039273672744 4.98760986593156 5.68449608557888 5.33535854536415 5.73271287227205 6.41851369322188 5.51297456282904 5.61644048375776 6.02669188129293 5.2251016734467 5.76521610683081 6.28003407630445 5.48878663095752 5.83821331750743 6.60381458179817 6.83703024016103 6.19183143885688 5.16127565333922 6.08734579250501 5.47868723260318 5.47155814353792
411.059162617235 438.186787774212 430.929610433328 466.131196410497 464.139265104469 447.722663637099 337.108514672903 492.227591777772 517.72784762824 362.202537894549 411.450446477261 432.309188029365 482.886223056694 454.928804376185 437.702833095621 481.854443284162 486.596232632577 411.851483327892 461.851839072145 427.689096360608 422.366614239713 453.100376907042 436.352490011586 389.155357838247 396.243521299265 435.339539957862 389.62122071147 399.154320136606 393.272310195525 408.270661111689 477.385530488888 419.710620791085 323.647885782673 460.041528893108 509.94765821636 411.716929785154 499.169550156231 463.795140173606 513.967086773138 494.716169928412 453.000280179713 387.687137962279 430.445407363907 519.376538253056 414.169450586104 415.646996758575 458.412648936594 469.907436356183 452.068834727365 407.344097132474
486.310453906921 539.052013655875 490.71044131526 497.904407350871 510.493838164401 518.995378870884 379.648565671644 580.916541171457 627.262449720189 416.637320611276 427.214462644878 461.587498147343 627.519369012485 503.820168969823 457.681056954333 564.898075686932 523.67781709981 464.330847898535 500.34722540222 534.138994774671 530.979474877001 545.332802303537 543.557734246115 498.040335619633 532.462006127467 485.549116881598 480.612622025313 450.261531978608 460.47910996874 425.009376777752 519.222387497302 506.537875746641 416.918592355235 549.841382631597 556.982756553602 447.409544066902 533.102179817983 582.31420162969 564.539791256801 519.181610282575 544.994383064152 469.202868215755 504.382785301588 566.003885416101 511.77674376853 437.820589613883 534.051950233412 543.340215188196 533.370387187463 417.587535380164
