2.71708979400434 1.6542675935116 2.7795077551366 2.78213565018183 2.1694135811289 2.32474470010019 4.52869539263088 2.25987965872032 1.92243119445056 1.8945401125169 2.81303130233897 2.51344140022101 2.88064092579821 2.00542490528649 1.70642341678031 1.9946517699363 2.48596900138505 2.5549487991136 2.46921549783033 2.40634987680635 1.69147026437038 2.17447023505801 2.48330567230035 2.43621029613266 2.15945091155984 2.38036393438803 2.15594154493163 2.80211666824121 2.17887751576248 2.75703264951296 2.37329886225147 3.03571535615039 2.36772369590318 2.21898813623417 2.77558046750549 1.96274451527259 2.0256042245495 1.84962008276367 2.48264611116274 2.1273766300234 1.69452320368425 2.11573517817497 2.00971767141609 2.49325250501103 2.75889727507528 7.86613887939907 2.54284982647119 2.07851331807585 2.41575439168729 2.24981295527326
-1.4155681826447 -1.48919074286419 -0.92200405744828 -1.04829909981756 -1.13158588450837 -0.879126743200678 -0.339596868198983 -0.495478489516165 -1.06302422543288 -0.994662593491978 -0.454955000392353 -0.597924312696691 -1.3222062733804 -2.09232023841476 -2.48345780154894 -1.66565730071355 -0.625390016690197 -0.902054324962875 -1.63096333006866 -1.47582747088882 -1.33603079934994 -1.07854846136569 -0.763659919815578 -0.856506052214527 -2.5193141255458 -0.485151756913745 -1.3652530923634 -1.90494494979117 -1.95859132217548 -0.980901995024449 -1.7804697540485 -0.745745184667791 -0.109189334880189 -1.33521139310211 -1.32104815825356 -0.930235256106261 -0.636260248608701 -1.07190025931248 -0.90820044353284 -0.722546590342782 -0.489394122707886 -0.657214337072146 -0.891679052452325 -1.42760073723468 -4.27268734840912 -2.17902391755561 -0.362999623858703 -1.21441506085072 -1.03407928940867 -0.888847943977022
-0.141713897740101 -0.247252123800103 -0.421375721340902 -0.0609485070312582 -0.117676454405304 -0.129490814139245 -0.205776148576658 -0.100407275610448 -0.0528126791697379 -0.136830584122156 -0.0576360074808472 -0.0981146730627615 -0.113892822209627 -0.0609954338045475 -0.122464482710474 -0.148325921907827 -0.151131014122647 -0.0666676047721785 -0.0975168705013114 -0.0979826084238388 -0.0935852080305082 -0.119141093871847 -0.137646620372931 -0.213272958752047 -0.0887644487499493 -0.0311631575253659 -0.244641735817102 -0.209187170209564 -0.223700581290238 -0.138766313309892 -0.214547176251499 -0.0789496007971385 -0.0882325158200944 -0.030748734429069 -0.0828843096638139 -0.149964356235551 -0.0211793508258758 -0.119401323309591 -0.248478690879227 -0.232089679772194 -0.0505517941140098 -0.120512457306646 -0.0617631872770683 -0.072531199872212 -0.135430916015878 -0.480859131820704 -0.0911269806295578 -0.11327996652471 -0.339443763843215 -0.0720434371482096
4.34144658062123 1.9372333106519 0.34494378175058 0.781239452794798 2.66526182151363 1.83975023776228 5.26197562047115 0.741362591073049 0.948350253605782 1.51390168736564 6.47354437551854 1.04616980571758 17.8986985998668 7.86421118125173 1.47666436543074 1.56824440361967 1.31167930467316 0.824382519443048 1.35856306748248 1.60661941852298 0.555227209166659 0.803186021475853 2.01509903740844 1.2864018063387 0.717120595756268 6.81963437005836 1.85843123333779 13.9657774437709 1.62737972748315 5.59367872418376 3.59849189565827 1.15006769335015 2.47165227573168 2.67536178473431 3.32547716649118 1.69529427032324 0.189001626074118 1.63238192849759 0.749789725247434 2.52212966859128 1.04021209623137 2.81182195028885 1.82243772470741 2.3490418020115 0.930813685144394 2.34690537826877 0.999216676401664 1.33566814451553 3.75243098252649 1.36734169919907
-1.14111677500453 -0.15693220352347 -0.693087991350993 -0.0290447288268296 -0.0762518002533527 -0.0287316999075029 -0.785779592630919 -0.174912806508968 -0.0598247891159212 -0.200925826738757 -1.00035162405325 -0.145337808507733 -0.866289294088483 -0.114983977733098 -0.0474420056119648 -0.0246927791793663 -0.0670269960976058 -0.547963298212296 -0.149374204418173 -0.564864385864382 -0.0593987314507557 -0.0386726869530353 -0.032312177855821 -0.636684668672166 -0.603867526152021 -0.513525398174634 -0.0307635223946173 -1.04299682306012 -0.111774993095222 -0.252822554236325 -0.327332882960471 -0.734475958634125 -0.195529941488845 -0.9036091060979 -0.130900963203623 -0.0822771871028326 -0.0522274068840596 -0.152847161047095 -0.0755557572904726 -0.0556159832074579 -0.377497980880231 -0.05749005813967 -0.0878563935539897 -0.381799870073003 -0.457752255617206 -0.0324430694681793 -0.695313320993799 -0.544712020023846 -0.0654352804184911 -0.235723112125688
-1.03759167096109 -0.242437950584165 -0.883648198656232 -0.227745210255153 -0.154502734184761 -0.292042963485882 -1.02910125375 -0.140247316298851 -0.509346535948507 -0.476150455084256 -1.25280207181529 -0.663741093472228 -1.05993459727632 -0.322170241148159 -0.191216336426328 -0.446211167647477 -0.3795638124479 -0.359157409686922 -0.420582814955199 -0.802610021443312 -0.205218487893458 -0.224100888757903 -0.565949107106782 -0.970370535084875 -0.784961544679294 -0.406040390762124 -0.278006145187663 -0.909763367235922 -0.41879263734229 -0.575186002466637 -0.294748058525567 -0.68316304801852 -0.283591934056483 -0.949032608734329 -0.386818418116201 -0.224546088822137 -0.385562456128432 -0.225757620718084 -0.569412803721678 -0.12916824692509 -0.223798375650901 -0.523146338847378 -0.242859037500915 -0.457499277861057 -0.627115860725468 0.0156467023569907 -0.792616729563685 -0.400475272170839 -0.476952965739507 -0.45675588819706
0.760037257312037 0.908933373414663 1.20061480120796 0.28896926710503 0.371831035340376 0.492544967180458 0.527069659001961 0.252084356526346 0.867077745052056 0.680808375214989 0.537614079223307 0.448361979199842 0.666234254358716 0.562656388279119 0.625432098377856 0.584424638275339 0.452044798704218 0.442931360322915 0.358332872950818 0.888584850401648 0.85831678947534 0.401166096637807 0.542732318481419 0.5331621494893 0.639563580704907 0.549636423516597 0.496885707888016 0.670491067046524 0.504258091977786 0.240998337153127 0.477566934083273 0.380455833035416 0.320328187838588 0.76224948490843 0.364051541589102 0.810759617471814 0.67040987082511 0.789485438609931 0.463745920516563 0.463516686192053 0.681233656620737 0.562056012869109 0.637674664567257 0.573555655717635 0.446758373478097 1.06094028265434 0.438250229433619 0.583855795035898 0.639538300332521 0.558900832569649
-0.297866751747114 -0.325259625693222 -0.372791971333423 -0.453789824500415 -0.254622481121299 -0.509175476660332 -0.337448269577381 -0.146317008960745 -0.571822373388868 -0.204832337451476 -0.59465002186903 -0.254095843394033 -0.177722662168556 -0.292616003974662 -0.331177510143848 -0.23006573234562 -0.403689784945527 -0.236783456165768 -0.242324154093036 -0.384711047177012 -0.254018524884989 -0.400105810346171 -0.524242897425007 -0.296247012838809 -0.146674956360369 -0.444541171702701 -0.359327713133529 -0.298204119431216 -0.449676705534361 -0.564021892849183 -0.297061917185948 -0.280697183489028 -0.170578025924679 -0.279561242849559 -0.266479197512457 -0.424767895658362 -0.531702040705703 -0.283421147568425 -0.786901621201225 -0.356278603971454 -0.23748158341634 -0.315266792763582 -0.378243585744164 -0.362513017442683 -0.260328039197491 -0.469978106824156 -0.191778659795806 -0.349310025762994 -0.427483118594952 -0.205698600531321
23.5696720026285 5.98813737768515 94.72503005681 3.56405200139644 3.16386843804741 8.21970275588495 80.7916962283191 6.33982125322624 3.37094426726359 6.74823171406882 78.2968874903777 -0.588583067615642 61.473462074663 12.7310533721667 11.1137143533384 0.598996821684284 6.26237270799333 5.7735406477727 2.14206195795116 0.495123040529193 4.0535463336168 7.47966773416356 2.95621490516001 4.48862814852945 19.9583965101915 15.5521359797556 5.75254876799847 -0.0923148857945073 1.7275564567002 13.8381544052071 2.13608892365703 6.17904380869913 36.770824219981 11.9644951588523 15.5129475751323 5.31742525901104 4.97662877021327 3.66653111263417 2.40118911777411 11.7071388537715 5.70315215303181 2.9838561850446 10.5747362849203 9.64009495514784 14.8430809164439 81.1759844481273 3.8142730390724 8.98758891724052 5.67051527109352 6.65612142215257
3.38756427099424 3.45178715739703 2.65789818637272 1.5395879063511 2.12749817682234 4.25795705574205 2.39202174820442 4.26357679371929 1.18189321469325 2.85160026367118 20.5624374157823 5.4946633193716 3.67947748525773 7.09031031111428 2.41865111953353 3.92707816647803 1.66615085785867 2.99354864990327 2.50156426463732 6.50182108962454 4.64621326302564 4.57149647173528 5.23384483984577 2.00608413748822 3.49329021290437 4.69122625248756 5.00377036191545 7.0714335694571 2.42776931988204 7.83471518199774 4.14335206914692 2.8976507013893 3.43468783221371 2.53670059236806 4.4742263771432 4.59967130179276 6.15178162563391 5.14673535524512 6.80688308018213 8.43427075088386 3.93029040544873 4.45053766629284 6.07386720031892 3.92841567143465 14.9744135547145 -0.0469517372708083 2.33306222446003 9.12708344454614 2.45258130964524 1.4926858954715
0.392576620669428 0.146161465116421 0.101652355752613 0.353936130313303 0.423926946592028 0.106686527321641 -0.00494759337132715 0.10675419443329 0.480091869787626 0.198646839153081 0.00466555241129942 0.724525480529589 0.0113988876239757 0.0203241301798132 0.194264359010881 0.104453294637004 0.392504528928744 0.112453111731302 0.212774973586187 0.577418670664283 0.081708345120302 0.0774222465361605 0.2351180506457 0.175843853096586 0.109638494291253 0.0324032301902628 0.058478831981747 0.536700135174265 0.344723297047243 0.29224085934614 0.0968519938094568 0.111699380715444 0.0867121435277343 0.538186867591085 0.0383003912598746 0.0419207147408211 0.0912372813959385 0.0754274512970814 0.442660240010695 0.0963579959134227 0.055609334506367 0.193675449987271 0.0507719538140885 0.0282442478069598 0.145986194045908 0.074681110393401 0.200831966385003 0.182543629119574 0.0754828357225874 0.340479003471336
1.69370903505016 3.04480100796275 0.205813757341844 2.23922651669817 1.19601384278499 0.965024738429505 0.0539944839564357 1.74765461907207 1.29108614256453 3.89745614405949 0.548764407381522 2.82294733756611 0.476952929161434 0.803071348805992 1.61937735480125 3.45191602253487 1.23933540316344 1.66472556707927 1.48991613531144 2.27948689465576 3.88147599114489 1.88637764020831 3.83458272804278 1.39404038505603 1.47726360845133 0.889560846902034 1.15651493930165 3.34484106171304 1.91499781383825 7.9463634428874 0.841204145476212 1.16040269452487 3.42167269527816 2.96698005518331 1.91720395741178 1.26476331169322 1.47702973670204 0.913162597073194 4.33911293428585 3.44644955596013 2.12101372141844 0.784185235971885 1.03398245219158 1.16754672683122 6.44150082887267 0.0125598297551991 2.02617086196693 2.39722421185257 3.18605520110252 1.66219268634184
-0.943663799056484 -0.741995634016284 -0.725930757628795 -0.258445901616361 -0.993724604197695 -0.585197234194662 -0.0491949922880435 -0.575374002149697 -0.647230634657692 -1.36635046511562 -0.868354496471445 -0.608929157125471 -0.427834492858543 -1.00467413168589 -1.10470280228543 -1.18078907633021 -0.926296415747982 -0.513450045429202 -0.685569123611719 -0.594560868504077 -0.993323426264912 -0.830877078975628 -1.08713343323111 -0.582272834150524 -1.26461489605317 -0.706323672210806 -0.795016822615999 -0.799884987537961 -0.643387078822649 -0.858489534512463 -0.597600416611616 -0.425249124657183 -1.23360057240403 -0.79206944882734 -1.07471444502339 -1.52116659324728 -0.753092162738338 -0.736677480944868 -0.878189470746462 -0.425808732276706 -1.35850293276508 -1.29982011205669 -1.14014290717372 -0.703941768228577 -0.0155066349924123 -0.33921837289622 -1.12845313874818 -1.1388268695286 -1.08488639675326 -0.720084393394975
-0.260965368859854 -2.08422058698182 -0.782931666535591 -1.48988687778319 -1.18277264863354 -2.10553589675546 -2.85426318875626 -2.01204936690849 -0.763626443628757 -0.926337204120326 -2.27393928473512 -1.32460598115263 -2.18351326909974 -1.06960328474267 -1.7151159077915 -2.14663701672407 -1.4922902431752 -0.846157832283993 -1.53834198466402 -1.00601391362679 -1.71287705376069 -1.68793433271 -2.05704136046841 -1.57772329813266 -1.29943029377293 -0.559841577538278 -2.77507552623313 -1.12981326748291 -0.657531535188294 -2.14528126742628 -1.08843601954463 -0.924563057580078 -2.16449847282015 -1.29187897024026 -3.0211184145848 -2.52352239994938 -1.61050413989108 -1.92592248585334 -1.50514316413155 -2.28947942324431 -2.44209606898118 -1.47442062489332 -1.67102411024357 -1.85746841521191 -2.75949112358634 -1.49558315461483 -1.11010830408893 -1.871083142422 -1.42393762516601 -0.951961548332359
-1.05497287906244 -2.69457349346077 -1.56958555317819 -2.27786677555956 -2.70556125723564 -2.48673024154886 -0.346027449332131 -1.36892249765379 -2.43576247462176 -2.8057439535138 -0.452658663451613 -3.15720089886528 -2.24849567202919 -3.42220983074207 -1.97455343846877 -2.8376483444687 -3.35347415624113 -2.34414706462717 -2.14618203555586 -1.90183609718186 -2.68400456502206 -2.45564854523972 -1.84324377323704 -1.61099299946486 -1.88416890088241 -2.03311009774253 -2.40849986920377 -2.31662019123729 -2.02018856709573 -1.22635403075308 -1.46319679524818 -2.1138512344373 -2.42442554688935 -2.39602969310007 -2.60613217231449 -2.58131863494812 -4.40077375972669 -2.5018174588574 -1.9455958321144 -3.08026308226577 -1.83816763270221 -2.457785281567 -4.61942894940835 -2.01436061970899 -2.53550481493377 -1.8035851651761 -2.23396914525311 -2.54600222866913 -1.89715873296305 -2.48034340307484
-3.47111436147035 -4.1998347117663 -2.7601641671512 -4.42728450588873 -3.46617916516369 -3.28131471420475 -2.33620816998553 -2.99733280876204 -4.04270915990319 -3.91658446538104 -4.21383730468872 -4.16307981509592 -2.89100428149107 -4.83427165730798 -2.8903565092517 -3.35341215632376 -4.0295358400618 -3.2085478439205 -3.4512330881823 -3.26134073061619 -3.48180236066186 -3.53869106782577 -3.71480884094872 -2.69721649646156 -2.93268703875362 -3.37728621685384 -2.9435929674174 -2.34331799173936 -2.70719483778326 -2.51102960212581 -2.83328442514743 -3.32141745709332 -3.24277160576038 -2.47092918554237 -3.70635956316288 -3.25276994041245 -3.5963565773424 -3.67674741602173 -3.91793219056752 -3.669191494931 -2.43352793786409 -3.85644449340751 -2.73381175814167 -2.52339653666042 -4.13148194545329 -5.82535938819445 -3.2262053360949 -2.94750105553059 -2.51043912443515 -2.96914158314827
-3.19379568459583 -4.08351413287562 -5.1981631596644 -3.36964517767219 -4.09538306696038 -3.0113104081342 -3.38701935361397 -2.96909920094381 -3.56399527323976 -3.37761017317005 -0.92460984644902 -3.9083482574709 -3.14294249454805 -3.42836548996675 -2.30340930933092 -2.8617631948947 -2.9812819619633 -2.71071663873751 -3.13550379791982 -3.7061953979161 -3.90480717445767 -2.4538403534027 -2.89675405662721 -2.34673533291259 -3.67452288845987 -3.00513096450011 -2.47520336138834 -3.65628270822241 -3.43724930949763 -3.03461062030587 -3.48500194140452 -2.86656177188135 -3.11736513153136 -2.63301231430645 -4.24896124594263 -2.54954425688408 -3.26746030386205 -3.50962751372834 -3.88056891304554 -3.76416560212251 -2.60960719252935 -4.15693302334856 -3.4693609614201 -2.95716197188894 -3.69304560129975 -7.08358050909888 -3.1770001451875 -3.05712222709992 -3.06884976542628 -4.65054998029432
0.392397712776763 1.4711953581132 2.25229226144991 1.67317316220793 1.62996544329623 0.592436556194209 0.845664618861813 1.65917573659105 1.56130767115987 1.40825079980287 -0.0270483113579383 0.611521376147284 1.22408261078929 0.654484028461723 1.30442436941655 1.66705277931416 0.754715152473886 1.91809923742202 0.925501069929472 0.280586653170943 0.758438052636884 1.01948408854074 0.39309894453683 0.57224304176951 1.5063338249145 3.39715938064087 1.43437585608104 0.405953323590231 0.600020048139237 0.35452271057753 1.08125009982414 0.806398560708253 2.11721967085959 1.82711740325946 2.44267405107889 2.31059827869043 1.46864596909667 2.15872702511422 0.633552304608481 0.811167907381202 0.766710947072718 1.74592835692306 4.25203649432198 1.19613996776209 0.768334123502703 -0.0621862827053856 1.94597989774134 0.730674681445682 1.755934647442 1.32551908486927
11.0085207423132 34.2334592721861 21.4963020382342 27.3767675780143 19.0901594789905 25.6001582832117 51.1838811446736 14.6906598412446 25.4715892137741 36.6172836891712 24.3623512076852 60.5475874293096 31.6275009927048 25.3466359169289 21.6048308590096 16.17955897008 45.7305287676943 48.3291365235293 49.496114568987 20.2871242564096 22.4854281223837 17.8866034005651 26.9922857990177 26.3188057301903 30.4888061088014 32.5216714814897 16.9939207855256 47.4113992491528 32.0056628431794 34.4985729799538 20.1871112856895 20.0901124407551 48.9711654059017 1.4513143675325 23.8517094809244 34.9526588553643 27.6162607218756 46.2508879104361 21.3215623026294 41.4523168599918 29.5536105803122 18.7885587794266 47.9110288629564 20.8866482045703 39.2142309605028 62.987060253003 35.4426708257588 3.05029759396333 16.4283905960391 24.2920903238171
1.59229166876555 10.6417064042854 19.7976820157213 16.5651578575518 19.1357024120452 13.5661901849004 2.69013065641246 19.2878059372532 15.4389153867744 29.7653248912366 2.06708425083698 4.55646770668711 7.25576703134626 11.2369929916793 20.8805674308055 17.240650610182 17.8729763481312 18.1427542950127 15.3728621996226 2.65621317331442 11.0996837480922 9.01229842378274 3.65752048306968 24.610884409153 13.242387976336 16.511544374637 9.64769433652744 2.11289879222956 32.2690281930817 3.60829884428565 29.8721217807432 18.4625370845642 16.9126074739986 18.8201431944969 25.7108330597399 20.2106086974688 14.2125981493374 20.3180177169771 4.5514622590488 5.03965579605126 31.8461188393292 21.8077821953318 23.1535744584258 14.3181499140354 3.74803280043726 0.3414985799045 19.3772729273606 24.2592953579567 15.7271681654489 20.4504819513648
0.25 0.25 0.25 0.25 0.25 0.25 0.25 0.25 0.25 0.25 0.25 0.25 0.25 0.25 0.25 0.25 0.25 0.25 0.25 0.25 0.25 0.25 0.25 0.25 0.25 0.25 0.25 0.25 0.25 0.25 0.25 0.25 0.25 0.25 0.25 0.25 0.25 0.25 0.25 0.25 0.25 0.25 0.25 0.25 0.25 0.25 0.25 0.25 0.25 0.25
-0.1 -0.1 -0.1 -0.1 -0.1 -0.1 -0.1 -0.1 -0.1 -0.1 -0.1 -0.1 -0.1 -0.1 -0.1 -0.1 -0.1 -0.1 -0.1 -0.1 -0.1 -0.1 -0.1 -0.1 -0.1 -0.1 -0.1 -0.1 -0.1 -0.1 -0.1 -0.1 -0.1 -0.1 -0.1 -0.1 -0.1 -0.1 -0.1 -0.1 -0.1 -0.1 -0.1 -0.1 -0.1 -0.1 -0.1 -0.1 -0.1 -0.1
