34.6245761919717 33.4928114472814 34.2470142532172 33.3769470730102 33.4924483347037 33.5224995625723 34.2562776443834 33.4666181481607 33.3186737126878 33.050847319252 34.7846245936712 33.6159474403133 34.4843301621426 33.3581665734365 33.80131913661 33.2941322072889 33.8039474970505 34.0729655358478 33.8532482852851 34.1175254730329 33.2869328569076 33.5114942707018 33.8089070331882 33.979769819236 33.7909498194911 33.5789742606225 33.3689606379263 34.268253128992 33.223082655625 33.48647637388 33.6901378631732 34.2744128212842 33.2249174060144 35.0568405393916 33.6662595099613 33.7130404678318 33.1112317145388 33.7149853596923 33.0817437488644 33.3132108586472 33.7658936827122 33.1980751977292 33.4922290043149 34.2454105062528 33.9181925169671 33.6571006139687 33.5740722583853 33.5418159958866 33.853128997966 33.5953384947681
36.7959760573229 35.5207177551754 36.3306170627723 35.3877281648817 35.4866544358238 35.6459795465282 36.4132203036721 35.4834961982018 35.3664690833568 35.1125478098659 37.0253549815048 35.6438740278575 36.793806131144 35.3747791133977 35.8920729126393 35.278684502095 35.8012486851205 36.2070150528846 35.9389496373658 36.2741482547807 35.2700935936762 35.5249119551364 35.86439357401 36.0414843289719 35.7997149593958 35.5541280690133 35.4012952077292 36.4562430141092 35.1474525450516 35.4941710770915 35.7871984349601 36.3783113155161 35.2812554853398 37.2185588199061 35.7562056295377 35.764545980409 35.0568484363119 35.7694794614337 35.0748535976051 35.3926647209562 35.9090099490511 35.2194399983817 35.5576037778223 36.4087819013505 36.0199526726372 35.7026241541406 35.5543306633262 35.5809255588924 35.9941035948362 35.6502154852087
39.1871289659547 37.8674953696999 38.7166067045556 37.6980596281784 37.8112984856816 37.9516527468021 38.779849756751 37.844511501788 37.6114672229297 37.3414413773122 39.4270002834076 37.9493633623471 39.149736231554 37.6831864794778 38.287547186604 37.5791148392565 38.2211385914749 38.6230272321019 38.2891494102067 38.591262780969 37.595199491188 37.8616820075908 38.2932693729017 38.4404869922254 38.1714021434008 37.8994100263627 37.7740001697256 38.7970708159792 37.5062800180163 37.844205034933 38.1344898041696 38.7321688266051 37.5414983093447 39.7129633069202 38.0362505759464 38.1277411827906 37.3586000430695 38.1234460934893 37.3381101932471 37.6820159959301 38.3038500617682 37.5237357395968 37.8622419142838 38.8070342322525 38.3779658678371 37.9617354981372 37.9292533610216 37.9078486909793 38.3364365464092 38.0179480155809
43.1898690077749 41.7485361008046 42.6933137659059 41.5512023576577 41.6764431485125 41.8291956504616 42.7548768874468 41.7194024249857 41.4615028864533 41.1357775505128 43.4465323736707 41.8382241134276 43.1393469579524 41.5486028136798 42.2089724393824 41.4108424120938 42.1125066254648 42.539839532972 42.216266121294 42.5422957769155 41.4452959594435 41.7466839152809 42.2110406829051 42.3678717488053 42.1006502632984 41.7936501151792 41.6670212165284 42.7622864106292 41.348306957719 41.7258410806859 42.0378027569898 42.6931195297328 41.3811637789195 43.7995501150739 41.9213734242302 41.9975372449992 41.1924601135724 41.9988470863553 41.1446982131063 41.5593995726422 42.2281983009022 41.3378178690762 41.7507411681164 42.7698305638033 42.2870378167508 41.8580623778533 41.8008494594513 41.8065832599932 42.2371913308148 41.8772211019113
49.0054227165506 47.3696792654211 48.4407862841762 47.1131749682704 47.2731280991176 47.4446309307016 48.4975177047734 47.2906945114606 47.0593262796502 46.6827096559896 49.2536601438417 47.4715156780909 48.9143629773986 47.1460567448174 47.8752619966557 46.9865239758681 47.7727447659421 48.2398236844604 47.8737945857339 48.2482766773149 47.0296235431085 47.3649608734867 47.8804597100168 48.0196573725625 47.7916389189633 47.4218949053625 47.2559193577183 48.5073194320986 46.9274837449452 47.3548470594047 47.6872189893361 48.4446205894302 46.9339620184605 49.6653846618825 47.5985881550683 47.6578476147328 46.7454029642156 47.6672145882663 46.6673737607177 47.141815315317 47.885389153589 46.9202640823696 47.3823606447234 48.5529858868137 47.9897243659348 47.4962320910864 47.4259608115955 47.4285626963676 47.9524131114582 47.4873633550086
54.7806317644655 52.9535794559011 54.1416401235982 52.7291276449917 52.8845275420353 53.0376859508894 54.1832379055771 52.8976961811351 52.6572088622429 52.2354101564616 55.1095415529608 53.0953530899703 54.6751306157921 52.736216792896 53.5170214014703 52.5887391726208 53.4095812980046 53.9629734142553 53.5724291948663 53.9526809782301 52.574486574767 52.9968203790173 53.5513694445238 53.7333966480267 53.430922352034 53.0569058508306 52.8351807300337 54.1912268768626 52.4888985662013 52.9844086290301 53.3383047221909 54.1639792823134 52.4843423499654 55.5296697007452 53.2263093838913 53.3203784737332 52.3005500722026 53.2805087867308 52.2361644321906 52.7048486285513 53.5604991209648 52.4828449802327 52.9701454316249 54.2513939478592 53.6801317387228 53.0920074017588 53.0064700413611 53.071354260337 53.6021399810577 53.1123118631844
5.85921584264084 5.69459446424069 5.77883185888552 5.65108037317686 5.64624168661396 5.67845966577885 5.78383754449938 5.6610244671601 5.6603451452732 5.58989360394373 5.91261806946712 5.70726328846413 5.81594672796882 5.65132763471312 5.7276394046059 5.65963797819053 5.73659595698069 5.76947237114297 5.71328325466473 5.80460106823865 5.6484645661601 5.65368659124397 5.75989657290836 5.72879491051485 5.73613006243508 5.69180903956699 5.64418280363561 5.8035400408431 5.66190134894216 5.67803114542568 5.69567621489109 5.80701487059258 5.62764876030063 5.93265915332275 5.70547718868834 5.72612855347337 5.63608380558492 5.70347525388216 5.61950374626608 5.63681798484798 5.71628289343608 5.63168599300478 5.7188083690838 5.79051400941536 5.75550548170985 5.68247667314219 5.72349688055226 5.70729426457162 5.74055409852736 5.69502379185834
47.460887677653 39.0567941117977 46.4931035174941 37.0575591598668 38.7903671804284 43.1541623915052 49.4281332737015 38.7535264973512 38.6644668543074 41.2985595404029 46.7057649732536 36.0245750327794 52.072062648786 36.6178858748354 42.1802706885743 34.4837808263107 41.9681971005822 42.9832970168417 40.3905900700457 45.0617014262201 33.4745968794467 37.5488707490387 40.8346327980386 41.0430648838733 38.5178597479226 36.5502932393862 38.4275099407036 49.14741125031 36.9677019261023 37.3360533586258 39.8546531730348 42.8534977975516 40.5924456654402 48.739060886065 42.237824804875 37.5332477138656 31.4600187451684 41.0448467794817 35.9563738268774 40.0863543855494 40.6492495371545 38.5430075092363 36.6223999638407 46.2736212276094 39.8952504101173 41.9236026852137 37.6905661801622 39.5137688954346 42.0593753167655 39.2905708812
40.332525310928 35.9811760600654 40.4917401023759 33.138570496701 36.2518859440609 35.7664649245786 41.494353770405 35.902636342535 34.9528481111217 36.5651200323826 40.707415543104 33.6169748084414 45.2602104894246 36.167216780314 38.2991403944825 32.0608118403699 37.7955263561428 38.5302864168517 36.0681130739006 40.0701443747466 32.170872536084 35.4375836365287 37.0673426636365 36.8758962982029 35.2177867843636 33.4953380657563 33.7161605236252 42.7327370353216 34.4769471935171 35.4360863513508 36.4733204018715 38.7727286609824 37.0637846340143 41.8053965700156 38.8552725648039 33.3706244993808 30.3640023963807 35.1194421467049 34.9540814371651 35.1387672999643 36.7636101954721 35.9373318102995 34.0235248165396 40.3567797771331 37.3627851264115 35.5010954581616 34.2115780456074 35.4791186956831 39.5794719637176 36.4378150724267
79.5975908074187 70.0302076042002 81.9202717894056 66.7820169559015 69.9290232246809 70.5890096073051 81.9776225336099 70.394751294239 70.6068194414204 74.0521591504309 76.9586029209785 67.3766265744971 83.2206815841254 71.6980911902238 74.2783201811507 66.4622557134542 72.0952024781458 73.149579552808 71.1257248498405 80.1977738968182 65.1112709461968 68.7753103363519 70.244503108173 68.9799224975679 69.5958154951493 67.4067537868848 66.1977707293152 81.966873038925 70.4605164955583 69.7397775101443 70.7595632641305 74.7301286219263 72.0954734166422 78.0660750688232 77.9482694868684 65.3068778461555 61.6413442816761 70.5060672747087 71.6906194348147 70.1857805613093 70.9198073228078 71.5155639346974 66.6450238507088 74.7644319438595 72.0529220976286 72.9463569201572 66.8309816774109 70.1972806614946 74.6609476395493 70.5533386599357
0 0 0 0 0 0 0 0 0 0 0 0 0 0 0 0 0 0 0 0 0 0 0 0 0 0 0 0 0 0 0 0 0 0 0 0 0 0 0 0 0 0 0 0 0 0 0 0 0 0
15.4780929141357 14.1010292630603 15.2023785574529 13.6027709918857 13.6310188020893 13.6249974854612 15.5892524351539 14.3295121145776 11.3390832009469 12.5888302061803 15.2571084101968 13.8713171738767 15.8616010562933 13.8485038687481 15.2842517172949 14.1821253014462 14.0605769667812 16.4761389681905 13.6629398573584 14.3919636421279 15.1094797945237 15.0518399447311 13.3919046210979 16.064224614659 14.972603116055 12.6917904867897 13.5231717605356 15.1193763272189 13.487132656896 13.5291114704152 13.7585826557758 16.202628619499 14.4877795364493 17.6001768833504 12.532711457602 15.0838076167379 12.8110925493918 15.910569187579 12.4349342217637 13.5959616524117 15.2302453819875 11.8877777515568 13.8758416240763 16.0685384270934 15.2750314001855 14.6687219556403 13.9035843838013 13.0176078595719 14.4680332740535 15.4800468933288
13.7646903161387 12.5067827444201 11.4790106758143 12.1206335673363 11.3862765383297 12.066255936174 13.7768424856062 12.7975168046481 10.6720913349747 11.3927304248035 14.0208671559624 12.6237636162709 13.5678559163271 12.2948088613753 13.3293248703441 14.3160419033719 11.8598076119738 15.794189650542 11.0789545679454 12.3339493380322 15.6500624804279 13.4319781374693 11.8609090405656 13.4539065461712 13.6210244823082 11.5741926727505 13.1114053421455 13.2121784350108 13.2996189557617 14.0536709535773 12.6306141799271 14.2246533357458 13.4032795825309 15.033765226932 11.2973327527661 14.3344921899319 12.1740074114333 14.6333272493749 11.1167066872962 12.0456937483841 14.698810955058 11.0151537385244 14.4140913658114 14.8692140507437 13.6493841601377 12.6007070847328 12.5096236174393 11.2593373708926 13.819341266148 13.5904743717693
17.6421932823056 16.848711861526 16.3839445577101 16.1270068188579 15.2935766539735 15.9928952569707 17.904559439856 18.2801915478227 13.9857400933163 14.7110482186861 17.1677834741275 15.2365606986637 16.8898437790649 16.0077360659934 18.5029144330428 19.0455343133389 16.6875271321447 21.143533247997 14.6620188273449 15.8420834609344 20.9059784830771 19.0597025573536 17.4285523945183 16.5013487747528 17.2797681336641 15.6296068019431 19.0266933445292 15.053495090631 19.3588076300824 18.361788421526 15.9710193389263 17.0585269464501 16.5053578187155 19.6207733688897 14.7998098567876 18.7467943948402 17.3533347463403 18.823573292984 17.1750433602934 15.6261046430197 19.128324344857 15.8722700585784 19.1667014913183 17.6690585996422 17.1963927224487 14.9712354331134 17.5656726530165 17.401444362333 16.8893111355126 17.545439038406
25.2866003789075 22.4756501826847 23.4862143676251 24.2383143911321 22.5086926153349 22.5750023927901 28.4775178162668 25.2473151230341 20.5684048296089 21.148963310414 24.4392117013856 22.8487736080788 24.498581938291 22.0519140003926 26.5636043496465 26.2169102504952 22.5407163088172 27.5557633552456 22.1353772936441 23.4436377336962 28.5978608728145 25.8141911600541 23.0053720109585 24.542394328365 23.8075857927144 25.385434420631 26.2879242872553 23.7425854252451 25.1935195483293 25.4189361965825 22.0834670547825 26.1865264003104 24.5592960149078 27.724524563972 22.4548065980026 26.7420923806358 23.9030250505718 26.4668356117534 23.5640954674004 24.0665279130946 26.67529365294 22.8766177404347 24.8568609449483 24.7768876807468 24.7993378188719 22.182670229284 22.8441847432019 23.893847788745 25.0977164566398 26.4101150873203
35.8772894961958 31.1306094950579 33.4757915679888 33.940312370719 31.2542219180003 32.8394498292422 37.0310924161346 33.9396665034413 29.8989996300552 31.3029521749867 34.6307726856419 30.664007416207 34.8912369622899 30.5722518672551 38.1037215835296 35.2623761620241 31.6248109126163 38.9408358301748 32.1615168260075 33.2347099271117 37.5561998468933 35.5890412166175 32.6707397487317 33.5316715979643 34.1454324234957 33.9886087868101 36.0248647851528 34.7862865224258 35.0066791532327 36.3457988860525 32.1417159079676 37.5148765591914 34.3572757185861 37.5993796348408 32.2293321364377 38.2496814185088 32.9238543614044 36.4305070712811 31.4670528015563 33.3372221887086 36.7092671530625 31.4806597587998 32.6113741025955 36.9487956504603 34.0714427001576 30.5485690540607 30.8459506929896 30.960066900788 37.2841660633142 35.8569189793078
44.0068096488584 35.7840597633703 40.193650369025 42.202081152092 38.4613910829476 40.778806490617 41.934466597096 39.3578181474401 39.1564148692678 38.4920386656938 44.3490769073129 36.2610328904177 45.097968281043 35.6998599525135 45.9141998274982 44.478031982147 40.5845996114092 49.8857680841763 37.2867853081698 41.6572326658952 45.7175397370849 45.6241772784219 44.3705248797254 43.0491294205396 40.3282402331143 41.9509367434173 43.3162653938172 41.3432574302778 43.6439741305118 44.945020855557 42.7716750996575 45.9762935048572 41.9532588375296 49.4588765561942 37.872649435277 48.0087159159636 39.5839495712561 45.5951801437736 40.0605662298145 37.23032866263 45.3899424393447 37.9547460121897 40.5551901742759 48.8417706045918 42.1855839180277 37.2812707482796 34.4193119975485 38.8152769491996 46.7119883456547 40.3449724827473
19.5852580728101 20.4652888163833 16.2642347462709 19.2784104506019 16.5724015373487 19.6276083562841 18.5244771753282 18.1268589187356 19.2662726984585 18.5546019766456 23.6818690344269 18.1992939731499 19.4845996162656 17.2718408490226 19.4247707918478 21.5212623177074 20.4470045162984 23.7503915188616 17.6081723557396 21.1249414182576 19.4372472057488 19.0203599699047 22.881470553924 18.2403172575567 19.5191800752182 18.1794495797928 18.4157608625811 20.6453460910156 23.0965471491979 19.5647073823561 17.0310918694112 20.3992560440057 21.0591670234904 21.8104717855742 18.3586530205271 22.7534319005608 19.9830168125107 19.3801702969211 18.3846739659087 16.5812490118736 16.7175450736957 17.7048599179624 21.6547412231602 20.5401472877688 20.7097104869791 17.8113281282103 20.5535883445955 20.7555670697575 20.9718835029161 21.0414312487329
-319.37251939111 -246.732443058811 -344.986366522514 -217.537129117407 -225.8841069617 -317.59840014184 -382.530319825679 -200.004157615691 -197.89097671561 -317.340546147533 -370.428582062594 -169.406699566471 -405.266458926371 -169.520838586702 -265.569305351322 -171.576383034602 -266.396034170353 -252.407286394127 -280.281592777736 -271.475177839653 -152.17480094373 -241.064905590865 -290.105747568295 -268.315420245938 -228.544659941318 -188.981825875944 -210.040380227681 -340.21889505077 -217.624027783851 -190.702705088757 -203.837423195452 -278.93025720543 -238.95956210618 -327.370769396703 -263.832699512556 -226.434635065235 -130.200001792704 -272.09134481016 -175.018413476199 -266.372572030788 -258.824433629239 -251.53398027405 -190.159453006996 -301.301720165591 -254.695671709663 -301.567985689237 -235.627351681048 -254.986205285639 -246.406059355829 -214.425560234193
48.8081638219687 104.282518183397 28.3586864300997 92.7507947149329 130.210908570358 125.314039647658 38.7681042745008 128.299288851576 106.30252507755 88.1292076528195 59.0568506700829 90.0727670617624 92.9869112938579 87.584427604465 95.3970066944798 104.932465774712 105.346213482365 105.591541226675 83.1821102451724 59.0027820088251 69.700826776513 117.878399137287 123.979556547701 114.962515256803 77.6112373713598 102.619352037892 124.646507217842 84.3162265585746 78.9361487233543 93.855956759142 130.835288865295 51.2065600348548 150.22789724617 80.66464157029 76.3268930070702 114.060482461124 95.1047733831833 82.0649282876844 66.190790143106 104.302102362932 109.349436002988 85.0852047382661 101.952799937948 96.5056799538625 78.9446949779664 70.031003107232 122.112016834807 119.906374962436 102.741851799611 118.04182470399
-513.300267113296 -895.915104102233 -64.0961044746798 -270.833776181562 -744.861097923291 -1670.93845421263 -542.998817663082 -984.579142226019 154.312761186882 -766.130493922243 -690.050705512892 540.027906257603 -1715.22716959709 524.333186103702 -846.622528939696 718.669022346643 -1246.22308107562 -1156.32786825916 -447.039443004509 -75.6370197855153 984.170385498219 -341.094834181866 -1311.19064590201 -1160.25948110639 8.29036135521588 -160.993592569254 -953.118217627467 -1160.81991892224 287.90670363961 63.4373855977189 -166.870691557829 67.5184350067684 -1006.95981868796 -851.543219375772 -363.362511243895 -789.152179279759 299.796034923912 -1197.10453259084 778.124182436183 -864.083002909212 -239.990105974364 -61.0046991580842 147.265490699822 -1727.95005422742 -396.123601190597 -766.725301546655 -748.515388977228 -198.683373901804 -551.005795432562 -438.52653347807
735.562985826127 769.888798835924 716.995099762483 774.442539846283 829.236132843195 736.241836700764 734.676843812448 662.984277028945 732.808482831072 697.887824866623 742.85256484022 716.829989158817 878.497052665474 854.471255530644 832.858841803568 651.905867168752 847.540349762856 790.914174452889 752.388551900167 689.408099985172 655.614069038239 791.951867008856 803.836532167423 862.785411688464 709.047151856243 711.948672298157 713.095554396123 746.117416369539 695.119853309257 826.76896171907 778.774944198063 768.726454781327 736.807250298114 801.113456603506 766.861851764178 700.035609339823 661.444340179333 616.672027909257 694.169107229751 730.812235373969 769.844837457971 823.622521105171 685.939984512054 874.189915417825 733.664549494583 600.604649206166 699.728049100147 740.060363403685 781.176071372599 720.610566765648
-139.013089111612 -65.4842191878216 -62.50073571252 -102.845847470351 -73.5681772804946 -91.7068710142469 -105.841382853826 -101.493889999295 -80.7019168371173 -56.4492469549362 -89.2624112194242 -90.1974995644131 -115.745407394905 -113.627119294391 -112.235640997562 -44.182651817548 -91.9801764373686 -86.0754792362913 -57.8740476084725 -110.62962663557 -53.0389468723937 -36.8395600985383 -56.1933420371492 -76.2555684035435 -78.1862149930483 -79.2838959666631 -108.227628147812 -63.3859434655174 -64.0113530733182 -101.866587106907 -84.0765004765122 -77.1685068157689 -66.6268610923978 -141.403556031595 -83.4526581560824 -99.572717125052 -40.5973730268648 -93.2575179412721 -77.0340077451054 -87.7891725385616 -73.005630796656 -71.4141904810357 -80.639173403933 -126.106091074638 -58.6897121288802 -33.7211069649022 -88.7797916130689 -89.0444282549431 -62.9421533495942 -68.4579317881572
-47.036688938843 -9.75968336002116 -8.0154078589715 -27.2755900564777 -9.5087243539966 -23.8706201948342 -25.889122945011 -20.5811456547594 -15.6909401286422 -2.89146685326969 -12.4791545897081 -16.189061729499 -12.1962336542122 -28.3166826485803 -30.9366699194767 -14.8672490119678 -25.8377858279056 -14.0629100741607 -15.813463726565 -34.2229938708496 -7.32857785393 5.40734247247027 -9.26986407908931 -6.64427332826121 -5.20277365388057 -15.7583400299594 -16.7102255680702 -8.51604899934667 -12.5951401153166 -18.9556818781155 -25.9617077259994 -12.3342507070123 -12.014716012597 -43.6539435616077 -22.2648798713078 -26.9441615086777 -2.49822787791148 -23.2148228337703 -14.3023500892858 -23.4900585402721 -8.60217029249526 -17.9994134689427 -5.43034552588905 -19.3861308636369 -6.54489419309583 4.48462500809937 -18.3927235639919 -20.2101744526018 -10.3246218356389 -15.2920948171806
4274.42950979945 3897.52562123575 4286.15862740359 3993.49397812655 4178.35077304765 4315.10836899738 4204.59878892696 3600.45992226302 3930.31176772105 4176.40077689398 4228.56246092257 3616.18995993197 4155.18532594963 4308.40960195479 4131.98033959397 3622.37705835957 4168.09671130376 3921.28203957845 3968.87873873328 4309.1621123263 3340.29642318439 3791.08925207655 3997.43566161559 4070.73551826114 3853.32695256221 3588.01816600271 3714.60943801142 4126.64066792217 3808.66610186563 3740.05187955773 4302.38532780219 4003.49601080395 3584.47586885904 3905.74885786474 3925.76980906484 3771.55727693988 3439.40826651333 3757.80497609592 3624.81513461591 4283.89140222977 3924.49081359964 4081.1996798098 3780.5158708641 4139.28307750594 3914.30786753047 3611.89756207594 3688.47495939731 4313.1178024052 4088.50734767098 3630.20989972648
864.402703618583 592.659447974359 800.357099075835 360.097328323565 572.592375669373 384.688501626427 838.677446667906 591.477699212087 397.225029148262 414.707675726593 753.894100451523 709.802148075408 845.843628100433 592.119168919386 553.689198584304 389.961757147553 590.998457787948 479.929099408582 624.513448086883 594.515362205856 629.466727605962 426.437679097325 296.716247660054 735.760323005145 652.448055535192 497.210731700474 411.399508462477 623.010600019823 304.589160640657 566.71686830697 681.733122247428 841.149901498611 347.989424572444 942.310257516166 606.602480094203 328.839853817316 262.261881306448 559.475929148288 337.624700826538 617.638067553397 639.405693135141 447.053468291877 458.097699287487 807.058514325174 593.814659976033 674.868378779739 490.356199158057 245.239741516658 601.33101351721 518.35606698024
252.92791554534 167.073217857649 236.785822305175 169.782224683755 99.9153400598108 167.106928612503 298.172112819001 120.566897948209 157.314408634901 218.685058556718 288.050585168012 159.746996072412 242.26823046114 170.144816651059 149.498890761469 175.222375235186 138.60628048685 158.16358174033 177.620466347052 178.001793415094 197.562875635582 140.019002283984 134.955151731744 200.251537050714 183.407944594971 113.713264902213 118.906515068335 224.920059375456 195.272213009898 203.018679488508 187.251943513824 255.795056632844 163.638749313837 233.744884840874 183.481613127297 151.133437716418 104.32846321606 196.612335087 167.450520869262 187.893738594801 212.143571372675 176.277185908024 175.382331188001 235.83019756155 174.440417517373 207.967009958755 169.98144517379 170.854366151562 203.335331676372 164.902806935643
141.424887934324 97.4560737617535 139.584618114427 98.1158187548527 81.5129630275816 87.3749475091228 153.862974154121 73.6467209183731 81.6758210488638 110.177972111964 138.853656322498 80.323128907946 129.670720567997 113.17539476771 100.061634095858 70.1983768697699 93.3856113367472 83.0393820714526 79.0283549093622 105.644564906643 99.1388290527572 86.6179204626773 84.0979971908032 100.977616407272 104.238667221546 72.9050120914082 74.6083090731884 128.301670502157 98.9445547848214 102.443794891671 86.6650855716446 130.965458350341 71.2388348449485 118.710778605138 102.6550006157 83.1225335453349 70.3266688194917 98.3168293460997 92.2655725854065 104.685597217322 101.26512383812 97.9710470864134 91.4604756551341 128.195766206971 102.314303220903 110.444491485701 77.797165963821 83.6555976949824 111.155712481785 75.8786368053534
12.2594448889975 10.2702205988947 12.6089359007015 9.32831456831268 11.9771394351834 10.606046059898 13.3001677597746 11.4023375064358 9.0255607425814 9.40981932926584 11.3966245522542 10.6312645558039 13.8920051834271 9.29589859978294 11.5292998880509 7.9548330261086 11.2393984059136 11.6199876465009 11.5565518650116 10.3563678505388 10.1998213693341 11.5405869146873 10.9704817082765 12.1632193777417 9.54153487241062 9.9042487453518 11.1741043060988 12.6850274581073 7.76803124145863 8.89122721804535 11.0493090742016 12.0187670617037 10.7575537850344 13.619840091569 10.5103814999845 9.17893764364629 6.97899119868005 11.2846350720323 8.53587691406034 10.3722509048941 11.1746840543025 9.38747010779664 8.70775611378659 13.324505262942 11.3556252053041 12.3593958649942 9.34464175772429 7.83303466575568 11.5860594571874 10.7196990076579
210.582959843329 184.42871658018 224.001712860897 183.359168739436 99.2513686190798 178.423583656702 282.914628383104 145.371660053299 140.801002393138 211.240944004357 290.331948684704 153.376702134881 215.246537264194 141.732451847295 199.520548053057 141.67699556253 178.702828642708 180.402414755349 203.605914534123 159.765151434683 183.24338967072 153.761523282432 198.585746558898 185.379606536234 155.673851943682 122.350400198523 192.093816280445 180.523833716374 225.216142401378 186.182752238962 201.250795665747 211.234715152592 142.592179905176 233.319281996229 166.244983876697 171.189762890756 77.0204471008418 177.639846364399 136.473057045494 200.584745482516 177.310716611471 165.806888389915 157.259554101887 220.459403916312 161.582958765668 197.934858605166 182.379088351398 166.055140733197 176.435543965014 178.689095509732
92.3332002313766 77.1503568595175 99.6797796446468 86.5460401761052 61.156405645156 59.7480007023777 109.226936905285 59.4935051615172 56.1722095406523 78.0141835518381 113.67510386236 54.3232504762913 88.2433196255735 75.8333171053081 86.6613794025301 48.5023384857183 79.8168787960395 59.9438746718178 63.7315512747876 69.4625763496407 82.0186573971648 70.6043090592972 80.0908603715463 71.7828963366894 61.2387998391612 47.1278528798655 67.5821265136193 79.9412519138859 87.5563300167892 73.5583938647595 70.913941411655 96.8849738056823 51.718397104605 92.7679433894053 67.791682199245 67.8781450104421 46.3668516023317 61.3346837865969 54.0328600830978 79.5011808933929 67.8360527748385 71.3424780374913 63.342325105345 87.2590770436941 65.3464716749259 78.611215174313 62.7168860875225 53.85556467181 74.6080830384856 61.0750744213456
12.9709429366143 8.98933185422649 11.042423858001 9.1296140756049 10.5884555040838 9.9277077616452 11.7837637315578 9.40400855977028 9.45005967540203 8.91933677136759 11.7225126095874 10.5387279930073 14.7303927792858 8.67978204366466 10.328328412956 7.37221138344327 10.0665044694043 10.1793726100361 10.2334206780401 10.9870629107715 8.16486174341828 8.73564277596035 7.63344281205216 11.5762168434692 9.81215788980809 10.1447328535408 7.31563689976405 12.6779393120622 5.4628965101091 9.51543648064929 10.8189723855793 11.5355477419351 10.4071992484027 11.5135450933983 10.4904495091693 8.12108529806518 5.30982686273483 10.511605461152 8.62723400419323 8.82899380207866 10.5363761577656 8.77813123783395 8.001699979608 12.013211308713 8.63637636191362 11.0757216281099 9.42779602712621 6.43705446271831 11.5131761279296 10.2345208904895
176.939268398443 130.182495878468 154.519911251755 110.310313779982 102.868735625612 173.508819130905 238.477323202812 103.848968294428 84.3415342598275 135.834657557142 216.079506085479 135.060341188183 155.472785762196 87.8086613001771 179.38069351184 91.6990761369474 138.949602623001 155.772679596955 125.025063772144 68.5838479440608 118.241081051684 121.553607789392 135.505334441348 122.178526678147 96.956305939177 78.8669760264247 138.523677187201 145.479617699485 100.781380745552 117.268857338105 120.715651935642 141.104618519741 98.5667486921785 204.528244897431 128.121450867456 135.198500472603 50.2333126481799 132.636197821026 124.81997776952 133.013773298283 106.707816504048 138.123842107734 94.2492131369599 181.164457484448 125.563865579668 132.714919960229 111.196256192196 98.5802015741337 129.146677981502 122.821824090511
109.366416060316 72.7529514229514 94.0549492574053 78.6719280980327 93.2226123749204 96.650219877438 123.897776133978 68.5428099721161 49.5833512777909 77.2935816431291 121.82388089019 68.5160182036822 102.062760676283 64.6132478176516 108.74805127679 47.3353547989199 91.9040200050345 77.4814196326909 57.9038084354266 51.6959686962258 76.7253481011625 81.1866929708825 82.8305270301189 78.1679757404037 58.377524073254 57.5426654587773 78.4847079784272 91.5895538380759 67.563349038867 80.9918746330719 62.0878472194738 87.2540259623451 63.9967395739626 109.847214481398 79.9549157625171 79.3618711112284 50.6231408352519 67.5815458050732 76.9417546324315 73.9371081909845 72.5753889396718 83.5249617626554 61.6306098189168 104.812244489582 72.453599478282 82.6877016439608 66.450535814777 54.8492700215466 77.2575354111736 68.4481366454247
2.07545676832107 2.29808394912546 2.42197881153801 1.27240815400799 2.84033414217969 2.58477194387345 3.14383743718994 2.03138078696596 0.720641728473 1.75415170878147 1.20450396926012 1.41059032531829 3.11508836179428 1.2221967149411 2.35967598643382 0.732310315045036 2.07889953087132 2.11059144731884 2.5835642679992 1.23821096099727 2.22333119307392 1.9461123757174 1.29424067415597 2.87934736488651 1.27972293740615 1.64043833414405 2.3592815179839 2.1818691205758 0.421612816441018 1.10005277921826 1.99495139069019 2.27239504472385 2.03772131650462 2.11217173648669 1.41099759082899 1.06952633977653 0.253419783318051 2.41618048741044 0.638109827899778 1.92015378506117 2.06902353503358 1.33678499677852 0.835563833938916 2.91951799291156 1.81787809903426 2.77358182604328 1.31005026150278 0.469294410066795 2.36980941609384 2.39927854301549
164.82372359984 140.581690035428 128.719869143185 103.585936733311 103.810127015088 162.242855919214 182.359136588906 129.507007415372 95.0498553528231 127.013902456018 167.612350526346 141.338717875105 135.393189379605 79.8808144197475 156.985835835149 96.9754084984638 147.495871839981 124.746476057431 133.226106032465 79.8521593110002 106.349628667323 97.7466556049986 140.093708642648 115.228747034916 83.2788505638617 115.465008451528 110.467499916006 120.006332788703 70.6687557829376 112.862458386819 110.994272102408 136.006390052318 112.068889866608 204.000935356415 128.744397249042 127.650079252678 63.7091736043684 105.601333096874 117.142490530623 116.241249147172 103.868184325564 104.572896877625 95.7584154653647 167.291427420053 126.278119252178 123.157160188502 111.894445740851 93.7516690167591 109.391600527114 119.308339302785
86.6484328893764 63.0285797097407 65.2119336367404 65.1741441487647 68.1213743537216 75.3723096505753 86.450746403073 61.9679522007985 43.2952722466985 60.0425521252138 88.6802895269788 58.3790383581905 75.9075461821884 48.2491798469141 84.4283769915771 40.1211012366249 69.8806579988188 53.1218866152752 52.3136127015571 40.9370909823499 57.834304121641 52.4457585764673 67.1171872530892 59.523961695684 39.0393535870392 52.0477066909891 49.6381612573887 64.4034847281864 37.2799694937707 63.4390265836561 44.8443880201014 74.9507001848314 57.7671560174112 91.715033976535 67.5254695309242 60.7237343754003 39.2289504298724 44.9099328179127 54.628334575502 57.3044534657104 56.2672879141306 62.6222353014073 46.9971868772711 77.7719329655448 56.1146926100305 65.6965865216442 52.7536131590193 42.8354133092456 50.504071048886 59.4606618200992
7.22138918137694 6.24251583773675 6.89880862440801 4.90186808737827 6.18826758226024 6.14649161449338 7.62472001351177 5.08905163255188 4.85863164447106 5.17822541136287 6.01675803989679 5.73299763856501 7.66548624504323 5.29002672198955 6.41130272815691 4.83135922737354 5.94413051002597 6.20640526347977 5.71261742868245 5.86550508248808 6.25823998830395 5.73635839216301 5.67903185231665 5.96459006951457 6.14286037252826 5.46145247057475 6.02260631363431 6.59964738539523 5.19327598571985 5.6310712122983 5.94974124340697 7.04415653062272 5.80310628227962 7.2269561047508 5.68591743829853 5.03163491435552 4.6243111581713 6.51000600288238 4.39577397686537 5.33604386874656 6.03968158261379 4.90255703712761 5.31832835706733 7.76876737414326 6.47313711547728 6.83765477408035 5.02543667037684 4.86646448587005 6.80855029098589 5.98189754346523
1056.13109893849 1075.93919576537 960.645209301772 948.155538967154 1116.30351732031 1360.34965522735 1055.67010986623 1045.12915065256 948.403682796864 1102.69621183905 1043.93663645442 745.156983738405 1259.74281593336 812.941922785994 1108.23172730336 747.974197221806 1166.15564478905 1099.33928496778 977.360053199236 935.482503713994 578.610019021952 986.231312275379 1162.22270111811 1150.57451194413 883.768573354043 911.617355382261 1105.08787339503 1175.84011215718 801.066082625504 844.455776685054 1004.7947446196 871.470534769603 1070.39567684294 1067.17079213378 966.780502694584 1040.57426312852 766.116003919916 1079.65590859831 690.74009223805 1140.93707849551 950.01826491751 924.758895808137 868.543373134232 1217.16953862539 936.439685275057 1038.42175276209 1023.80239655027 1043.26937669871 1020.07714609371 943.99591346201
0 0 0 0 0 0 0 0 0 0 0 0 0 0 0 0 0 0 0 0 0 0 0 0 0 0 0 0 0 0 0 0 0 0 0 0 0 0 0 0 0 0 0 0 0 0 0 0 0 0
