  economy_id district_id expected_hires capacity belief_expected_hires
           1           1   3.3777531908412999        17.000000000000000        5.3674534583005498     
           1           2   3.2731171479546712        17.000000000000000        5.3675423867675756     
           1           3   3.4095430501888613        17.000000000000000        5.3673080327627343     
           1           4   3.3322810053309158        17.000000000000000        5.3676681462444567     
           1           5   3.3428404604639681        17.000000000000000        5.3674516836423685     
           1           6   3.2608559567723452        17.000000000000000        5.3674454334388431     
           1           7   3.3108494307455105        17.000000000000000        5.3676665456247479     
           1           8   22.363591424720511        17.000000000000000        10.696427529115429     
           1           9   3.2532394530630344        17.000000000000000        5.3673000077035686     
           1          10   3.2710515454438616        17.000000000000000        5.3676635816218896     
           1          11   3.2631711951519153        17.000000000000000        5.3676635816218896     
           1          12   8.2312542981718053        17.000000000000000        5.6970884139906772     
           1          13   3.2766590058936886        17.000000000000000        5.3676650254402452     
           1          14   3.3399519995206299        17.000000000000000        5.3676681462444567     
           1          15   3.2552876550933920        17.000000000000000        5.3683908252681114     
           1          16   3.2919210357997915        17.000000000000000        5.3674468773104840     
           1          17   3.3005965958737193        17.000000000000000        5.3682725728207643     
           1          18   3.3521733710668302        17.000000000000000        5.3673547326869988     
           1          19   3.2981542706082116        17.000000000000000        5.3682725728207643     
           1          20   3.3156740707414385        17.000000000000000        5.3682741732763599     
           1          21   3.2701475546626741        17.000000000000000        5.3674468773104840     
           1          22   3.3508417267281772        17.000000000000000        5.3677910298694060     
           1          23   3.3696410166064621        17.000000000000000        5.3673547326869988     
           1          24   3.3998596338851339        17.000000000000000        5.3676716061873950     
           1          25   3.2542873769222451        16.000000000000000        5.3673000077035686     
           1          26   3.3116437041993207        16.000000000000000        5.3677893445537093     
           1          27   3.4800600802654698        16.000000000000000        5.3676346151787602     
           1          28   3.3040064476893809        16.000000000000000        5.3675438306155359     
           1          29   3.3591130364207475        16.000000000000000        5.3675486368685696     
           1          30   13.294754690755083        16.000000000000000        7.3006889481167940     
           1          31   57.979278098768233        16.000000000000000        56.170241067138200     
           1          32   3.3304999075717685        16.000000000000000        5.3675469514837584     
           1          33   3.3007485999366439        16.000000000000000        5.3673014516107376     
           1          34   3.2932835977862838        16.000000000000000        5.3682725728207643     
           1          35   3.4053191904724169        16.000000000000000        5.3682776328646122     
           1          36   3.3006700173559596        16.000000000000000        5.3676665456247479     
           1          37   3.2775057941525385        16.000000000000000        5.3673499262762805     
           1          38   3.3419793981339811        16.000000000000000        5.3683953893290770     
           1          39   3.3438110474823759        16.000000000000000        5.3682758584538570     
           1          40   3.3312324044184223        16.000000000000000        5.3673530472468860     
           1          41   3.2662829742973885        16.000000000000000        5.3673484823809368     
           1          42   3.2944121559454382        16.000000000000000        5.3682725728207643     
           1          43   3.2840572871253078        16.000000000000000        5.3675438306155359     
           1          44   3.3145663408138173        16.000000000000000        5.3675469514837584     
           1          45   3.3682659680719103        16.000000000000000        5.3674485239345540     
           1          46   3.3733065759240244        16.000000000000000        5.3673547326869988     
           1          47   83.920464781323020        16.000000000000000        80.627714291578613     
           1          48   3.3037301449101788        16.000000000000000        5.3674468773104840     
           1          49   57.930367366327296        16.000000000000000        56.604422195613296     
           1          50   13.218132244474619        16.000000000000000        7.0012235978164368     
           1          51   3.2557300703279957        16.000000000000000        5.3675423867675756     
           1          52   3.4029919956397197        16.000000000000000        5.3674501309849907     
           1          53   3.2555095680746495        16.000000000000000        5.3676635816218896     
           1          54   3.3442690944428750        16.000000000000000        5.3676698315947160     
           1          55   3.4204996829640129        16.000000000000000        5.3673565073742751     
           1          56   3.4485725134863023        16.000000000000000        5.3680608452429084     
           1          57   3.2939709676395150        16.000000000000000        5.3683937889063280     
           1          58   3.4439578356005209        16.000000000000000        5.3673080327627343     
           1          59   3.3540656638155775        16.000000000000000        5.3682758584538570     
           1          60   3.3258564618987618        16.000000000000000        5.3677893445537093     
           1          61   85.260350794923326        16.000000000000000        79.803238534383254     
           1          62   3.3171113181067602        16.000000000000000        5.3676635816218896     
           1          63   3.3154113608307596        16.000000000000000        5.3677893445537093     
           1          64   3.3703783005123307        16.000000000000000        5.3673565073742751     
           1          65   3.3088472926336365        16.000000000000000        5.3683922689088472     
           1          66   10.157627486763744        16.000000000000000        6.9181620722829109     
           1          67   3.2543050819567672        16.000000000000000        5.3675423867675756     
           1          68   3.2731999778851790        16.000000000000000        5.3682710527921138     
           1          69   3.3192073761312972        16.000000000000000        5.3676651457719515     
           1          70   3.3932356352617496        16.000000000000000        5.3683988488464065     
           1          71   3.2760469349651453        16.000000000000000        5.3676650254402452     
           1          72   3.2993018827349725        16.000000000000000        5.3677877439668302     
           1          73   3.3030124742979514        16.000000000000000        5.3677877439668302     
           1          74   3.3712705572383568        16.000000000000000        5.3675504114976347     
           1          75   3.3050450959931865        16.000000000000000        5.3675423867675756     
           1          76   3.2594407483456909        16.000000000000000        5.3683908252681114     
           1          77   3.3448937531570881        16.000000000000000        5.3674516836423685     
           1          78   3.3522476304771960        16.000000000000000        5.3683970744720391     
           1          79   3.3867258871835206        16.000000000000000        5.3674534583005498     
           1          80   11.327493584516994        16.000000000000000        7.0008909291051395     
           1          81   3.3406416997103636        16.000000000000000        5.3682758584538570     
           1          82   3.3373107118916643        16.000000000000000        5.3683953893290770     
           1          83   3.3078511269228250        16.000000000000000        5.3683908252681114     
           1          84   3.4201980258792601        16.000000000000000        5.3677928044257044     
           1          85   11.647016754357979        16.000000000000000        7.0001257544618998     
           1          86   3.4426094562617990        16.000000000000000        5.3676717527168627     
           1          87   3.3414651720366950        16.000000000000000        5.3683953893290770     
           1          88   10.156628193236402        16.000000000000000        6.9170717843157856     
           1          89   3.3521446755881104        16.000000000000000        5.3683970744720391     
           1          90   3.3941139053058231        16.000000000000000        5.3673080327627343     
           1          91   3.4461222211082188        16.000000000000000        5.3682759979171877     
           1          92   3.3117135945868528        16.000000000000000        5.3673045726069457     
           1          93   3.3419249772845685        16.000000000000000        5.3674516836423685     
           1          94   3.2936088719989161        16.000000000000000        5.3674483975511214     
           1          95   3.3893164220653409        16.000000000000000        5.3676666720078874     
           1          96   7.9709926578011761        16.000000000000000        5.6968774282089960     
           1          97   3.2821110609023862        16.000000000000000        5.3683922689088472     
           1          98   3.3225505578902697        16.000000000000000        5.3682711731230510     
           1          99   3.2984774897122655        16.000000000000000        5.3676665456247479     
           1         100   3.2778832322100997        16.000000000000000        5.3683922689088472     
           1         101   3.3954101122023568        16.000000000000000        5.3682758584538570     
           1         102   3.3960761016500056        16.000000000000000        5.3682743060303659     
           1         103   3.3440390031051348        16.000000000000000        5.3682758584538570     
           1         104   3.3701522929129664        16.000000000000000        5.3676716061873950     
           1         105   3.2562536868970553        16.000000000000000        5.3677847800247411     
           1         106   3.2860535064622582        16.000000000000000        5.3673014516107376     
           1         107   3.9321705578553825        16.000000000000000        5.3678390486374878     
           1         108   3.2928436060570090        16.000000000000000        5.3677848946085893     
           1         109   3.3449334270977364        16.000000000000000        5.3677910298694060     
           1         110   3.3972944586382896        16.000000000000000        5.3673062580608955     
           1         111   3.2680664189785058        16.000000000000000        5.3677847800247411     
           1         112   3.3714992136151607        16.000000000000000        5.3673565073742751     
           1         113   3.3443504975931715        16.000000000000000        5.3674516836423685     
           1         114   8.0883916386803119        16.000000000000000        5.6968260270244047     
           1         115   3.3274541362337171        16.000000000000000        5.3675439509474003     
           1         116   3.5786989808257057        16.000000000000000        5.3686984953122714     
           1         117   11.349174779107843        16.000000000000000        6.3984773637417165     
           1         118   11.971878426159090        16.000000000000000        6.9172208706070721     
           1         119   13.726140285568430        16.000000000000000        7.0011201532430487     
           1         120   3.3395206521695222        16.000000000000000        5.3682758584538570     
           1         121   3.6498712120061172        16.000000000000000        5.3677531532039033     
           1         122   3.3663379189977545        16.000000000000000        5.3673547326869988     
           1         123   3.3461932636098544        16.000000000000000        5.3673062580608955     
           1         124   3.3032353726514647        16.000000000000000        5.3674483975511214     
           1         125   3.3820712477550083        16.000000000000000        5.3676682789992558     
           1         126   3.4424430319791490        16.000000000000000        5.3673081792926958     
           1         127   16.696691764020262        16.000000000000000        10.085744673678459     
           1         128   3.3253240249816676        16.000000000000000        5.3682741732763599     
           1         129   3.2855522106799309        16.000000000000000        5.3677862238134875     
           1         130   3.3174666828435209        16.000000000000000        5.3673045726069457     
           1         131   3.3444115814642155        16.000000000000000        5.3677910298694060     
           1         132   21.900970003710569        16.000000000000000        9.7981786335700303     
           1         133   198.53230111992991        16.000000000000000        192.09200825086555     
           1         134   3.3694552045309134        16.000000000000000        5.3674534583005498     
           1         135   3.3468427140651493        16.000000000000000        5.3677910298694060     
           1         136   83.615356603319299        16.000000000000000        79.125073752563594     
           1         137   3.2798717792940484        16.000000000000000        5.3673014516107376     
           1         138   3.2541865287377330        16.000000000000000        5.3682696091217803     
           1         139   3.3972568268399446        16.000000000000000        5.3682776328646122     
           1         140   7.9248752524885164        16.000000000000000        5.6978510171044121     
           1         141   139.26508598172137        16.000000000000000        128.66559472404958     
           1         142   284.10462828844271        16.000000000000000        276.84704639057378     
           1         143   3.4130980755297609        16.000000000000000        5.3673565073742751     
           1         144   3.2778765318618608        16.000000000000000        5.3674468773104840     
           1         145   3.2863702951285845        16.000000000000000        5.3682710527921138     
           1         146   3.9990123153105630        16.000000000000000        5.3685662347845069     
           1         147   3.2713020491135327        16.000000000000000        5.3675438306155359     
           1         148   3.7368588340384483        16.000000000000000        5.3679602374565825     
           1         149   3.8411586511084903        16.000000000000000        5.3687100854426202     
           1         150   197.05843822650391        16.000000000000000        186.77067355090580     
           1         151   256.93088932766733        16.000000000000000        248.53929737116670     
           1         152   3.3126465239708405        16.000000000000000        5.3673045726069457     
           1         153   3.2843898958674034        16.000000000000000        5.3673014516107376     
           1         154   3.5909359682304181        16.000000000000000        5.3678184627892387     
           1         155   3.3897979781823819        16.000000000000000        5.3673565073742751     
           1         156   3.3231847101764274        16.000000000000000        5.3674483975511214     
           1         157   3.3296428045660300        16.000000000000000        5.3673045726069457     
           1         158   10.298525112173960        16.000000000000000        6.9173886405075669     
           1         159   3.4919622023347978        16.000000000000000        5.3678184627892387     
           1         160   3.3996621827279299        16.000000000000000        5.3676716061873950     
           1         161   10.517387624656553        16.000000000000000        6.9173931135495605     
           1         162   10.610089723282629        16.000000000000000        6.9169577821884358     
           1         163   3.2903550481537192        16.000000000000000        5.3675453508312234     
           1         164   3.2711794468557081        16.000000000000000        5.3674468773104840     
           1         165   3.5628541876779880        16.000000000000000        5.3686668634820425     
           1         166   3.3194855949441431        16.000000000000000        5.3677893445537093     
           1         167   3.2885895901798423        16.000000000000000        5.3676650254402452     
           1         168   3.3336172766231722        16.000000000000000        5.3683953893290770     
           1         169   3.3922530236771493        16.000000000000000        5.3677928044257044     
           1         170   7.9812371521125405        16.000000000000000        5.6973370395548644     
           1         171   3.6832724343901435        16.000000000000000        5.3685888760262852     
           1         172   3.5568760305878313        16.000000000000000        5.3685456527360547     
           1         173   3.3455565711490691        16.000000000000000        5.3674499982299109     
           1         174   3.4972272854850894        16.000000000000000        5.3676245670460450     
           1         175   10.554935962569521        16.000000000000000        6.9180150769191409     
           1         176   57.981946115238109        16.000000000000000        56.927359340989888     
           1         177   3.7116658783135010        16.000000000000000        5.3686010326296429     
           1         178   3.3124744522442340        16.000000000000000        5.3674483975511214     
           1         179   3.3853417141511750        16.000000000000000        5.3674516836423685     
           1         180   10.548930357653823        16.000000000000000        6.9167712224440878     
           1         181   10.641283525057814        16.000000000000000        6.9173931135495605     
           1         182   7.8928934947418457        16.000000000000000        5.6969770841389584     
           1         183   3.2738948915031485        16.000000000000000        5.3677862238134875     
           1         184   3.3565073409338466        16.000000000000000        5.3683970744720391     
           1         185   3.3826027796364242        16.000000000000000        5.3673531800020982     
           1         186   3.3597564059452401        16.000000000000000        5.3675454772145237     
           1         187   3.3424529790730477        16.000000000000000        5.3674516836423685     
           1         188   3.6188965821587828        16.000000000000000        5.3676678004428657     
           1         189   3.2838961374266824        16.000000000000000        5.3675438306155359     
           1         190   3.3190731610609778        16.000000000000000        5.3673045726069457     
           1         191   3.2834716858397330        16.000000000000000        5.3673014516107376     
           1         192   3.3772824353119639        16.000000000000000        5.3673531800020982     
           1         193   3.3492779825057517        16.000000000000000        5.3675454772145237     
           1         194   4.3377738298509954        16.000000000000000        5.3679602374565825     
           1         195   10.170465864828840        16.000000000000000        6.9180047035468748     
           1         196   3.2853798120872741        16.000000000000000        5.3673484823809368     
           1         197   3.5359695546858090        16.000000000000000        5.3680814298245023     
           1         198   3.3218755795057477        16.000000000000000        5.3674499982299109     
           1         199   3.2891519707203525        16.000000000000000        5.3673029718887770     
           1         200   3.2894952853797417        16.000000000000000        5.3674468773104840     
           1         201   8.1909852298942223        16.000000000000000        5.6973435559364489     
           1         202   3.3366828460838556        16.000000000000000        5.3683953893290770     
           1         203   3.3750340720892553        16.000000000000000        5.3673062580608955     
           1         204   3.2880031143906181        16.000000000000000        5.3673029718887770     
           1         205   3.2811245584641657        16.000000000000000        5.3677862238134875     
           1         206   3.3820408557121335        16.000000000000000        5.3675504114976347     
           1         207   3.3599840212675622        16.000000000000000        5.3683970744720391     
           1         208   3.3099590928486289        16.000000000000000        5.3674468773104840     
           1         209   3.3478913909610357        16.000000000000000        5.3674483975511214     
           1         210   3.3239797970043345        16.000000000000000        5.3673530472468860     
           1         211   3.3923363411601111        16.000000000000000        5.3673565073742751     
           1         212   3.6203370044196213        16.000000000000000        5.3681040738521126     
           1         213   10.615580940119605        16.000000000000000        6.9180150769191409     
           1         214   3.3200901578032491        16.000000000000000        5.3676681462444567     
           1         215   3.2705590575671093        16.000000000000000        5.3673499262762805     
           1         216   3.3481625142667579        16.000000000000000        5.3673062580608955     
           1         217   10.553221274724189        16.000000000000000        6.9172376339986981     
           1         218   3.3841330822543534        16.000000000000000        5.3676716061873950     
           1         219   141.94487483966361        16.000000000000000        134.17087675059844     
           1         220   3.3715564761587284        16.000000000000000        5.3676716061873950     
           1         221   333.50039464877324        16.000000000000000        321.16006183450151     
           1         222   3.3401420305716556        16.000000000000000        5.3673547326869988     
           1         223   3.2780779975733099        16.000000000000000        5.3674468773104840     
           1         224   361.60456960235592        16.000000000000000        355.74992905569127     
           1         225   4.6102994121786152        16.000000000000000        5.3687222416721410     
           1         226   558.53668320406177        16.000000000000000        543.61603769919020     
           1         227   4.1852524194076910        16.000000000000000        5.3680608452429084     
           1         228   10.385237459989657        16.000000000000000        6.9173886405075669     
           1         229   10.655037688475815        16.000000000000000        6.9170823484029853     
           1         230   387.95016078899920        16.000000000000000        370.93095200108240     
           1         231   3.3928497833420952        16.000000000000000        5.3673565073742751     
           1         232   3.3431866092694476        16.000000000000000        5.3675486368685696     
           1         233   3.3422087473679132        16.000000000000000        5.3675486368685696     
           1         234   3.3117506423702392        16.000000000000000        5.3675469514837584     
           1         235   3.2957734280331392        16.000000000000000        5.3673014516107376     
           1         236   3.2569607321504033        16.000000000000000        5.3673000077035686     
           1         237   10.282913888359333        16.000000000000000        6.9168249000318198     
           1         238   3.3718245395311777        16.000000000000000        5.3683970744720391     
           1         239   3.3751285345770077        16.000000000000000        5.3674516836423685     
           1         240   3.3730774013644935        16.000000000000000        5.3673547326869988     
           1         241   10.309128943996347        16.000000000000000        6.9167667490352303     
           1         242   3.2811015218578938        16.000000000000000        5.3675423867675756     
           1         243   3.6492077053087910        16.000000000000000        5.3677215137821195     
           1         244   3.2863851705646727        16.000000000000000        5.3673014516107376     
           1         245   725.85653806171467        16.000000000000000        703.28099253557389     
           1         246   14.421188874828902        16.000000000000000        6.9175003151267012     
           1         247   3.3565958412078944        16.000000000000000        5.3673547326869988     
           1         248   8.2428276697771032        16.000000000000000        5.6978595392799525     
           1         249   3.3219923580450539        16.000000000000000        5.3673045726069457     
           1         250   3.3310186912589139        16.000000000000000        5.3676681462444567     
           1         251   3.3152207412098735        16.000000000000000        5.3673530472468860     
           1         252   780.43640341127252        16.000000000000000        754.47861490610705     
           1         253   3.4050043248188397        16.000000000000000        5.3677928044257044     
           1         254   3.3370990583316349        16.000000000000000        5.3682725728207643     
           1         255   3.3083173385824280        16.000000000000000        5.3677877439668302     
           1         256   3.2956853040354193        16.000000000000000        5.3683922689088472     
           1         257   3.2900247886917158        16.000000000000000        5.3673029718887770     
           1         258   3.3461885431136462        16.000000000000000        5.3677910298694060     
           1         259   3.6715631422688140        16.000000000000000        5.3679496995706204     
           1         260   10.422527208361105        16.000000000000000        6.9168289349308330     
           1         261   3.3272421464334996        16.000000000000000        5.3673045726069457     
           1         262   3.4230700243379308        16.000000000000000        5.3676666720078874     
           1         263   14.435414609149634        16.000000000000000        9.7876992773921874     
           1         264   3.3726369739942279        16.000000000000000        5.3674499982299109     
           1         265   27.465994343317497        16.000000000000000        25.929452703008270     
           1         266   3.2666570770837557        16.000000000000000        5.3673000077035686     
           1         267   3.3051373386928993        16.000000000000000        5.3673029718887770     
           1         268   3.3507605861116025        16.000000000000000        5.3682741732763599     
           1         269   10.118176161708371        16.000000000000000        6.9181602058942451     
           1         270   3.4424187218661033        16.000000000000000        5.3675504114976347     
           1         271   3.3827990242286119        16.000000000000000        5.3673062580608955     
           1         272   3.2905458740054185        16.000000000000000        5.3676636962058897     
           1         273   3.2919766901483309        16.000000000000000        5.3683937889063280     
           1         274   8.0026348839568140        16.000000000000000        5.6972099359395676     
           1         275   3.3202207329210358        16.000000000000000        5.3676681462444567     
           1         276   3.2779641590255024        16.000000000000000        5.3677862238134875     
           1         277   3.7252039595925552        16.000000000000000        5.3677647461150304     
           1         278   3.2885107191853602        16.000000000000000        5.3673000077035686     
           1         279   3.4601127886803864        16.000000000000000        5.3676717527168627     
           1         280   3.3205374862864079        16.000000000000000        5.3676681462444567     
           1         281   3.2950091948526250        16.000000000000000        5.3683937889063280     
           1         282   3.3840515231435950        16.000000000000000        5.3677928044257044     
           1         283   14.347827856844694        16.000000000000000        6.9176200934296892     
           1         284   3.2572830330400468        16.000000000000000        5.3676635816218896     
           1         285   3.3426413776258985        16.000000000000000        5.3675486368685696     
           1         286   3.3530501630379863        16.000000000000000        5.3676698315947160     
           1         287   3.3618069731510873        16.000000000000000        5.3674516836423685     
           1         288   3.3316505552618718        16.000000000000000        5.3683953893290770     
           1         289   3.3705787673797354        16.000000000000000        5.3674534583005498     
           1         290   3.4032765708179040        16.000000000000000        5.3676698315947160     
           1         291   3.2830090250530057        16.000000000000000        5.3673484823809368     
           1         292   3.2673746313960028        16.000000000000000        5.3675423867675756     
           1         293   3.5505000686181591        16.000000000000000        5.3675760945296247     
           1         294   3.2885764261500623        16.000000000000000        5.3675453508312234     
           1         295   3.3537692120000986        16.000000000000000        5.3674516836423685     
           1         296   3.3825558373169979        16.000000000000000        5.3677910298694060     
           1         297   3.3818745771540528        16.000000000000000        5.3677928044257044     
           1         298   3.3159214421102394        16.000000000000000        5.3682741732763599     
           1         299   3.2771710704062005        16.000000000000000        5.3682710527921138     
           1         300   3.3409135608383083        16.000000000000000        5.3682758584538570     
           1         301   3.3506622065582587        16.000000000000000        5.3682741732763599     
           1         302   3.3901174165247649        16.000000000000000        5.3673565073742751     
           1         303   8.4167488762498319        16.000000000000000        5.6973455963593320     
           1         304   3.4122881828475147        16.000000000000000        5.3682759979171877     
           1         305   3.4202209349218813        16.000000000000000        5.3676245670460450     
           1         306   3.3421503810869031        16.000000000000000        5.3677862238134875     
           1         307   3.3568649633947261        16.000000000000000        5.3673485969653276     
           1         308   3.3777621341580990        16.000000000000000        5.3673500466083945     
           1         309   3.2920422667545366        16.000000000000000        5.3673499262762805     
           1         310   3.3727719203948956        16.000000000000000        5.3674516836423685     
           1         311   3.2978416143006903        16.000000000000000        5.3682725728207643     
           1         312   3.2757124310608399        16.000000000000000        5.3673014516107376     
           1         313   3.3138320418090115        16.000000000000000        5.3675469514837584     
           1         314   3.3303374563011596        16.000000000000000        5.3673530472468860     
           1         315   3.3880166116144688        16.000000000000000        5.3673062580608955     
           1         316   3.3306679732540920        16.000000000000000        5.3673514465418322     
           1         317   3.3409763190811450        16.000000000000000        5.3682758584538570     
           1         318   3.2841451992653341        16.000000000000000        5.3683922689088472     
           1         319   3.3908744515570470        16.000000000000000        5.3675486368685696     
           1         320   3.2859194777159959        16.000000000000000        5.3676650254402452     
           1         321   10.306884631741790        16.000000000000000        6.9167667490352303     
           1         322   3.3393016150031727        16.000000000000000        5.3682758584538570     
           1         323   12.006931778332605        16.000000000000000        6.9172218157995902     
           1         324   3.4555616181436717        16.000000000000000        5.3674536048303123     
           1         325   3.3595516781405288        16.000000000000000        5.3683939152885332     
           1         326   3.4040515565015586        16.000000000000000        5.3683988488464065     
           1         327   3.3513680409623294        16.000000000000000        5.3674516836423685     
           1         328   3.2656105067850354        16.000000000000000        5.3676635816218896     
           1         329   3.3632680358718483        16.000000000000000        5.3675486368685696     
           1         330   3.3970947044342306        16.000000000000000        5.3675487763328631     
           1         331   3.2681991752743573        16.000000000000000        5.3673484823809368     
           1         332   8.2934907447003265        16.000000000000000        5.6979880733100119     
           1         333   10.370141664060405        16.000000000000000        6.9172310915284285     
           1         334   3.2905736702169115        16.000000000000000        5.3676665456247479     
           1         335   3.3640694812379692        16.000000000000000        5.3676698315947160     
           1         336   11.758726216457415        16.000000000000000        6.9174553189932162     
           1         337   3.2886652493417956        16.000000000000000        5.3675438306155359     
           1         338   10.490961786563959        16.000000000000000        6.9173888121374150     
           1         339   3.3382571456294330        16.000000000000000        5.3677910298694060     
           1         340   3.6145467300403165        16.000000000000000        5.3677215137821195     
           1         341   3.3681511156896580        16.000000000000000        5.3682776328646122     
           1         342   3.3386807896351174        16.000000000000000        5.3676698315947160     
           1         343   11.978266121943873        16.000000000000000        6.9185886724087613     
           1         344   3.2686812487491257        16.000000000000000        5.3677847800247411     
           1         345   3.3020358864404344        16.000000000000000        5.3676665456247479     
           1         346   3.3005536160377522        16.000000000000000        5.3677877439668302     
           1         347   3.2555584978247540        16.000000000000000        5.3683908252681114     
           1         348   3.2740674472267512        16.000000000000000        5.3673000077035686     
           1         349   3.3144445258071000        16.000000000000000        5.3675469514837584     
           1         350   3.2590342743251939        16.000000000000000        5.3676635816218896     
           1         351   3.3867265350961362        16.000000000000000        5.3675504114976347     
           1         352   3.3511413379139987        16.000000000000000        5.3677893445537093     
           1         353   10.220787308026745        16.000000000000000        6.9168230333140652     
           1         354   3.3003347061855464        16.000000000000000        5.3674483975511214     
           1         355   3.3298486789665582        16.000000000000000        5.3682741732763599     
           1         356   10.431221320150337        16.000000000000000        6.9168289349308330     
           1         357   10.438915774456529        16.000000000000000        6.9180150769191409     
           1         358   3.3248327570499332        16.000000000000000        5.3673530472468860     
           1         359   3.3776246855408907        16.000000000000000        5.3682776328646122     
           1         360   3.3443577999434173        16.000000000000000        5.3674516836423685     
           1         361   3.3063991169102858        16.000000000000000        5.3676665456247479     
           1         362   3.3852303782591715        16.000000000000000        5.3677928044257044     
           1         363   3.2959278040453546        16.000000000000000        5.3673514465418322     
           1         364   3.3181103588618654        16.000000000000000        5.3682741732763599     
           1         365   8.1164639753821231        16.000000000000000        5.6973402001482203     
           1         366   3.3384652072003203        16.000000000000000        5.3673062580608955     
           1         367   10.402127358962577        16.000000000000000        6.9180086985111435     
           1         368   3.3420848686861429        16.000000000000000        5.3673045726069457     
           1         369   3.3902275398634547        16.000000000000000        5.3677878703498134     
           1         370   3.4397612004013309        16.000000000000000        5.3683972139351948     
           1         371   3.3062860111296453        16.000000000000000        5.3683922689088472     
           1         372   10.473676368579994        16.000000000000000        6.9172353397441091     
           1         373   3.3861189579978106        16.000000000000000        5.3677928044257044     
           1         374   3.3534153273420557        16.000000000000000        5.3682758584538570     
           1         375   3.2611451661545825        16.000000000000000        5.3673484823809368     
           1         376   3.4358983848469729        16.000000000000000        5.3677929509550157     
           1         377   3.4005300457508834        16.000000000000000        5.3673063975255131     
           1         378   3.3687840480697600        16.000000000000000        5.3683988488464065     
           1         379   3.2799399142488865        16.000000000000000        5.3683922689088472     
           1         380   3.3575721909962692        16.000000000000000        5.3682697237050334     
           1         381   3.5193376336600091        16.000000000000000        5.3676717527168627     
           1         382   3.4289728964148338        16.000000000000000        5.3683955220829214     
           1         383   3.6474992123998304        16.000000000000000        5.3686010326296429     
           1         384   3.7588028097323609        16.000000000000000        5.3676799598876528     
           1         385   7.2314874040764527        16.000000000000000        3.3028113048588281     
           1         386   10.394826618293228        16.000000000000000        6.9168289349308330     
           1         387   3.3358179954228278        16.000000000000000        5.3674499982299109     
           1         388   3.5215590241241554        16.000000000000000        5.3685772855394491     
           1         389   7.9858345256130612        16.000000000000000        5.6969802323809793     
           1         390   3.3503659751335508        16.000000000000000        5.3683970744720391     
           1         391   3.2796911540480900        16.000000000000000        5.3682696091217803     
           1         392   11.959420699090836        16.000000000000000        6.9172788828647365     
           1         393   3.3847287932151255        16.000000000000000        5.3682776328646122     
           1         394   3.3660787312659459        16.000000000000000        5.3673080327627343     
           1         395   9.5120692720384170        16.000000000000000        5.6973540756518624     
           1         396   3.6667457271422697        16.000000000000000        5.3686874448972182     
           1         397   3.2815813739071502        16.000000000000000        5.3675438306155359     
           1         398   10.352855172900236        16.000000000000000        6.9180106042439933     
           1         399   3.3999335208478874        16.000000000000000        5.3673080327627343     
           1         400   3.3358704445247667        16.000000000000000        5.3682741732763599     
           1         401   3.3003147110586215        16.000000000000000        5.3676665456247479     
           1         402   3.3688273984552852        16.000000000000000        5.3682758584538570     
           1         403   3.4200154939726746        16.000000000000000        5.3682759979171877     
           1         404   11.709611374511153        16.000000000000000        6.9173173237983505     
           1         405   3.2601173477814300        16.000000000000000        5.3676635816218896     
           1         406   3.3004308268856453        16.000000000000000        5.3674483975511214     
           1         407   3.3941554191137198        16.000000000000000        5.3683955220829214     
           1         408   11.893084785771286        16.000000000000000        6.9173043335506641     
           1         409   3.3392506812914018        16.000000000000000        5.3675469514837584     
           1         410   3.4449710115029690        16.000000000000000        5.3677929509550157     
           1         411   3.3554113250414543        16.000000000000000        5.3675454772145237     
           2           1   3.2965883290926374        17.000000000000000        5.4263686479814215     
           2           2   3.4100353002838735        17.000000000000000        5.4250854682286942     
           2           3   3.3415679887740892        17.000000000000000        5.4253555339477613     
           2           4   3.3753910203510022        17.000000000000000        5.4252205098554747     
           2           5   3.3908438802584535        17.000000000000000        5.4255244467843182     
           2           6   3.3950611564956654        17.000000000000000        5.4252205346363001     
           2           7   3.3261375181852517        17.000000000000000        5.4250178657493171     
           2           8   16.059164680117615        17.000000000000000        8.1141267305665465     
           2           9   3.3563148798719014        17.000000000000000        5.4255244220045178     
           2          10   3.3041968509495576        17.000000000000000        5.4250853765017384     
           2          11   3.3982080618372779        17.000000000000000        5.4256932944836773     
           2          12   7.9728578029126718        17.000000000000000        5.6721104070040580     
           2          13   3.2927541416297967        17.000000000000000        5.4253555128021942     
           2          14   3.2921116171201636        17.000000000000000        5.4250178245450318     
           2          15   3.2873572845233356        17.000000000000000        5.4256932027641227     
           2          16   3.4140522918114375        17.000000000000000        5.4265376145987032     
           2          17   3.3156398229093211        17.000000000000000        5.4255243762078518     
           2          18   3.2994706515277956        17.000000000000000        5.4256932027641227     
           2          19   3.2949826229704615        17.000000000000000        5.4265375228895367     
           2          20   3.3101805781457734        17.000000000000000        5.4265375440318380     
           2          21   3.2691339367905057        17.000000000000000        5.4250178245450318     
           2          22   3.3425462395236840        17.000000000000000        5.4265375663219313     
           2          23   3.3152740215653962        17.000000000000000        5.4263686479814215     
           2          24   3.4163106478498739        17.000000000000000        5.4253556045258380     
           2          25   3.3077049527296190        16.000000000000000        5.4250178657493171     
           2          26   3.3298724923287248        16.000000000000000        5.4263686914148019     
           2          27   3.4675297732953463        16.000000000000000        5.4265064210340883     
           2          28   3.3008903131718141        16.000000000000000        5.4252204228537702     
           2          29   3.3778988546763080        16.000000000000000        5.4265375898222610     
           2          30   13.360989073675256        16.000000000000000        6.0589719837513440     
           2          31   57.982300098987793        16.000000000000000        55.147539654812419     
           2          32   3.3488061630546557        16.000000000000000        5.4263686914148019     
           2          33   3.3173249023466149        16.000000000000000        5.4255243550627519     
           2          34   3.2714388933820402        16.000000000000000        5.4255243350063580     
           2          35   3.3885280563127176        16.000000000000000        5.4255244220045178     
           2          36   3.3396412039372176        16.000000000000000        5.4250854199424960     
           2          37   3.3952604586721447        16.000000000000000        5.4256932944836773     
           2          38   3.3838381686254113        16.000000000000000        5.4253555797454673     
           2          39   3.3347294113218346        16.000000000000000        5.4263686914148019     
           2          40   3.3758998148198542        16.000000000000000        5.4256932697044382     
           2          41   3.3717727816178957        16.000000000000000        5.4255244220045178     
           2          42   3.3317266467359552        16.000000000000000        5.4250854199424960     
           2          43   3.2826910934707865        16.000000000000000        5.4255243350063580     
           2          44   3.2710980550567927        16.000000000000000        5.4250853564441526     
           2          45   3.4770148592419905        16.000000000000000        5.4250855210878210     
           2          46   3.3391191706039653        16.000000000000000        5.4263686691242095     
           2          47   83.949593380893745        16.000000000000000        79.304646468085352     
           2          48   3.3195076709318321        16.000000000000000        5.4252204429109954     
           2          49   57.959269970083085        16.000000000000000        55.151903315289530     
           2          50   13.554162040678511        16.000000000000000        5.8057923442279176     
           2          51   3.3905149257006690        16.000000000000000        5.4265376145987032     
           2          52   3.4500996564035922        16.000000000000000        5.4255244723087150     
           2          53   3.2710404562320305        16.000000000000000        5.4250853564441526     
           2          54   3.3353059559189147        16.000000000000000        5.4256932462014191     
           2          55   3.3774687643643233        16.000000000000000        5.4265375663219313     
           2          56   3.4622962596839928        16.000000000000000        5.4266752930115807     
           2          57   3.3570820261247936        16.000000000000000        5.4250179115491015     
           2          58   3.3693277752897375        16.000000000000000        5.4256932239088229     
           2          59   3.4018095712556926        16.000000000000000        5.4263687396926708     
           2          60   3.3995812507336196        16.000000000000000        5.4253556045258380     
           2          61   85.983918150137114        16.000000000000000        81.628181759063125     
           2          62   3.3772379416493807        16.000000000000000        5.4265375440318380     
           2          63   3.3877230280037929        16.000000000000000        5.4250854682286942     
           2          64   3.3580200084231926        16.000000000000000        5.4252205098554747     
           2          65   3.3031174301739061        16.000000000000000        5.4252204228537702     
           2          66   10.147579502926236        16.000000000000000        5.7252762875930330     
           2          67   3.3884048561901468        16.000000000000000        5.4263687396926708     
           2          68   3.3861939494631934        16.000000000000000        5.4250179363306019     
           2          69   3.3338328057679876        16.000000000000000        5.4250854198852165     
           2          70   3.3497504286315101        16.000000000000000        5.4255243985009640     
           2          71   3.3369369384158949        16.000000000000000        5.4263686914148019     
           2          72   3.3650267573768922        16.000000000000000        5.4253555797454673     
           2          73   3.4002380846474476        16.000000000000000        5.4255244467843182     
           2          74   3.2899157178811063        16.000000000000000        5.4255243550627519     
           2          75   3.3868360014075725        16.000000000000000        5.4250178880439535     
           2          76   3.2916014666419238        16.000000000000000        5.4256932027641227     
           2          77   3.3124567742936177        16.000000000000000        5.4252204640569319     
           2          78   3.3669033224797595        16.000000000000000        5.4252205098554747     
           2          79   3.4038527219280299        16.000000000000000        5.4252205346363001     
           2          80   11.362400105300919        16.000000000000000        5.8064064012030014     
           2          81   3.2896036062697642        16.000000000000000        5.4265375228895367     
           2          82   3.3066159932981729        16.000000000000000        5.4250853765017384     
           2          83   3.3622697076483319        16.000000000000000        5.4250853976480720     
           2          84   3.3489789076050940        16.000000000000000        5.4250853976480720     
           2          85   11.957001107064073        16.000000000000000        5.8064065429748615     
           2          86   3.3469985343515023        16.000000000000000        5.4263686913645053     
           2          87   3.3106918426445668        16.000000000000000        5.4255243550627519     
           2          88   10.588022575309315        16.000000000000000        5.7257748212304689     
           2          89   3.3166383886681223        16.000000000000000        5.4250853976480720     
           2          90   3.4113432524953051        16.000000000000000        5.4252205346363001     
           2          91   3.4590969660376776        16.000000000000000        5.4252205601597661     
           2          92   3.2868567693984909        16.000000000000000        5.4253555128021942     
           2          93   3.3107524885328505        16.000000000000000        5.4256932239088229     
           2          94   3.3603311759383607        16.000000000000000        5.4256932697044382     
           2          95   3.3600416276343870        16.000000000000000        5.4265375441391210     
           2          96   8.1311771735678136        16.000000000000000        5.6717930304809085     
           2          97   3.2807723490689704        16.000000000000000        5.4265375028359832     
           2          98   3.4123132939673679        16.000000000000000        5.4250854937517836     
           2          99   3.3384409236344412        16.000000000000000        5.4256932462014191     
           2         100   3.3619902068578145        16.000000000000000        5.4255244220045178     
           2         101   3.3127348518918098        16.000000000000000        5.4253554927453447     
           2         102   3.3594464518253795        16.000000000000000        5.4255243984460977     
           2         103   3.3105805001163953        16.000000000000000        5.4255243762078518     
           2         104   3.2718577830706583        16.000000000000000        5.4256931827082662     
           2         105   3.3602595609046668        16.000000000000000        5.4265375898222610     
           2         106   3.3735467741115435        16.000000000000000        5.4250854434474398     
           2         107   3.8515928543618299        16.000000000000000        5.4266752930115807     
           2         108   3.3733056450576027        16.000000000000000        5.4253556041190709     
           2         109   3.3371140998159738        16.000000000000000        5.4265375663219313     
           2         110   3.3846121984843358        16.000000000000000        5.4255243985009640     
           2         111   3.3221221925053586        16.000000000000000        5.4255243762078518     
           2         112   3.2904128499529799        16.000000000000000        5.4255243550627519     
           2         113   3.2942336756364980        16.000000000000000        5.4265375228895367     
           2         114   8.2578943999943721        16.000000000000000        5.6716519396967700     
           2         115   3.3424789100324461        16.000000000000000        5.4252204862944300     
           2         116   3.5888444325946676        16.000000000000000        5.4265210556753898     
           2         117   10.790802280635582        16.000000000000000        5.2272571088780264     
           2         118   11.957850828272482        16.000000000000000        5.7255797112757261     
           2         119   12.643529649125794        16.000000000000000        5.8050644154921542     
           2         120   3.3554182293362329        16.000000000000000        5.4255244220045178     
           2         121   3.5768105463819246        16.000000000000000        5.4266799371388830     
           2         122   3.4166428942439278        16.000000000000000        5.4263687396926708     
           2         123   3.3368277103648700        16.000000000000000        5.4250854199424960     
           2         124   3.3697156260872614        16.000000000000000        5.4250854434474398     
           2         125   3.3965008062867437        16.000000000000000        5.4250179359217565     
           2         126   3.4247513123732403        16.000000000000000        5.4256933200085795     
           2         127   14.772354011504222        16.000000000000000        8.1433818551088972     
           2         128   3.3667643733525354        16.000000000000000        5.4252205098554747     
           2         129   3.3010844733518550        16.000000000000000        5.4253555128021942     
           2         130   3.2747639103324020        16.000000000000000        5.4255243350063580     
           2         131   3.2910377349008284        16.000000000000000        5.4250178446028023     
           2         132   21.949915677028137        16.000000000000000        9.1845368841075015     
           2         133   198.07422137155029        16.000000000000000        185.20101415064792     
           2         134   3.2886863095495147        16.000000000000000        5.4255243550627519     
           2         135   3.3134312039086393        16.000000000000000        5.4252204640569319     
           2         136   83.353699847524084        16.000000000000000        77.034697802917321     
           2         137   3.2967329330062247        16.000000000000000        5.4253555128021942     
           2         138   3.2693828716546731        16.000000000000000        5.4256931827082662     
           2         139   3.3551669581488115        16.000000000000000        5.4263686914148019     
           2         140   8.0035002895294003        16.000000000000000        5.6721104279874037     
           2         141   139.23014997698388        16.000000000000000        128.01301268144852     
           2         142   283.99655921873295        16.000000000000000        267.44107782063242     
           2         143   3.3694217337809000        16.000000000000000        5.4256932462014191     
           2         144   3.2962159490300991        16.000000000000000        5.4263686479814215     
           2         145   3.3445105747451791        16.000000000000000        5.4252204863509608     
           2         146   3.9996346170346642        16.000000000000000        5.4266848113894826     
           2         147   3.2875840234906191        16.000000000000000        5.4252204429109954     
           2         148   3.7029019214727263        16.000000000000000        5.4256667878198765     
           2         149   3.7074912180240314        16.000000000000000        5.4256667878198765     
           2         150   197.72867570583236        16.000000000000000        186.56323525508489     
           2         151   257.43796648360626        16.000000000000000        241.14596259310733     
           2         152   3.2725086660311922        16.000000000000000        5.4265375028359832     
           2         153   3.3721559498405149        16.000000000000000        5.4253555797454673     
           2         154   3.7533389971945001        16.000000000000000        5.4256821502040662     
           2         155   3.2868273354461315        16.000000000000000        5.4255243350063580     
           2         156   3.3935742324922713        16.000000000000000        5.4263687149156876     
           2         157   3.3226924867004457        16.000000000000000        5.4250853976480720     
           2         158   10.212597027148018        16.000000000000000        5.7250627158439205     
           2         159   3.5968347956130233        16.000000000000000        5.4251702796216916     
           2         160   3.3558576861378500        16.000000000000000        5.4250178880439535     
           2         161   10.318131566539442        16.000000000000000        5.7266648861379688     
           2         162   10.387711574960344        16.000000000000000        5.7254187309828648     
           2         163   3.2704108849550426        16.000000000000000        5.4255243350063580     
           2         164   3.3861788816420701        16.000000000000000        5.4250179363306019     
           2         165   3.7190053316691820        16.000000000000000        5.4265264251571139     
           2         166   3.2769792047294337        16.000000000000000        5.4263686279274062     
           2         167   3.2861011855101605        16.000000000000000        5.4252204228537702     
           2         168   3.3498404518160116        16.000000000000000        5.4263686914148019     
           2         169   3.3793550220857558        16.000000000000000        5.4265375898222610     
           2         170   8.1162039968768784        16.000000000000000        5.6717930302447996     
           2         171   3.7384793809164654        16.000000000000000        5.4255189482183468     
           2         172   3.5646854285350136        16.000000000000000        5.4253582358951258     
           2         173   3.3617225856650590        16.000000000000000        5.4252204863509608     
           2         174   3.6912053914759508        16.000000000000000        5.4256877866987097     
           2         175   10.605814124741004        16.000000000000000        5.7264869213340246     
           2         176   57.989070447068663        16.000000000000000        55.804108344003950     
           2         177   3.5490312708979888        16.000000000000000        5.4256667878198765     
           2         178   3.3285180523147191        16.000000000000000        5.4252204640569319     
           2         179   3.4347140728039522        16.000000000000000        5.4256932944836773     
           2         180   10.339582442536342        16.000000000000000        5.7252763311138537     
           2         181   10.495416747614952        16.000000000000000        5.7264868703404117     
           2         182   7.9310991715220354        16.000000000000000        5.6715813046410242     
           2         183   3.3594101557384062        16.000000000000000        5.4256932697044382     
           2         184   3.3713234878791054        16.000000000000000        5.4253555797454673     
           2         185   3.4649623155021083        16.000000000000000        5.4263687925513668     
           2         186   3.4316239699797371        16.000000000000000        5.4252205601597661     
           2         187   3.2901893501891024        16.000000000000000        5.4250853765017384     
           2         188   3.5247283617455336        16.000000000000000        5.4265110653151023     
           2         189   3.3706759547863938        16.000000000000000        5.4252205098554747     
           2         190   3.3127727183326767        16.000000000000000        5.4250178657493171     
           2         191   3.3714561331923023        16.000000000000000        5.4255244220045178     
           2         192   3.3237932820105587        16.000000000000000        5.4250178658486465     
           2         193   3.3652116440635940        16.000000000000000        5.4256932694815552     
           2         194   4.3985493626443573        16.000000000000000        5.4255079409888518     
           2         195   10.598400065379790        16.000000000000000        5.7257748212304689     
           2         196   3.3662957228869792        16.000000000000000        5.4255243985009640     
           2         197   3.5138040867520646        16.000000000000000        5.4256667878198765     
           2         198   3.2772754153812667        16.000000000000000        5.4250178245450318     
           2         199   3.3550562584009986        16.000000000000000        5.4252205098554747     
           2         200   3.3797265592692893        16.000000000000000        5.4265375898222610     
           2         201   8.3067866119226146        16.000000000000000        5.6717930564071155     
           2         202   3.2903428237633485        16.000000000000000        5.4265375028359832     
           2         203   3.3654667520872450        16.000000000000000        5.4265375663219313     
           2         204   3.2691355138648501        16.000000000000000        5.4256931827082662     
           2         205   3.2985697797252560        16.000000000000000        5.4263686479814215     
           2         206   3.2998942233676871        16.000000000000000        5.4265375228895367     
           2         207   3.3049709180642335        16.000000000000000        5.4263686479814215     
           2         208   3.3085592114131885        16.000000000000000        5.4263686279274062     
           2         209   3.3637230802081168        16.000000000000000        5.4255243762078518     
           2         210   3.3177982760634754        16.000000000000000        5.4253555339477613     
           2         211   3.3274808552205610        16.000000000000000        5.4255243762078518     
           2         212   3.5200170456213153        16.000000000000000        5.4252278172804544     
           2         213   10.397680737204048        16.000000000000000        5.7266648861379688     
           2         214   3.3634095336193299        16.000000000000000        5.4255244220045178     
           2         215   3.3862846458498854        16.000000000000000        5.4253556045258380     
           2         216   3.3408551987178110        16.000000000000000        5.4263686914148019     
           2         217   10.418978996234191        16.000000000000000        5.7257747702322046     
           2         218   3.3698116656954658        16.000000000000000        5.4252205098554747     
           2         219   141.91089941014181        16.000000000000000        133.24189224611135     
           2         220   3.3101061162966623        16.000000000000000        5.4256932239088229     
           2         221   334.07826672943321        16.000000000000000        314.47427108781727     
           2         222   3.2719256066618088        16.000000000000000        5.4255243350063580     
           2         223   3.2766036497790503        16.000000000000000        5.4250853564441526     
           2         224   362.21857662282270        16.000000000000000        352.81310391889383     
           2         225   4.5914340904798898        16.000000000000000        5.4253838813514568     
           2         226   558.07865319954760        16.000000000000000        528.90256586899795     
           2         227   4.4807033099284439        16.000000000000000        5.4256877866987097     
           2         228   10.618780274270884        16.000000000000000        5.7251340094597527     
           2         229   10.702108213765205        16.000000000000000        5.7251340652923322     
           2         230   389.51892007001152        16.000000000000000        370.36249219632185     
           2         231   3.2885903211072285        16.000000000000000        5.4252204228537702     
           2         232   3.3923977998134816        16.000000000000000        5.4263687396926708     
           2         233   3.3594029797980762        16.000000000000000        5.4253555797454673     
           2         234   3.3566005592548169        16.000000000000000        5.4263687149156876     
           2         235   3.3595441281802767        16.000000000000000        5.4265375663219313     
           2         236   3.3604817034396324        16.000000000000000        5.4253555797454673     
           2         237   10.668753021825047        16.000000000000000        5.7250628127317311     
           2         238   3.3856674721228135        16.000000000000000        5.4250179115491015     
           2         239   3.3393797004109231        16.000000000000000        5.4255243762078518     
           2         240   3.3159373614405112        16.000000000000000        5.4250853765017384     
           2         241   10.452043550935294        16.000000000000000        5.7266649345044556     
           2         242   3.4202961847277980        16.000000000000000        5.4252205346363001     
           2         243   3.6602901579671032        16.000000000000000        5.4254933034411215     
           2         244   3.3048831124246498        16.000000000000000        5.4263686479814215     
           2         245   725.88334894811612        16.000000000000000        683.95365302509902     
           2         246   13.360218570676080        16.000000000000000        5.7266323475729637     
           2         247   3.3228932669893849        16.000000000000000        5.4252204640569319     
           2         248   8.1317501667133740        16.000000000000000        5.6716519151054250     
           2         249   3.2785618995969776        16.000000000000000        5.4255243350063580     
           2         250   3.3024241078284136        16.000000000000000        5.4250178446028023     
           2         251   3.3331973303589026        16.000000000000000        5.4256932462014191     
           2         252   779.25720861157345        16.000000000000000        731.89186510898696     
           2         253   3.3632091394421342        16.000000000000000        5.4265375663219313     
           2         254   3.3500414067119872        16.000000000000000        5.4250178657493171     
           2         255   3.3243039500899116        16.000000000000000        5.4255243762078518     
           2         256   3.4131055008291229        16.000000000000000        5.4250179363306019     
           2         257   3.3306804167969646        16.000000000000000        5.4256932462014191     
           2         258   3.3624498443302011        16.000000000000000        5.4252205098554747     
           2         259   3.6827297355616935        16.000000000000000        5.4252278172804544     
           2         260   10.662740756891537        16.000000000000000        5.7251340094597527     
           2         261   3.3716582367513768        16.000000000000000        5.4255244220045178     
           2         262   3.4374260081266650        16.000000000000000        5.4250854432210023     
           2         263   14.664198766603961        16.000000000000000        8.5793108958597308     
           2         264   3.4529163320690350        16.000000000000000        5.4263687396926708     
           2         265   27.482299376992181        16.000000000000000        26.359678462695019     
           2         266   3.3016820159177653        16.000000000000000        5.4256932027641227     
           2         267   3.3721835993627072        16.000000000000000        5.4250854434474398     
           2         268   3.3008646328465754        16.000000000000000        5.4256931827082662     
           2         269   10.431993652379639        16.000000000000000        5.7251339832846391     
           2         270   3.4568092329697535        16.000000000000000        5.4252205346363001     
           2         271   3.3728179291236895        16.000000000000000        5.4263686914148019     
           2         272   3.3060412211374626        16.000000000000000        5.4255243763098076     
           2         273   3.3064610913481705        16.000000000000000        5.4252204640569319     
           2         274   8.2245131912640179        16.000000000000000        5.6729924487785723     
           2         275   3.3365002635198904        16.000000000000000        5.4252204863509608     
           2         276   3.2940241448381729        16.000000000000000        5.4255243550627519     
           2         277   3.7334344801174137        16.000000000000000        5.4255133115370890     
           2         278   3.4307984764068875        16.000000000000000        5.4255244467843182     
           2         279   3.3572969924972189        16.000000000000000        5.4255243984460977     
           2         280   3.3656132206666327        16.000000000000000        5.4265375898222610     
           2         281   3.3887644831199029        16.000000000000000        5.4252205346363001     
           2         282   3.3425342152233819        16.000000000000000        5.4252204863509608     
           2         283   14.262466748927352        16.000000000000000        5.7252895785136122     
           2         284   3.3337908221636510        16.000000000000000        5.4255243985009640     
           2         285   3.3355300668576504        16.000000000000000        5.4265375663219313     
           2         286   3.3425323346934155        16.000000000000000        5.4252204863509608     
           2         287   3.3087378358432802        16.000000000000000        5.4265375228895367     
           2         288   3.3457052221523669        16.000000000000000        5.4250854199424960     
           2         289   3.3086787762484211        16.000000000000000        5.4250853976480720     
           2         290   3.3879106703318143        16.000000000000000        5.4252204863509608     
           2         291   3.2986411180088071        16.000000000000000        5.4250853564441526     
           2         292   3.4026872319126173        16.000000000000000        5.4250179363306019     
           2         293   3.5920225704704665        16.000000000000000        5.4256667878198765     
           2         294   3.3280100919598845        16.000000000000000        5.4253555562413744     
           2         295   3.4021163010138564        16.000000000000000        5.4255244467843182     
           2         296   3.3229661278477556        16.000000000000000        5.4250853765017384     
           2         297   3.2798098302740000        16.000000000000000        5.4253554927453447     
           2         298   3.3077651675061257        16.000000000000000        5.4250178657493171     
           2         299   3.3612343111696319        16.000000000000000        5.4253555797454673     
           2         300   3.3863162019708457        16.000000000000000        5.4252205346363001     
           2         301   3.4272409269040165        16.000000000000000        5.4265376145987032     
           2         302   3.3062018772804258        16.000000000000000        5.4263686479814215     
           2         303   8.2153311748564608        16.000000000000000        5.6715813954290963     
           2         304   3.3469834923634170        16.000000000000000        5.4256932461474108     
           2         305   3.5540427701306956        16.000000000000000        5.4251756505254392     
           2         306   3.3574000982809467        16.000000000000000        5.4263686479814215     
           2         307   3.4861559826645205        16.000000000000000        5.4265376401261172     
           2         308   3.4481726794160750        16.000000000000000        5.4250854678202804     
           2         309   3.2897540113858819        16.000000000000000        5.4250178245450318     
           2         310   3.3171404222877436        16.000000000000000        5.4263686479814215     
           2         311   3.3929004468182362        16.000000000000000        5.4255244467843182     
           2         312   3.3922125598778679        16.000000000000000        5.4250854682286942     
           2         313   3.2707145238361992        16.000000000000000        5.4252204228537702     
           2         314   3.3242955540843004        16.000000000000000        5.4256932239088229     
           2         315   3.3505421333215626        16.000000000000000        5.4252204640569319     
           2         316   3.3054988126535036        16.000000000000000        5.4250178245450318     
           2         317   3.2726575736363057        16.000000000000000        5.4265375028359832     
           2         318   3.3423180282310998        16.000000000000000        5.4255243985009640     
           2         319   3.3518133320008920        16.000000000000000        5.4250178657493171     
           2         320   3.3731832813763400        16.000000000000000        5.4255244220045178     
           2         321   10.225652361220593        16.000000000000000        5.7255967136370725     
           2         322   3.3554975629597190        16.000000000000000        5.4256932697044382     
           2         323   11.792067109393543        16.000000000000000        5.7252452000005087     
           2         324   3.4349782500499093        16.000000000000000        5.4252205601597661     
           2         325   3.4005623767666648        16.000000000000000        5.4263687392921689     
           2         326   3.4180803297450679        16.000000000000000        5.4250179363306019     
           2         327   3.2975012253223417        16.000000000000000        5.4250178446028023     
           2         328   3.2986525867985605        16.000000000000000        5.4250853765017384     
           2         329   3.3792748132271018        16.000000000000000        5.4250854434474398     
           2         330   3.3838447004951102        16.000000000000000        5.4255244463786063     
           2         331   3.4067788196074988        16.000000000000000        5.4263687396926708     
           2         332   8.0130942594895718        16.000000000000000        5.6721104070040580     
           2         333   10.414611949193356        16.000000000000000        5.7252763311138537     
           2         334   3.2721122009370895        16.000000000000000        5.4265375028359832     
           2         335   3.4120914011869150        16.000000000000000        5.4255244467843182     
           2         336   12.107157983817803        16.000000000000000        5.7254429870969545     
           2         337   3.2885620771114614        16.000000000000000        5.4263686279274062     
           2         338   10.631600409798502        16.000000000000000        5.7257748481913220     
           2         339   3.3309952797142168        16.000000000000000        5.4265375663219313     
           2         340   3.6545075556572493        16.000000000000000        5.4254979486444030     
           2         341   3.3559702718165978        16.000000000000000        5.4263687149156876     
           2         342   3.3551383958381629        16.000000000000000        5.4250179115491015     
           2         343   11.992622540372599        16.000000000000000        5.7268374648992832     
           2         344   3.3738556742163834        16.000000000000000        5.4256932697044382     
           2         345   3.2795954985757980        16.000000000000000        5.4250178245450318     
           2         346   3.3399779866100494        16.000000000000000        5.4255243985009640     
           2         347   3.3071048022484018        16.000000000000000        5.4255243762078518     
           2         348   3.4124121503653289        16.000000000000000        5.4253556045258380     
           2         349   3.2712358669468253        16.000000000000000        5.4252204228537702     
           2         350   3.3614486906557581        16.000000000000000        5.4250854434474398     
           2         351   3.2858099246737464        16.000000000000000        5.4265375028359832     
           2         352   3.4291212280982104        16.000000000000000        5.4265376145987032     
           2         353   10.481705521351163        16.000000000000000        5.7266649096820430     
           2         354   3.3673245831180458        16.000000000000000        5.4255244220045178     
           2         355   3.3441367189924391        16.000000000000000        5.4250854199424960     
           2         356   10.409297959949795        16.000000000000000        5.7266648861379688     
           2         357   10.314698303796813        16.000000000000000        5.7252763546620145     
           2         358   3.2981763877300865        16.000000000000000        5.4253555128021942     
           2         359   3.2751321335730070        16.000000000000000        5.4250178245450318     
           2         360   3.3637394804657070        16.000000000000000        5.4265375898222610     
           2         361   3.4041403897368170        16.000000000000000        5.4253556045258380     
           2         362   3.3202479445564874        16.000000000000000        5.4252204640569319     
           2         363   3.3355561115223757        16.000000000000000        5.4250854199424960     
           2         364   3.2724676172168028        16.000000000000000        5.4250178245450318     
           2         365   8.2144858927198339        16.000000000000000        5.6717930559805732     
           2         366   3.3296190722927546        16.000000000000000        5.4250178880439535     
           2         367   10.524380656139696        16.000000000000000        5.7252764052329956     
           2         368   3.3886120480836444        16.000000000000000        5.4265375898222610     
           2         369   3.4065396352793136        16.000000000000000        5.4265375896042958     
           2         370   3.3478835738152837        16.000000000000000        5.4256932240116624     
           2         371   3.3662579621949176        16.000000000000000        5.4255243985009640     
           2         372   10.291876507666908        16.000000000000000        5.7251339125728222     
           2         373   3.4029723255063109        16.000000000000000        5.4255244467843182     
           2         374   3.3686095722864673        16.000000000000000        5.4253555797454673     
           2         375   3.3651852802228981        16.000000000000000        5.4252205098554747     
           2         376   3.3392693671339382        16.000000000000000        5.4252204862944300     
           2         377   3.4508401629116330        16.000000000000000        5.4255244996432994     
           2         378   3.3862214860631319        16.000000000000000        5.4263687396926708     
           2         379   3.3942295474191964        16.000000000000000        5.4250854682286942     
           2         380   3.4820570250211089        16.000000000000000        5.4252205601597661     
           2         381   3.5349446316711219        16.000000000000000        5.4256933473426052     
           2         382   3.3879110351308017        16.000000000000000        5.4255243984460977     
           2         383   3.4795806023867404        16.000000000000000        5.4252231718311625     
           2         384   3.6352511209789258        16.000000000000000        5.4266848113894826     
           2         385   6.9153879370058862        16.000000000000000        3.0037764576361417     
           2         386   10.632308686659332        16.000000000000000        5.7250628127317311     
           2         387   3.3287413173665423        16.000000000000000        5.4255243762078518     
           2         388   3.5701210293670500        16.000000000000000        5.4266952964726034     
           2         389   7.9757540060290317        16.000000000000000        5.6715813256258274     
           2         390   3.3953775650750568        16.000000000000000        5.4250179363306019     
           2         391   3.2957238124764032        16.000000000000000        5.4265375028359832     
           2         392   12.418163090399018        16.000000000000000        5.7257319523172123     
           2         393   3.4005188335911130        16.000000000000000        5.4255244467843182     
           2         394   3.3289803670790161        16.000000000000000        5.4256932462014191     
           2         395   10.231299761458711        16.000000000000000        5.6722450388081684     
           2         396   3.6298738388405929        16.000000000000000        5.4266799371388830     
           2         397   3.4007723632409053        16.000000000000000        5.4263687396926708     
           2         398   10.396889023301972        16.000000000000000        5.7252763546620145     
           2         399   3.3122022968756433        16.000000000000000        5.4252204429109954     
           2         400   3.2877683081897162        16.000000000000000        5.4252204228537702     
           2         401   3.3185739206053722        16.000000000000000        5.4265375440318380     
           2         402   3.4146097291059836        16.000000000000000        5.4250179363306019     
           2         403   3.3548571926930406        16.000000000000000        5.4265375662725628     
           2         404   11.715376431902964        16.000000000000000        5.7257471585696775     
           2         405   3.3936791527805927        16.000000000000000        5.4253556045258380     
           2         406   3.3666866407056548        16.000000000000000        5.4250854434474398     
           2         407   3.4721596685785840        16.000000000000000        5.4252205874953878     
           2         408   12.254747579850873        16.000000000000000        5.7255743064702269     
           2         409   3.3833458742543594        16.000000000000000        5.4255244220045178     
           2         410   3.4273606928901943        16.000000000000000        5.4263687652195971     
           2         411   3.3474275593069183        16.000000000000000        5.4253555561855924     
