3.08771394401641 3.22072605919315 3.28481856646616 3.3466514924748 3.24418761097253 2.72315051354833 3.29276232722528 3.50529126693056 2.99079666411149 3.20306940283962 3.52910311226732 3.44843421782785 3.39457371110542 3.51387645794133 3.49798389568663 3.23639839729799 3.17561728918294 3.37169822064334 3.20576031134025 3.06340683263285 3.5405219778281 3.09443002860131 3.46228702224169 3.2204952557506 3.18498372191398 3.19215812207068 3.28168620542299 3.05411155253581 3.19255528056623 3.1970221128127 3.19904544005981 3.51821182559145 3.11975396179237 3.37859594271092 3.11794160575498 3.10045412836891 3.3966074301511 3.07139930130196 3.43867905504293 3.39134453809137 3.39913404936699 3.30377542101129 3.23213057505232 3.30915571109252 3.41108607123638 3.24189360180904 3.21960573745699 3.0415050389826 3.3246896870384 3.49064097037408
-2.22090600775794 -1.60895743801317 -1.5019085355671 -1.79665115333151 -2.00747810168721 -2.97418118743463 -1.35600225926335 -2.00469779140543 -1.63116445667987 -1.96075743688772 -1.46406313627228 -2.23220342464868 -1.81289213730628 -1.94358958821408 -2.62337662590451 -1.51596248014047 -2.39172364085722 -1.15462167181954 -1.66872425663519 -1.64613943475099 -1.84320725581748 -1.83394114635499 -1.90932356280952 -1.41823763581173 -1.57428884910416 -1.39369788614719 -2.40342366343182 -2.09882607605843 -1.76149792009751 -1.78670727858938 -1.76925601836812 -1.98316921536844 -2.22871166393805 -1.65865207072853 -1.76579120982315 -2.10657817969871 -2.11803180645037 -1.71489705073217 -1.58572102391031 -1.90902460098254 -1.52743439957743 -1.89497970927158 -1.97060920538718 -2.12348308639246 -1.58527409847337 -1.9498229031411 -1.92294170299076 -1.83614821166259 -1.4646783538953 -2.39691846469701
-0.124077264352778 -0.148203378268072 -0.202553849578301 -0.0716466973636564 -0.270020967497537 -0.0818904004368129 -0.183881879260528 -0.216093286989 -0.11204520114357 -0.15304920272923 -0.292035237714219 -0.150789449596282 -0.216408975050629 -0.187428901868904 -0.217831088420124 -0.141977462355248 -0.152473526870736 -0.0877262156210955 -0.0761815238985815 -0.209231160486417 -0.23962814423335 -0.115691690305191 -0.174456814237961 -0.270689148812114 -0.138710645709467 -0.162445301314059 -0.132460747961418 -0.199376495636037 -0.160467297922737 -0.18876480958389 -0.156709505379186 -0.240079060947229 -0.0825387463017788 -0.205139881223445 -0.0962946446702461 -0.195962376616757 -0.159206930429263 -0.253834274530354 -0.209773231889258 -0.16653805573275 -0.195735956562633 -0.117542983070658 -0.16123300804435 -0.224352912571303 -0.237520720324645 -0.143720703895873 -0.259085631163082 -0.107062878753683 -0.088870324471907 -0.192370847507414
0.495328184227406 0.428019314588264 0.739758758192469 0.822538960678864 0.60711870885358 1.14003765394482 1.24700240844257 0.735635560368307 0.993342916366639 0.645068757210616 0.764035742900218 1.19117738041025 0.455397959102636 0.865176118262453 0.902691901482249 2.14752108153385 1.16451595698519 0.721169187281833 0.78592644583208 0.622612909245564 0.898961133107973 0.814954027611355 0.428675119537693 0.836777988270633 0.763138245894652 0.697463848313852 0.682121767270077 0.864864322158184 0.665991604551689 0.710375467491574 0.819702946136452 1.35892090162979 0.536577792928244 0.72304432915242 0.596458557080164 1.35060047492558 0.782098245081767 0.776874912127043 1.17586087051365 0.502181276275377 0.753921169806489 0.773136061585346 0.282803586349113 0.853561168148657 0.878510759301425 1.48798410356494 0.647222566136308 0.456788592232467 0.357716122347754 1.88719781221246
-0.0627460929880517 -0.0606400859762714 -0.0422794683579033 -0.0342827730613844 -0.066574148895034 -0.0312544529656142 -0.0581918265361629 -0.0634475033219035 -0.0301842354817172 -0.0487342315809142 -0.0769797430679681 -0.0968477240806873 -0.0557383779182241 -0.0583815001037911 -0.0552966645734591 -0.0547703775849776 -0.0540040080751001 -0.0539209682807965 -0.057189715499683 -0.0542529091647182 -0.0516406930154949 -0.0761230181316897 -0.0623226275562363 -0.0551193882894047 -0.0519962364913407 -0.0346843133898082 -0.0752471046090403 -0.0643429990055161 -0.0405364943277695 -0.0484200234431728 -0.0612127911850215 -0.0526697627483611 -0.0556875992015052 -0.0652140451025866 -0.0582971287845809 -0.0417016575195023 -0.0621825345973219 -0.0452189652206721 -0.0550751859448545 -0.0355787149932529 -0.0553106212952143 -0.0581396709562324 -0.022149096562328 -0.0433644670406002 -0.052619989058564 -0.0593947513293417 -0.067184194308531 -0.0696382057162075 -0.0480489758795952 -0.047834681129461
-0.0918636966247688 -0.0496924723886597 -0.218201835931541 -0.178511005300516 -0.0920584455511795 -0.0195357363361135 -0.0519182347797175 -0.105550856372338 -0.140471261694567 -0.0693245455218656 -0.0669973194747389 -0.222040453132568 -0.139483974092808 -0.157727127761903 0.0302322079071614 -0.0447931648776681 -0.117660144414071 -0.0881574120170341 -0.0277272108316336 -0.0360378567799698 -0.0619094485331952 -0.0855663669517559 -0.143380255767047 -0.102568255959094 -0.143347879585259 -0.0956758967000517 -0.166290917291127 -0.16202837456315 -0.124172989097335 -0.0696214023906362 -0.029899241144443 -0.14902648363747 -0.117561719991604 -0.181844818204446 -0.243853055739816 -0.116768399152238 -0.0800295793309075 -0.125414124342567 -0.0790055719346056 -0.100538559478723 -0.153757799280601 -0.18133253550773 0.136015246234086 -0.102530848885704 -0.179860777917773 -0.135910525739221 -0.0959359461711563 -0.103821065989486 -0.093170061703488 -0.03835196872947
0.652318105183266 0.650670585055864 0.499374354176836 0.540072539091097 0.633982382715264 0.770579114471323 0.548525295678036 0.544411601874501 0.488448478839436 0.506540266019099 0.549833225877132 0.432443653104551 0.579204534284496 0.544399682466431 0.589123875034968 0.631439866285185 0.53107292259258 0.479637869260162 0.496409057423855 0.691307115407474 0.5026089299416 0.522427255721799 0.598779155810007 0.53386186307953 0.521103405059227 0.682950214126486 0.567180899345134 0.62028397024498 0.561622469340181 0.577920890819828 0.580643264646952 0.619565351210491 0.574867509387069 0.519642692505723 0.538685728991381 0.625551669214838 0.52217640696914 0.569000284409617 0.546426634906119 0.455274046743646 0.455360124136808 0.450054857623361 0.503004533550039 0.547284310098278 0.616151764073143 0.548758476835007 0.507764237252116 0.540729735399372 0.422155667560253 0.512068002147692
-0.0319528029891538 -0.0162390137761495 -0.0335105889616078 -0.0359514499548616 -0.0301137654888251 -0.0277571539962494 -0.0531185599676619 -0.0124757055992658 -0.056838976553077 -0.0229379016525199 -0.0333385105715259 -0.0216159293934758 -0.0424467742323175 -0.038234646125137 -0.0154118560328441 -0.051903896622698 -0.0341116318197756 -0.0299478567357496 -0.0344505618387735 -0.0243468516978841 -0.0253969231321129 -0.0653672882017198 -0.0235856164656412 -0.0161855670405642 -0.0204918760517279 -0.0411120098140563 -0.024339523593978 -0.0197537697881996 -0.0214737798744336 -0.0328942561848281 -0.0404992499557481 -0.0374146786982699 -0.0229312250846138 -0.0283094319601349 -0.0424610776965345 -0.046718420844126 -0.0191802719461366 -0.0298599372059081 -0.0215037874284029 -0.0162523893529085 -0.0262683936910962 -0.0367233269472528 -0.0164095785385725 -0.0227324908099338 -0.0427842742112222 -0.03820771967403 -0.0287275549636466 -0.0349239425270876 -0.02220093390999 -0.0538829990138874
2.52279700913822 2.84722453720991 3.37647249423395 2.79415395684083 2.88909502818843 4.66255211490446 2.57766871464876 3.17946542121377 4.50316214842133 2.4273718582498 3.67479680019064 7.1921820496233 1.85566795764267 2.41155159297686 3.36626229163025 4.01117163442226 3.88562827137786 3.35299318312398 3.29250543748868 2.04853829346104 2.83525314793696 2.67992925826915 5.17424405244333 2.54927180556445 4.14176331934964 2.62922513047172 3.76459926576582 2.45342349223577 2.48919135191669 3.50958732531622 2.52330215739408 2.61171094128415 2.52012287102796 2.82908914289047 2.38078301232001 2.76522224730257 6.05094508801654 2.35776219531666 2.27843926798051 2.87264191344391 3.72484943275513 3.38711395616572 2.86389471153709 2.35565965848542 3.1913213938512 2.70154741442835 2.8927725505725 3.0456945362511 2.7688805668543 4.85543331101217
7.41922906504238 13.5766743669931 10.4928548728674 11.1149977937418 11.767913118572 16.7444198337681 13.1344862466296 11.8358283917738 6.56184597696042 10.7031996560049 7.02486104192281 7.94087568772959 11.3691116122723 6.78348635045487 6.10326853136641 10.6567139451163 6.70610019528742 6.94367079217863 10.2482563191318 11.2868384543655 5.51592839513904 10.5410184350083 7.10107662111027 12.308124679493 11.5897998286086 11.1431764428686 8.51803579483219 11.8231344807121 16.2255880009901 7.58422083443459 10.7129068073468 12.788539720497 10.4018009470952 9.89306231002075 7.7744473142324 11.5126279045038 10.182538509981 11.0115688618023 7.84407672950673 12.1132457277868 10.2003370520276 6.88345983704063 11.1159823830957 10.7923683174417 8.32806574012227 10.6236459111458 10.9550328087905 11.34962290475 11.4440388049077 6.62700902610193
0.94039261792827 0.952261428021203 1.12751202754805 1.03512607495533 0.544481828191364 1.00955302161925 1.17115990358385 1.00821489432247 1.43871015904343 0.741878797586174 1.25956940993159 1.21112751610449 1.25239621639001 0.970484385097941 1.16384047803564 0.926244454118394 1.51466086346157 1.33427586022461 1.07846350837009 1.05874645925104 1.58589588485794 0.972699444747187 1.31854222668573 1.25930672600426 1.20474099768194 1.07556789775156 1.06809382903754 0.834594690462302 0.59416174839622 1.55869634393577 0.645908447783213 1.19655843001917 1.24971434272098 1.11412937269399 1.42549565017678 1.03305284978077 0.979165963777419 1.18476457192567 1.14383735938173 1.11653105421198 0.597606115061929 1.31438342557576 0.974259198869036 0.947287115619879 1.54402017582887 0.828990877386881 1.06028327214231 1.37416102591807 0.964702507408659 1.69836881605389
9.54809509101518 7.97059894799355 6.05273608093572 8.88446696849562 8.06191565320465 6.23091791928128 6.58493906927951 10.7142835114989 8.64342341376869 10.8844422067961 7.74631003655686 8.15869790363633 9.56797797677839 10.7755208480923 11.6266391224479 5.70146419961428 9.9958851484839 9.9555723974141 8.50443712120571 4.34787199951402 9.84052303092904 8.82199882050298 7.81116925839592 8.93158004152115 10.0276108002092 5.87333830018983 9.21138426435151 12.4920995326135 9.90452373796039 9.64512235281361 8.57922759505444 9.33126983679966 5.59112157448237 8.03461285639172 9.0006230814054 8.05105106716322 5.57248751649015 5.52578053312725 8.82399852404093 9.80548527100709 8.75803898899546 8.7741918670265 10.4095427007299 5.0492422653957 9.23789517814552 9.15130785086955 8.6888190454244 8.99070016097577 9.21943486997698 11.6039958102595
-0.637196525042062 -0.576884983987075 -0.478355983576631 -0.583862419190893 -0.653516650196286 -0.419076569788639 -0.555098264232369 -0.638694587525185 -0.570925067079415 -0.612856144272094 -0.678994014070566 -0.714356062641182 -0.557476891106933 -0.565327525542561 -0.814844187727889 -0.539919756786035 -0.55409196414136 -0.532831638463892 -0.637146120743448 -0.348492925239467 -0.658128879021094 -0.583225902451046 -0.625114101711053 -0.524243087077053 -0.521960196603472 -0.555474716267924 -0.588091657515372 -0.679486636935692 -0.556863929836949 -0.529694101098452 -0.653899936981456 -0.530813615286301 -0.572957994380462 -0.722058277263173 -0.60387039964762 -0.514936843322153 -0.690246972595296 -0.591442836153354 -0.680497949026151 -0.508303486945884 -0.629304631081546 -0.672611417390646 -0.566838227764427 -0.689339907748095 -0.5267461409857 -0.566926507078037 -0.679077148037607 -0.581681338504708 -0.602869684244654 -0.561306046580155
-5.62863940293639 -5.04675021981348 -5.29875771094507 -5.6375661701168 -5.03183967821603 -5.74004480564401 -5.6654731119281 -5.98262510410157 -4.71964291653802 -5.35239255821119 -5.43079163466285 -4.89191240736822 -5.28057081744233 -6.53125209282992 -6.25858735472365 -5.76826427069998 -5.37395740199418 -5.52925503873666 -5.19890925526765 -5.26544508921813 -5.29166389497847 -5.52335265200874 -5.8490991390705 -5.08434145788761 -5.34886760802597 -6.40389257778361 -6.08681369564483 -5.2955566569143 -5.54943564574499 -5.47071788224289 -6.32222971138338 -5.98614515539347 -4.39799680078376 -5.91184394219341 -5.46132217495296 -5.86492204322908 -5.57681512912117 -5.26693806427605 -5.73872533825724 -5.64797900479714 -5.97757685498103 -5.47804191017051 -5.76260891666106 -5.38277998177786 -5.72718250465978 -5.33062739891327 -5.71130728762281 -5.32570394413281 -5.2967698632239 -5.83915662416773
-6.46675623707196 -6.80337330097182 -6.33539081357896 -6.94515181922673 -5.85404708769817 -5.73731049711792 -6.35294116284676 -6.66452823581776 -5.57297491055359 -6.47829452772984 -6.40063879218094 -6.45491345066124 -7.19853180718864 -6.14405108613472 -6.79390406777371 -7.0788526448326 -6.0501393828074 -6.32189887989311 -6.54307155365702 -5.85485942902038 -6.44044517677924 -6.32031327589623 -6.34043411604897 -5.69520383404886 -6.98870731488562 -6.93365188838313 -5.94335950121348 -6.24302135959293 -6.28376163316568 -6.45302221072547 -6.00505716743624 -7.42995655655584 -6.69074904297992 -6.00346278820193 -6.27680261504736 -6.72453691956268 -6.64205523864617 -6.05674293978652 -6.20312985380467 -5.99749515863375 -6.55529147794224 -7.12516440359782 -6.06904357515023 -5.91118764471003 -6.91483312748489 -6.41479223410071 -5.93281411564114 -6.53613378021075 -6.19094267051537 -7.15456161827742
-6.81985717579138 -6.90094415202731 -7.34193758644588 -7.29855568511638 -5.95295581751794 -7.17479073992559 -8.1473745135801 -6.57510705990845 -6.47175881420798 -7.10918798599506 -7.15038631342858 -7.77411863438849 -7.30318781605092 -7.23250697481627 -7.98134412031475 -7.87069262275933 -6.90338890204848 -7.47795274958205 -6.86901316418076 -6.82647548896962 -7.35763818912213 -6.34603708687018 -7.44264293203426 -6.40318379353686 -6.83948334941044 -7.3086636658971 -6.82863957737234 -7.79292006925939 -6.51629948760532 -7.20002925379136 -6.53315289085034 -8.11194652622136 -6.61559971161854 -7.27825146256675 -6.8035904689712 -8.50623783704958 -6.8432729629702 -6.71406584850008 -7.66882157611344 -6.38848007854711 -7.10766529759921 -7.37051491267486 -7.18130289079611 -6.6749721272416 -7.72122561313421 -7.46202378223004 -6.80874478386233 -6.21553520790755 -6.83543605834488 -8.25406114587459
-7.01374613343356 -7.6580063079332 -7.82146688362098 -8.0898295839527 -6.49454928218969 -7.8445586506201 -7.39945905272172 -7.37492433452774 -7.02893248275254 -7.73395813259368 -8.34440873628691 -8.11266440956157 -8.24408735916025 -8.42423086383707 -8.44161600312135 -7.2777465823309 -8.0792517253173 -9.39106405242984 -6.78561521797757 -8.11262634947686 -8.2051299185794 -6.89260332623431 -8.21077769655456 -6.85343423066419 -7.55294785808564 -8.68273429703501 -7.58177975821267 -7.47970502109989 -7.44560547379328 -8.39930949399596 -7.34981221593257 -8.17505370019113 -8.48502127845535 -7.03633367548123 -6.94144804601038 -7.5927041100851 -8.41266015678301 -7.66878200625124 -8.46977532372806 -8.35218295345777 -8.24884915373629 -6.86469333934486 -8.44242108914763 -7.85389024298634 -8.84136656328592 -8.40121441243493 -7.41937188984331 -7.49283201322597 -7.70477248979578 -8.89424624582092
1.27763422131349 1.98244556064566 1.61728548273734 1.19279598785365 1.24693776839673 1.53519339886251 1.29537909634068 1.56423923615449 1.48171326251852 1.63477372311829 3.03218479241123 2.41034621691372 3.83954197285433 1.45398009363097 1.50399249552224 1.4886020958968 1.79320632819876 1.5531336565392 2.13959174526876 1.61454946181372 1.5233181334238 1.22728442687973 1.86741356070073 2.08860692834486 1.26821452399246 4.07486708589272 1.76291713110507 1.50524609516377 1.11363928506939 3.2725452196889 3.19615526934954 1.25337831140202 1.83005711372031 2.31138159581702 2.06056979361104 1.02708994188155 2.035696683118 1.75968676573185 2.19638222322743 1.05244756516137 1.30675016397726 1.84587241354677 2.33315843644723 1.16880357334516 1.93217904387604 1.87353657430726 1.37336620983459 1.70326195611661 1.53018278880965 1.82291173836487
38.0643784214928 32.9225674583016 43.9668149832237 43.1125150860472 27.5207835622821 47.9136973086959 48.293042283112 29.7649841758233 36.3922520728695 34.7819431928601 32.0141899906793 48.3296228680886 40.1147692014804 47.4607929950291 45.601780737734 42.5205772331974 40.7534923836708 42.3027977326017 33.976667397536 37.2695855570454 32.3151078809465 42.2197881263757 22.1436231630118 36.3420838592446 41.7898543031816 41.4027019775703 42.1899199249999 36.1809989358062 45.5356539454524 39.1738463638993 36.5665111267937 38.4960606645386 37.1673968799478 39.8701404424747 36.5804935311031 40.1307021508445 35.8010439226586 38.6125743903337 37.0813952487686 36.7134568632445 35.0868425355995 36.988823632022 28.333345140569 34.662441018215 39.8575815659979 39.5335786176484 35.2204478110307 40.9900588301793 38.2728282441302 23.111948483494
19.3786919257668 17.8801278904125 15.2395591321534 16.7479609151756 18.1036141173242 15.3164194263824 12.3759808871581 17.060878626544 15.2362529008803 22.2721218759535 15.843599739731 21.131486758684 20.1543266244602 14.6868734713683 15.883474199804 19.1803956348313 23.7361011866628 18.490307689038 15.4430761477755 16.0243047899836 20.3851832519365 17.4124704667083 16.1387558643925 13.8694508822582 15.7947717837159 17.2165366305014 12.8572761467553 16.8991168146871 20.5060532944935 18.1270136708734 16.1350320952901 13.2987139350358 17.0275220551495 19.0257447357089 16.7754150585162 16.0163416417882 17.5162832293696 15.7313260016475 16.780626887152 11.4609981740745 17.8255538699551 21.445543331298 16.4657018367857 18.8653562997342 14.4285237250265 20.7650095999625 12.6345734733684 19.2257122300518 16.228571208259 20.4481083740352
0.25 0.25 0.25 0.25 0.25 0.25 0.25 0.25 0.25 0.25 0.25 0.25 0.25 0.25 0.25 0.25 0.25 0.25 0.25 0.25 0.25 0.25 0.25 0.25 0.25 0.25 0.25 0.25 0.25 0.25 0.25 0.25 0.25 0.25 0.25 0.25 0.25 0.25 0.25 0.25 0.25 0.25 0.25 0.25 0.25 0.25 0.25 0.25 0.25 0.25
-0.1 -0.1 -0.1 -0.1 -0.1 -0.1 -0.1 -0.1 -0.1 -0.1 -0.1 -0.1 -0.1 -0.1 -0.1 -0.1 -0.1 -0.1 -0.1 -0.1 -0.1 -0.1 -0.1 -0.1 -0.1 -0.1 -0.1 -0.1 -0.1 -0.1 -0.1 -0.1 -0.1 -0.1 -0.1 -0.1 -0.1 -0.1 -0.1 -0.1 -0.1 -0.1 -0.1 -0.1 -0.1 -0.1 -0.1 -0.1 -0.1 -0.1
