                       NaN                       NaN                       NaN                       NaN                       NaN                       NaN                       NaN                       NaN                       NaN                       NaN                       NaN                       NaN                       NaN                       NaN                       NaN                       NaN                       NaN                       NaN                       NaN                       NaN                       NaN                       NaN                       NaN                       NaN                       NaN                       NaN                       NaN
                       NaN                       NaN                       NaN                       NaN                       NaN                       NaN                       NaN                       NaN                       NaN                       NaN                       NaN                       NaN                       NaN                       NaN                       NaN                       NaN                       NaN                       NaN                       NaN                       NaN                       NaN                       NaN                       NaN                       NaN                       NaN                       NaN                       NaN
                       NaN                       NaN                       NaN                       NaN                       NaN                       NaN                       NaN                       NaN                       NaN                       NaN                       NaN                       NaN                       NaN                       NaN                       NaN                       NaN                       NaN                       NaN                       NaN                       NaN                       NaN                       NaN                       NaN                       NaN                       NaN                       NaN                       NaN
                       NaN                       NaN                       NaN                       NaN                       NaN                       NaN                       NaN                       NaN                       NaN                       NaN                       NaN                       NaN                       NaN                       NaN                       NaN                       NaN                       NaN                       NaN                       NaN                       NaN                       NaN                       NaN                       NaN                       NaN                       NaN                       NaN                       NaN
                       NaN                       NaN                       NaN                       NaN                       NaN                       NaN                       NaN                       NaN                       NaN                       NaN                       NaN                       NaN                       NaN                       NaN                       NaN                       NaN                       NaN                       NaN                       NaN                       NaN                       NaN                       NaN                       NaN                       NaN                       NaN                       NaN                       NaN
                       NaN                       NaN                       NaN                       NaN                       NaN                       NaN                       NaN                       NaN                       NaN                       NaN                       NaN                       NaN                       NaN                       NaN                       NaN                       NaN                       NaN                       NaN                       NaN                       NaN                       NaN                       NaN                       NaN                       NaN                       NaN                       NaN                       NaN
                       NaN                       NaN                       NaN                       NaN                       NaN                       NaN                       NaN                       NaN                       NaN                       NaN                       NaN                       NaN                       NaN                       NaN                       NaN                       NaN                       NaN                       NaN                       NaN                       NaN                       NaN                       NaN                       NaN                       NaN                       NaN                       NaN                       NaN
                       NaN                       NaN                       NaN                       NaN                       NaN                       NaN                       NaN                       NaN                       NaN                       NaN                       NaN                       NaN                       NaN                       NaN                       NaN                       NaN                       NaN                       NaN                       NaN                       NaN                       NaN                       NaN                       NaN                       NaN                       NaN                       NaN                       NaN
                       NaN                       NaN                       NaN                       NaN                       NaN                       NaN                       NaN                       NaN                       NaN                       NaN                       NaN                       NaN                       NaN                       NaN                       NaN                       NaN                       NaN                       NaN                       NaN                       NaN                       NaN                       NaN                       NaN                       NaN                       NaN                       NaN                       NaN
                       NaN                       NaN                       NaN                       NaN                       NaN                       NaN                       NaN                       NaN                       NaN                       NaN                       NaN                       NaN                       NaN                       NaN                       NaN                       NaN                       NaN                       NaN                       NaN                       NaN                       NaN                       NaN                       NaN                       NaN                       NaN                       NaN                       NaN
                       NaN                       NaN                       NaN                       NaN                       NaN                       NaN                       NaN                       NaN                       NaN                       NaN                       NaN                       NaN                       NaN                       NaN                       NaN                       NaN                       NaN                       NaN                       NaN                       NaN                       NaN                       NaN                       NaN                       NaN                       NaN                       NaN                       NaN
                       NaN                       NaN                       NaN                       NaN                       NaN                       NaN                       NaN                       NaN                       NaN                       NaN                       NaN                       NaN                       NaN                       NaN                       NaN                       NaN                       NaN                       NaN                       NaN                       NaN                       NaN                       NaN                       NaN                       NaN                       NaN                       NaN                       NaN
                       NaN                       NaN                       NaN                       NaN                       NaN                       NaN                       NaN                       NaN                       NaN                       NaN                       NaN                       NaN                       NaN                       NaN                       NaN                       NaN                       NaN                       NaN                       NaN                       NaN                       NaN                       NaN                       NaN                       NaN                       NaN                       NaN                       NaN
  -1.3690276819625457E-007   2.5769082150707229E-007   0.0000000000000000        8.1824397750681338E-008   0.0000000000000000        0.0000000000000000        1.0955748186783085E-007  -3.2088012636138944E-007  -4.5582191756241252E-011  -7.8061691746195096E-009   6.4799218359519851E-007  -4.0884044587749601E-009   0.0000000000000000        0.0000000000000000        0.0000000000000000        0.0000000000000000        0.0000000000000000        0.0000000000000000        0.0000000000000000        6.4448230363382036E-007   0.0000000000000000        0.0000000000000000        0.0000000000000000        0.0000000000000000        0.0000000000000000        0.0000000000000000        0.0000000000000000     
  -4.0967827237727994E-005  -1.5919627299462356E-004   0.0000000000000000       -1.2188671191100896E-004   0.0000000000000000        0.0000000000000000        6.6344045326628214E-007  -1.0185892802831599E-004  -1.3801589145169049E-007  -5.2847674891917627E-007  -7.5913544621412010E-004  -2.2070719987813429E-006   0.0000000000000000        0.0000000000000000        0.0000000000000000        0.0000000000000000        0.0000000000000000        0.0000000000000000        0.0000000000000000       -1.9055931440619352E-004   0.0000000000000000        0.0000000000000000        0.0000000000000000        0.0000000000000000        0.0000000000000000        0.0000000000000000        0.0000000000000000     
 -0.16058346606125273       -5.8623521423176417        0.0000000000000000       -7.5148365211397508        0.0000000000000000        0.0000000000000000      -0.19684452228727947       -4.4219656091153663        2.2627838176889907E-003   1.4037162696212748E-002  -30.777553627257003       -1.7828322354888921E-002   0.0000000000000000        0.0000000000000000        0.0000000000000000        0.0000000000000000        0.0000000000000000        0.0000000000000000        0.0000000000000000       -8.2829558494251003        0.0000000000000000        0.0000000000000000        0.0000000000000000        0.0000000000000000        0.0000000000000000        0.0000000000000000        0.0000000000000000     
  -1.2462327751452479E-005   6.6162773565716135E-006   0.0000000000000000        1.0254773948018409E-005   0.0000000000000000        0.0000000000000000       -1.0545929174997171E-005  -5.4768087697567644E-006  -1.0997541501750053E-007  -4.7593746872212273E-005  -5.6631167828965693E-006   8.1360428055232384E-006   0.0000000000000000        0.0000000000000000        0.0000000000000000        0.0000000000000000        0.0000000000000000        0.0000000000000000        0.0000000000000000        8.7786409398061280E-004   0.0000000000000000        0.0000000000000000        0.0000000000000000        0.0000000000000000        0.0000000000000000        0.0000000000000000        0.0000000000000000     
   3.0577377301185506E-006   3.0664822300138432E-005   0.0000000000000000        4.0060060529485252E-005   0.0000000000000000        0.0000000000000000        4.9748647813500233E-006   5.2398034814473301E-005  -3.9544858303078219E-007   4.9230473095032450E-005   1.4190331830504988E-004  -2.0575283228605671E-006   0.0000000000000000        0.0000000000000000        0.0000000000000000        0.0000000000000000        0.0000000000000000        0.0000000000000000        0.0000000000000000       -6.7644548650258856E-004   0.0000000000000000        0.0000000000000000        0.0000000000000000        0.0000000000000000        0.0000000000000000        0.0000000000000000        0.0000000000000000     
  -5.9572783263654634E-006   2.7215152700295916E-005   0.0000000000000000        2.7435328721656345E-005   0.0000000000000000        0.0000000000000000       -6.1718389780947474E-003   1.0821275804786562E-005   2.2535724831587942E-008   4.7144836695769846E-005  -1.1708343034041675E-002   1.0793035436673644E-007   0.0000000000000000        0.0000000000000000        0.0000000000000000        0.0000000000000000        0.0000000000000000        0.0000000000000000        0.0000000000000000        2.6528454259056547E-002   0.0000000000000000        0.0000000000000000        0.0000000000000000        0.0000000000000000        0.0000000000000000        0.0000000000000000        0.0000000000000000     
   4.7184026629788839E-006  -1.1946924267773654E-003   0.0000000000000000        6.0813435161097988E-005   0.0000000000000000        0.0000000000000000        2.4751352434496232E-006  -3.3047280365673215E-003  -1.7270749203322373E-008   4.7317130340244973E-005  -5.8309481680868499E-003   1.8309463891855040E-007   0.0000000000000000        0.0000000000000000        0.0000000000000000        0.0000000000000000        0.0000000000000000        0.0000000000000000        0.0000000000000000        1.6627515512955396E-002   0.0000000000000000        0.0000000000000000        0.0000000000000000        0.0000000000000000        0.0000000000000000        0.0000000000000000        0.0000000000000000     
   7.8221817095130020E-006  -7.1508635831877365E-006   0.0000000000000000       -3.3755990355563735E-006   0.0000000000000000        0.0000000000000000        6.4871986286206247E-007  -3.7522197675877592E-006  -2.7436994153308236E-005   4.7446052527299614E-005  -5.6217853870754441E-006   1.4582215544087443E-007   0.0000000000000000        0.0000000000000000        0.0000000000000000        0.0000000000000000        0.0000000000000000        0.0000000000000000        0.0000000000000000       -5.7814148558108479E-004   0.0000000000000000        0.0000000000000000        0.0000000000000000        0.0000000000000000        0.0000000000000000        0.0000000000000000        0.0000000000000000     
  -5.4387602222275861E-006   1.1578393117319997E-005   0.0000000000000000       -1.7403731844478458E-006   0.0000000000000000        0.0000000000000000       -1.1857624048432901E-006   3.3309670085713751E-006   2.6962822596174582E-008   2.5083264463607059E-007  -7.7384824691548778E-006  -3.7567131769346995E-006   0.0000000000000000        0.0000000000000000        0.0000000000000000        0.0000000000000000        0.0000000000000000        0.0000000000000000        0.0000000000000000       -2.0771862579950933E-005   0.0000000000000000        0.0000000000000000        0.0000000000000000        0.0000000000000000        0.0000000000000000        0.0000000000000000        0.0000000000000000     
   8.8612938978600668E-005   6.3687539937324391E-007   0.0000000000000000       -9.7880130144551753E-007   0.0000000000000000        0.0000000000000000        7.4930585982745520E-007  -1.8851985422332328E-006  -2.5900407858948541E-008   2.4130260645403528E-007   1.4716901186026288E-005  -8.1670824487115559E-007   0.0000000000000000        0.0000000000000000        0.0000000000000000        0.0000000000000000        0.0000000000000000        0.0000000000000000        0.0000000000000000       -1.7985185357376862E-005   0.0000000000000000        0.0000000000000000        0.0000000000000000        0.0000000000000000        0.0000000000000000        0.0000000000000000        0.0000000000000000     
   2.2908591728098180E-007   7.6728475852701374E-005   0.0000000000000000       -1.8160054182116943E-006   0.0000000000000000        0.0000000000000000       -1.0163279007870341E-006   1.3626016373780291E-006  -4.8572945647863949E-009  -5.5024298765127627E-008  -1.6106936169509290E-007  -2.1953367533210638E-006   0.0000000000000000        0.0000000000000000        0.0000000000000000        0.0000000000000000        0.0000000000000000        0.0000000000000000        0.0000000000000000       -5.7145061066929727E-005   0.0000000000000000        0.0000000000000000        0.0000000000000000        0.0000000000000000        0.0000000000000000        0.0000000000000000        0.0000000000000000     
   3.2040086004350404E-006   9.5098243048347544E-006   0.0000000000000000       -3.7969180765234835E-008   0.0000000000000000        0.0000000000000000        2.3970262154968996E-006   1.8048216479353763E-006   7.1993397659126285E-009  -7.0172375407496000E-009   6.0402730926966717E-006  -1.4323178666124311E-006   0.0000000000000000        0.0000000000000000        0.0000000000000000        0.0000000000000000        0.0000000000000000        0.0000000000000000        0.0000000000000000       -1.7930652997279868E-005   0.0000000000000000        0.0000000000000000        0.0000000000000000        0.0000000000000000        0.0000000000000000        0.0000000000000000        0.0000000000000000     
  -6.9041126382061502E-007  -1.7975623688222270E-005   0.0000000000000000        1.0404034281183370E-005   0.0000000000000000        0.0000000000000000        3.7110068935604411E-006   3.4673408417319256E-005  -4.6431795520736654E-007   1.9380881103516186E-006  -5.5897130493538871E-005  -2.5430855587016183E-006   0.0000000000000000        0.0000000000000000        0.0000000000000000        0.0000000000000000        0.0000000000000000        0.0000000000000000        0.0000000000000000        8.1437932983279053E-005   0.0000000000000000        0.0000000000000000        0.0000000000000000        0.0000000000000000        0.0000000000000000        0.0000000000000000        0.0000000000000000     
   0.0000000000000000        0.0000000000000000        0.0000000000000000        0.0000000000000000        0.0000000000000000        0.0000000000000000        0.0000000000000000        0.0000000000000000       -0.0000000000000000        0.0000000000000000        0.0000000000000000        0.0000000000000000        0.0000000000000000        0.0000000000000000        0.0000000000000000        0.0000000000000000        0.0000000000000000        0.0000000000000000        0.0000000000000000        0.0000000000000000        0.0000000000000000        0.0000000000000000        0.0000000000000000        0.0000000000000000        0.0000000000000000        0.0000000000000000        0.0000000000000000     
   0.0000000000000000        0.0000000000000000        0.0000000000000000        0.0000000000000000        0.0000000000000000        0.0000000000000000        0.0000000000000000        0.0000000000000000       -0.0000000000000000        0.0000000000000000        0.0000000000000000        0.0000000000000000        0.0000000000000000        0.0000000000000000        0.0000000000000000        0.0000000000000000        0.0000000000000000        0.0000000000000000        0.0000000000000000        0.0000000000000000        0.0000000000000000        0.0000000000000000        0.0000000000000000        0.0000000000000000        0.0000000000000000        0.0000000000000000        0.0000000000000000     
   0.0000000000000000        0.0000000000000000        0.0000000000000000        0.0000000000000000        0.0000000000000000        0.0000000000000000        0.0000000000000000        0.0000000000000000       -0.0000000000000000        0.0000000000000000        0.0000000000000000        0.0000000000000000        0.0000000000000000        0.0000000000000000        0.0000000000000000        0.0000000000000000        0.0000000000000000        0.0000000000000000        0.0000000000000000        0.0000000000000000        0.0000000000000000        0.0000000000000000        0.0000000000000000        0.0000000000000000        0.0000000000000000        0.0000000000000000        0.0000000000000000     
   0.0000000000000000        0.0000000000000000        0.0000000000000000        0.0000000000000000        0.0000000000000000        0.0000000000000000        0.0000000000000000        0.0000000000000000       -0.0000000000000000        0.0000000000000000        0.0000000000000000        0.0000000000000000        0.0000000000000000        0.0000000000000000        0.0000000000000000        0.0000000000000000        0.0000000000000000        0.0000000000000000        0.0000000000000000        0.0000000000000000        0.0000000000000000        0.0000000000000000        0.0000000000000000        0.0000000000000000        0.0000000000000000        0.0000000000000000        0.0000000000000000     
   0.0000000000000000        0.0000000000000000        0.0000000000000000        0.0000000000000000        0.0000000000000000        0.0000000000000000        0.0000000000000000        0.0000000000000000       -0.0000000000000000        0.0000000000000000        0.0000000000000000        0.0000000000000000        0.0000000000000000        0.0000000000000000        0.0000000000000000        0.0000000000000000        0.0000000000000000        0.0000000000000000        0.0000000000000000        0.0000000000000000        0.0000000000000000        0.0000000000000000        0.0000000000000000        0.0000000000000000        0.0000000000000000        0.0000000000000000        0.0000000000000000     
   0.0000000000000000        0.0000000000000000        0.0000000000000000        0.0000000000000000        0.0000000000000000        0.0000000000000000        0.0000000000000000        0.0000000000000000       -0.0000000000000000        0.0000000000000000        0.0000000000000000        0.0000000000000000        0.0000000000000000        0.0000000000000000        0.0000000000000000        0.0000000000000000        0.0000000000000000        0.0000000000000000        0.0000000000000000        0.0000000000000000        0.0000000000000000        0.0000000000000000        0.0000000000000000        0.0000000000000000        0.0000000000000000        0.0000000000000000        0.0000000000000000     
   0.0000000000000000        0.0000000000000000        0.0000000000000000        0.0000000000000000        0.0000000000000000        0.0000000000000000        0.0000000000000000        0.0000000000000000       -0.0000000000000000        0.0000000000000000        0.0000000000000000        0.0000000000000000        0.0000000000000000        0.0000000000000000        0.0000000000000000        0.0000000000000000        0.0000000000000000        0.0000000000000000        0.0000000000000000        0.0000000000000000        0.0000000000000000        0.0000000000000000        0.0000000000000000        0.0000000000000000        0.0000000000000000        0.0000000000000000        0.0000000000000000     
   0.0000000000000000        0.0000000000000000        0.0000000000000000        0.0000000000000000        0.0000000000000000        0.0000000000000000        0.0000000000000000        0.0000000000000000       -0.0000000000000000        0.0000000000000000        0.0000000000000000        0.0000000000000000        0.0000000000000000        0.0000000000000000        0.0000000000000000        0.0000000000000000        0.0000000000000000        0.0000000000000000        0.0000000000000000        0.0000000000000000        0.0000000000000000        0.0000000000000000        0.0000000000000000        0.0000000000000000        0.0000000000000000        0.0000000000000000        0.0000000000000000     
   0.0000000000000000        0.0000000000000000        0.0000000000000000        0.0000000000000000        0.0000000000000000        0.0000000000000000        0.0000000000000000        0.0000000000000000       -0.0000000000000000        0.0000000000000000        0.0000000000000000        0.0000000000000000        0.0000000000000000        0.0000000000000000        0.0000000000000000        0.0000000000000000        0.0000000000000000        0.0000000000000000        0.0000000000000000        0.0000000000000000        0.0000000000000000        0.0000000000000000        0.0000000000000000        0.0000000000000000        0.0000000000000000        0.0000000000000000        0.0000000000000000     
   0.0000000000000000        0.0000000000000000        0.0000000000000000        0.0000000000000000        0.0000000000000000        0.0000000000000000        0.0000000000000000        0.0000000000000000       -0.0000000000000000        0.0000000000000000        0.0000000000000000        0.0000000000000000        0.0000000000000000        0.0000000000000000        0.0000000000000000        0.0000000000000000        0.0000000000000000        0.0000000000000000        0.0000000000000000        0.0000000000000000        0.0000000000000000        0.0000000000000000        0.0000000000000000        0.0000000000000000        0.0000000000000000        0.0000000000000000        0.0000000000000000     
   0.0000000000000000        0.0000000000000000        0.0000000000000000        0.0000000000000000        0.0000000000000000        0.0000000000000000        0.0000000000000000        0.0000000000000000       -0.0000000000000000        0.0000000000000000        0.0000000000000000        0.0000000000000000        0.0000000000000000        0.0000000000000000        0.0000000000000000        0.0000000000000000        0.0000000000000000        0.0000000000000000        0.0000000000000000        0.0000000000000000        0.0000000000000000        0.0000000000000000        0.0000000000000000        0.0000000000000000        0.0000000000000000        0.0000000000000000        0.0000000000000000     
   0.0000000000000000        0.0000000000000000        0.0000000000000000        0.0000000000000000        0.0000000000000000        0.0000000000000000        0.0000000000000000        0.0000000000000000       -0.0000000000000000        0.0000000000000000        0.0000000000000000        0.0000000000000000        0.0000000000000000        0.0000000000000000        0.0000000000000000        0.0000000000000000        0.0000000000000000        0.0000000000000000        0.0000000000000000        0.0000000000000000        0.0000000000000000        0.0000000000000000        0.0000000000000000        0.0000000000000000        0.0000000000000000        0.0000000000000000        0.0000000000000000     
   0.0000000000000000        0.0000000000000000        0.0000000000000000        0.0000000000000000        0.0000000000000000        0.0000000000000000        0.0000000000000000        0.0000000000000000       -0.0000000000000000        0.0000000000000000        0.0000000000000000        0.0000000000000000        0.0000000000000000        0.0000000000000000        0.0000000000000000        0.0000000000000000        0.0000000000000000        0.0000000000000000        0.0000000000000000        0.0000000000000000        0.0000000000000000        0.0000000000000000        0.0000000000000000        0.0000000000000000        0.0000000000000000        0.0000000000000000        0.0000000000000000     
   0.0000000000000000        0.0000000000000000        0.0000000000000000        0.0000000000000000        0.0000000000000000        0.0000000000000000        0.0000000000000000        0.0000000000000000       -0.0000000000000000        0.0000000000000000        0.0000000000000000        0.0000000000000000        0.0000000000000000        0.0000000000000000        0.0000000000000000        0.0000000000000000        0.0000000000000000        0.0000000000000000        0.0000000000000000        0.0000000000000000        0.0000000000000000        0.0000000000000000        0.0000000000000000        0.0000000000000000        0.0000000000000000        0.0000000000000000        0.0000000000000000     
   0.0000000000000000        0.0000000000000000        0.0000000000000000        0.0000000000000000        0.0000000000000000        0.0000000000000000        0.0000000000000000        0.0000000000000000       -0.0000000000000000        0.0000000000000000        0.0000000000000000        0.0000000000000000        0.0000000000000000        0.0000000000000000        0.0000000000000000        0.0000000000000000        0.0000000000000000        0.0000000000000000        0.0000000000000000        0.0000000000000000        0.0000000000000000        0.0000000000000000        0.0000000000000000        0.0000000000000000        0.0000000000000000        0.0000000000000000        0.0000000000000000     
   0.0000000000000000        0.0000000000000000        0.0000000000000000        0.0000000000000000        0.0000000000000000        0.0000000000000000        0.0000000000000000        0.0000000000000000       -0.0000000000000000        0.0000000000000000        0.0000000000000000        0.0000000000000000        0.0000000000000000        0.0000000000000000        0.0000000000000000        0.0000000000000000        0.0000000000000000        0.0000000000000000        0.0000000000000000        0.0000000000000000        0.0000000000000000        0.0000000000000000        0.0000000000000000        0.0000000000000000        0.0000000000000000        0.0000000000000000        0.0000000000000000     
   0.0000000000000000        0.0000000000000000        0.0000000000000000        0.0000000000000000        0.0000000000000000        0.0000000000000000        0.0000000000000000        0.0000000000000000       -0.0000000000000000        0.0000000000000000        0.0000000000000000        0.0000000000000000        0.0000000000000000        0.0000000000000000        0.0000000000000000        0.0000000000000000        0.0000000000000000        0.0000000000000000        0.0000000000000000        0.0000000000000000        0.0000000000000000        0.0000000000000000        0.0000000000000000        0.0000000000000000        0.0000000000000000        0.0000000000000000        0.0000000000000000     
   0.0000000000000000        0.0000000000000000        0.0000000000000000        0.0000000000000000        0.0000000000000000        0.0000000000000000        0.0000000000000000        0.0000000000000000       -0.0000000000000000        0.0000000000000000        0.0000000000000000        0.0000000000000000        0.0000000000000000        0.0000000000000000        0.0000000000000000        0.0000000000000000        0.0000000000000000        0.0000000000000000        0.0000000000000000        0.0000000000000000        0.0000000000000000        0.0000000000000000        0.0000000000000000        0.0000000000000000        0.0000000000000000        0.0000000000000000        0.0000000000000000     
   0.0000000000000000        0.0000000000000000        0.0000000000000000        0.0000000000000000        0.0000000000000000        0.0000000000000000        0.0000000000000000        0.0000000000000000       -0.0000000000000000        0.0000000000000000        0.0000000000000000        0.0000000000000000        0.0000000000000000        0.0000000000000000        0.0000000000000000        0.0000000000000000        0.0000000000000000        0.0000000000000000        0.0000000000000000        0.0000000000000000        0.0000000000000000        0.0000000000000000        0.0000000000000000        0.0000000000000000        0.0000000000000000        0.0000000000000000        0.0000000000000000     
   0.0000000000000000        0.0000000000000000        0.0000000000000000        0.0000000000000000        0.0000000000000000        0.0000000000000000        0.0000000000000000        0.0000000000000000       -0.0000000000000000        0.0000000000000000        0.0000000000000000        0.0000000000000000        0.0000000000000000        0.0000000000000000        0.0000000000000000        0.0000000000000000        0.0000000000000000        0.0000000000000000        0.0000000000000000        0.0000000000000000        0.0000000000000000        0.0000000000000000        0.0000000000000000        0.0000000000000000        0.0000000000000000        0.0000000000000000        0.0000000000000000     
   0.0000000000000000        0.0000000000000000        0.0000000000000000        0.0000000000000000        0.0000000000000000        0.0000000000000000        0.0000000000000000        0.0000000000000000       -0.0000000000000000        0.0000000000000000        0.0000000000000000        0.0000000000000000        0.0000000000000000        0.0000000000000000        0.0000000000000000        0.0000000000000000        0.0000000000000000        0.0000000000000000        0.0000000000000000        0.0000000000000000        0.0000000000000000        0.0000000000000000        0.0000000000000000        0.0000000000000000        0.0000000000000000        0.0000000000000000        0.0000000000000000     
   0.0000000000000000        0.0000000000000000        0.0000000000000000        0.0000000000000000        0.0000000000000000        0.0000000000000000        0.0000000000000000        0.0000000000000000       -0.0000000000000000        0.0000000000000000        0.0000000000000000        0.0000000000000000        0.0000000000000000        0.0000000000000000        0.0000000000000000        0.0000000000000000        0.0000000000000000        0.0000000000000000        0.0000000000000000        0.0000000000000000        0.0000000000000000        0.0000000000000000        0.0000000000000000        0.0000000000000000        0.0000000000000000        0.0000000000000000        0.0000000000000000     
   0.0000000000000000        0.0000000000000000        0.0000000000000000        0.0000000000000000        0.0000000000000000        0.0000000000000000        0.0000000000000000        0.0000000000000000       -0.0000000000000000        0.0000000000000000        0.0000000000000000        0.0000000000000000        0.0000000000000000        0.0000000000000000        0.0000000000000000        0.0000000000000000        0.0000000000000000        0.0000000000000000        0.0000000000000000        0.0000000000000000        0.0000000000000000        0.0000000000000000        0.0000000000000000        0.0000000000000000        0.0000000000000000        0.0000000000000000        0.0000000000000000     
   0.0000000000000000        0.0000000000000000        0.0000000000000000        0.0000000000000000        0.0000000000000000        0.0000000000000000        0.0000000000000000        0.0000000000000000       -0.0000000000000000        0.0000000000000000        0.0000000000000000        0.0000000000000000        0.0000000000000000        0.0000000000000000        0.0000000000000000        0.0000000000000000        0.0000000000000000        0.0000000000000000        0.0000000000000000        0.0000000000000000        0.0000000000000000        0.0000000000000000        0.0000000000000000        0.0000000000000000        0.0000000000000000        0.0000000000000000        0.0000000000000000     
   0.0000000000000000        0.0000000000000000        0.0000000000000000        0.0000000000000000        0.0000000000000000        0.0000000000000000        0.0000000000000000        0.0000000000000000       -0.0000000000000000        0.0000000000000000        0.0000000000000000        0.0000000000000000        0.0000000000000000        0.0000000000000000        0.0000000000000000        0.0000000000000000        0.0000000000000000        0.0000000000000000        0.0000000000000000        0.0000000000000000        0.0000000000000000        0.0000000000000000        0.0000000000000000        0.0000000000000000        0.0000000000000000        0.0000000000000000        0.0000000000000000     
   0.0000000000000000        0.0000000000000000        0.0000000000000000        0.0000000000000000        0.0000000000000000        0.0000000000000000        0.0000000000000000        0.0000000000000000       -0.0000000000000000        0.0000000000000000        0.0000000000000000        0.0000000000000000        0.0000000000000000        0.0000000000000000        0.0000000000000000        0.0000000000000000        0.0000000000000000        0.0000000000000000        0.0000000000000000        0.0000000000000000        0.0000000000000000        0.0000000000000000        0.0000000000000000        0.0000000000000000        0.0000000000000000        0.0000000000000000        0.0000000000000000     
   0.0000000000000000        0.0000000000000000        0.0000000000000000        0.0000000000000000        0.0000000000000000        0.0000000000000000        0.0000000000000000        0.0000000000000000       -0.0000000000000000        0.0000000000000000        0.0000000000000000        0.0000000000000000        0.0000000000000000        0.0000000000000000        0.0000000000000000        0.0000000000000000        0.0000000000000000        0.0000000000000000        0.0000000000000000        0.0000000000000000        0.0000000000000000        0.0000000000000000        0.0000000000000000        0.0000000000000000        0.0000000000000000        0.0000000000000000        0.0000000000000000     
   0.0000000000000000        0.0000000000000000        0.0000000000000000        0.0000000000000000        0.0000000000000000        0.0000000000000000        0.0000000000000000        0.0000000000000000       -0.0000000000000000        0.0000000000000000        0.0000000000000000        0.0000000000000000        0.0000000000000000        0.0000000000000000        0.0000000000000000        0.0000000000000000        0.0000000000000000        0.0000000000000000        0.0000000000000000        0.0000000000000000        0.0000000000000000        0.0000000000000000        0.0000000000000000        0.0000000000000000        0.0000000000000000        0.0000000000000000        0.0000000000000000     
   0.0000000000000000        0.0000000000000000        0.0000000000000000        0.0000000000000000        0.0000000000000000        0.0000000000000000        0.0000000000000000        0.0000000000000000       -0.0000000000000000        0.0000000000000000        0.0000000000000000        0.0000000000000000        0.0000000000000000        0.0000000000000000        0.0000000000000000        0.0000000000000000        0.0000000000000000        0.0000000000000000        0.0000000000000000        0.0000000000000000        0.0000000000000000        0.0000000000000000        0.0000000000000000        0.0000000000000000        0.0000000000000000        0.0000000000000000        0.0000000000000000     
   0.0000000000000000        0.0000000000000000        0.0000000000000000        0.0000000000000000        0.0000000000000000        0.0000000000000000        0.0000000000000000        0.0000000000000000       -0.0000000000000000        0.0000000000000000        0.0000000000000000        0.0000000000000000        0.0000000000000000        0.0000000000000000        0.0000000000000000        0.0000000000000000        0.0000000000000000        0.0000000000000000        0.0000000000000000        0.0000000000000000        0.0000000000000000        0.0000000000000000        0.0000000000000000        0.0000000000000000        0.0000000000000000        0.0000000000000000        0.0000000000000000     
   0.0000000000000000        0.0000000000000000        0.0000000000000000        0.0000000000000000        0.0000000000000000        0.0000000000000000        0.0000000000000000        0.0000000000000000       -0.0000000000000000        0.0000000000000000        0.0000000000000000        0.0000000000000000        0.0000000000000000        0.0000000000000000        0.0000000000000000        0.0000000000000000        0.0000000000000000        0.0000000000000000        0.0000000000000000        0.0000000000000000        0.0000000000000000        0.0000000000000000        0.0000000000000000        0.0000000000000000        0.0000000000000000        0.0000000000000000        0.0000000000000000     
   0.0000000000000000        0.0000000000000000        0.0000000000000000        0.0000000000000000        0.0000000000000000        0.0000000000000000        0.0000000000000000        0.0000000000000000       -0.0000000000000000        0.0000000000000000        0.0000000000000000        0.0000000000000000        0.0000000000000000        0.0000000000000000        0.0000000000000000        0.0000000000000000        0.0000000000000000        0.0000000000000000        0.0000000000000000        0.0000000000000000        0.0000000000000000        0.0000000000000000        0.0000000000000000        0.0000000000000000        0.0000000000000000        0.0000000000000000        0.0000000000000000     
   0.0000000000000000        0.0000000000000000        0.0000000000000000        0.0000000000000000        0.0000000000000000        0.0000000000000000        0.0000000000000000        0.0000000000000000       -0.0000000000000000        0.0000000000000000        0.0000000000000000        0.0000000000000000        0.0000000000000000        0.0000000000000000        0.0000000000000000        0.0000000000000000        0.0000000000000000        0.0000000000000000        0.0000000000000000        0.0000000000000000        0.0000000000000000        0.0000000000000000        0.0000000000000000        0.0000000000000000        0.0000000000000000        0.0000000000000000        0.0000000000000000     
   0.0000000000000000        0.0000000000000000        0.0000000000000000        0.0000000000000000        0.0000000000000000        0.0000000000000000        0.0000000000000000        0.0000000000000000       -0.0000000000000000        0.0000000000000000        0.0000000000000000        0.0000000000000000        0.0000000000000000        0.0000000000000000        0.0000000000000000        0.0000000000000000        0.0000000000000000        0.0000000000000000        0.0000000000000000        0.0000000000000000        0.0000000000000000        0.0000000000000000        0.0000000000000000        0.0000000000000000        0.0000000000000000        0.0000000000000000        0.0000000000000000     
   0.0000000000000000        0.0000000000000000        0.0000000000000000        0.0000000000000000        0.0000000000000000        0.0000000000000000        0.0000000000000000        0.0000000000000000       -0.0000000000000000        0.0000000000000000        0.0000000000000000        0.0000000000000000        9.2992715368759426E-010   2.3736075798489714E-004   8.0317446365944822E-004   1.5765970226095511E-003   6.3924495642375776E-004   1.7774078955676369E-006   1.3008873359313905E-003   0.0000000000000000       -12.989036308213562       -5.9334018582588293       -4.7653717773781601       -2.1226736898771299       -22.948194916548744       -9.8444136886438063        43.356992958840102     
   0.0000000000000000        0.0000000000000000        0.0000000000000000        0.0000000000000000        0.0000000000000000        0.0000000000000000        0.0000000000000000        0.0000000000000000       -0.0000000000000000        0.0000000000000000        0.0000000000000000        0.0000000000000000        2.0797092893971756E-009   1.0686444732300590E-003   4.6404104061357216E-003   9.0878467677749514E-003   4.4096858010197488E-003   1.0730717064801773E-005   7.1651946743127833E-003   0.0000000000000000       -13.046707179459903       -5.9573576849743066       -5.0831126975765510       -2.2521371511295212       -23.061960470034318       -9.8895429160828634        43.905307648162868     
   0.0000000000000000        0.0000000000000000        0.0000000000000000        0.0000000000000000        0.0000000000000000        0.0000000000000000        0.0000000000000000        0.0000000000000000       -0.0000000000000000        0.0000000000000000        0.0000000000000000        0.0000000000000000        7.3015622137464278E-008   2.5340402498047258E-002   9.1657731675314075E-002  0.17599487321210389        7.2261408127720972E-002   1.9859857472026289E-004  0.14300901208533967        0.0000000000000000       -1332.9931113815064       -596.04595460062694       -492.54872696240068       -215.24199242835249       -3971.6405062292747       -1676.7279097883675        6270.1501536183296     
   0.0000000000000000        0.0000000000000000        0.0000000000000000        0.0000000000000000        0.0000000000000000        0.0000000000000000        0.0000000000000000        0.0000000000000000       -0.0000000000000000        0.0000000000000000        0.0000000000000000        0.0000000000000000       -7.0024809848773489E-011  -4.2395088891812493E-005  -2.1056159867268156E-004  -4.1440242622683022E-004  -2.1189172344609358E-004  -4.9553729050387080E-007  -3.2594401571064388E-004   0.0000000000000000       -2.1670051975962550E-002  -9.5273749333150744E-003  -6.8746252552139855E-002  -2.9461373175764433E-002  -5.0859973927388094E-003  -2.2210760776892099E-003  0.10215748753509667     
   0.0000000000000000        0.0000000000000000        0.0000000000000000        0.0000000000000000        0.0000000000000000        0.0000000000000000        0.0000000000000000        0.0000000000000000       -0.0000000000000000        0.0000000000000000        0.0000000000000000        0.0000000000000000       -2.0337514278680864E-010  -5.0101233260357820E-005  -2.1928065611876181E-004  -4.3575252727084263E-004  -2.2148848241493560E-004  -5.2420275705672859E-007  -3.5348458243998306E-004   0.0000000000000000       -5.5795427243367633E-002  -2.5708137811383668E-002  -5.3311508673561846E-002  -2.4726300393729389E-002  -1.3060155385231025E-002  -5.9691484833256665E-003  0.12408813663873759     
   0.0000000000000000        0.0000000000000000        0.0000000000000000        0.0000000000000000        0.0000000000000000        0.0000000000000000        0.0000000000000000        0.0000000000000000       -0.0000000000000000        0.0000000000000000        0.0000000000000000        0.0000000000000000       -4.8464653976130609E-011  -1.7791100333531766E-005  -5.6569955896205885E-005  -1.1245063103201014E-004  -4.6648058492803582E-005  -1.2815175755793540E-007  -9.0202977194337778E-005   0.0000000000000000       0.16379845846615293        7.4223508886329684E-002  0.29225845218360186       0.12833906325386046        3.8375753755794592E-002   1.7257034869231896E-002 -0.51815348871390610     
   0.0000000000000000        0.0000000000000000        0.0000000000000000        0.0000000000000000        0.0000000000000000        0.0000000000000000        0.0000000000000000        0.0000000000000000       -0.0000000000000000        0.0000000000000000        0.0000000000000000        0.0000000000000000        2.1581626085730960E-010   3.9598132510687565E-005   1.7272695098097572E-004   3.4535076386145355E-004   1.7667724272971998E-004   4.1688412891457663E-007   2.8696967775405951E-004   0.0000000000000000       -5.5816161869515324E-002  -2.5716707728712051E-002  -5.3328182077163715E-002  -2.4733635103772970E-002  -1.3064956365832173E-002  -5.9711166892366776E-003  0.12405528784662989     
   0.0000000000000000        0.0000000000000000        0.0000000000000000        0.0000000000000000        0.0000000000000000        0.0000000000000000        0.0000000000000000        0.0000000000000000       -0.0000000000000000        0.0000000000000000        0.0000000000000000        0.0000000000000000        8.2465927919274451E-011   3.9641347146862656E-005   1.7806327853782367E-004   3.5229918492260428E-004   1.7366289111966449E-004   4.1755068937857628E-007   2.7966992520986258E-004   0.0000000000000000       -2.1687739762453150E-002  -9.5340100986667162E-003  -6.8806842928940848E-002  -2.9483105474484513E-002  -5.0901040840896318E-003  -2.2226084475924185E-003  0.10216997834901100     
   0.0000000000000000        0.0000000000000000        0.0000000000000000        0.0000000000000000        0.0000000000000000        0.0000000000000000        0.0000000000000000        0.0000000000000000       -0.0000000000000000        0.0000000000000000        0.0000000000000000        0.0000000000000000       -2.2096911199844991E-011  -4.2463644222639927E-006  -1.3252602528501945E-005  -2.6655287753765895E-005  -1.0643955782642250E-005  -3.0038164333523571E-008  -2.2426300063106481E-005   0.0000000000000000       0.24134540831021553       0.11278687954068901        8.7815284773153146E-002   3.9926474026676255E-002  0.13154296108387706        5.9119232120587617E-002 -0.47839135500815233     
   0.0000000000000000        0.0000000000000000        0.0000000000000000        0.0000000000000000        0.0000000000000000        0.0000000000000000        0.0000000000000000        0.0000000000000000       -0.0000000000000000        0.0000000000000000        0.0000000000000000        0.0000000000000000        7.7060656705341775E-012   1.1602807888340830E-006   3.3202164621490687E-006   6.8258096743636042E-006   2.6819115861376331E-006   7.6981031316997319E-009   5.8715000702635019E-006   0.0000000000000000       -6.7865312619176457E-002  -3.2420324044489399E-002  -2.4476778315688594E-002  -1.1351524613533002E-002   3.5558655784226040E-002   1.4768905391379948E-002   5.5945211128188940E-002
   0.0000000000000000        0.0000000000000000        0.0000000000000000        0.0000000000000000        0.0000000000000000        0.0000000000000000        0.0000000000000000        0.0000000000000000       -0.0000000000000000        0.0000000000000000        0.0000000000000000        0.0000000000000000        5.5358333205494021E-012   9.3961466403069257E-007   2.8058744899636277E-006   5.7210314125477940E-006   2.2645667125861801E-006   6.4456604520002886E-009   4.8666254170749560E-006   0.0000000000000000       -5.4434624831251978E-002  -2.5719939503085331E-002  -1.9725578687512939E-002  -9.0589686782089930E-003   2.7615311543486079E-003   2.9996404167198092E-004   7.2017561179727296E-002
   0.0000000000000000        0.0000000000000000        0.0000000000000000        0.0000000000000000        0.0000000000000000        0.0000000000000000        0.0000000000000000        0.0000000000000000       -0.0000000000000000        0.0000000000000000        0.0000000000000000        0.0000000000000000        3.9690880411486275E-012   7.6437368683152238E-007   2.3733270116192794E-006   4.7980420506714417E-006   1.9125952027750109E-006   5.4026344844994184E-009   4.0401905294526795E-006   0.0000000000000000       -4.3770989393504510E-002  -2.0463858629785836E-002  -1.5930157177575271E-002  -7.2473892641233299E-003  -1.8847597964205431E-002  -9.0223025446816811E-003   8.0401821235080564E-002
   0.0000000000000000        0.0000000000000000        0.0000000000000000        0.0000000000000000        0.0000000000000000        0.0000000000000000        0.0000000000000000        0.0000000000000000       -0.0000000000000000        0.0000000000000000        0.0000000000000000        0.0000000000000000        2.6228476529227774E-012   5.9395075392678631E-007   1.9274444749190851E-006   3.8540221811131439E-006   1.5489626483508459E-006   4.3386189534513252E-009   3.2084860166984925E-006   0.0000000000000000       -3.3439148814440309E-002  -1.5437076959892210E-002  -1.2229713577904040E-002  -5.5015995498582417E-003  -3.4868669499683917E-002  -1.5717282581441883E-002   8.3590831402129556E-002
   0.0000000000000000        0.0000000000000000        0.0000000000000000        0.0000000000000000        0.0000000000000000        0.0000000000000000        0.0000000000000000        0.0000000000000000       -0.0000000000000000        0.0000000000000000        0.0000000000000000        0.0000000000000000        1.7350253279290054E-012   4.6414024226152079E-007   1.5672554715717938E-006   3.0984832230119329E-006   1.2548135353149062E-006   3.4887115798065444E-009   2.5537493677105402E-006   0.0000000000000000       -2.5633416708046690E-002  -1.1692162431650754E-002  -9.4160362548056931E-003  -4.1906762833722449E-003  -4.2693580987442484E-002  -1.8794931244798915E-002   8.1633535805822471E-002
   0.0000000000000000        0.0000000000000000        0.0000000000000000        0.0000000000000000        0.0000000000000000        0.0000000000000000        0.0000000000000000        0.0000000000000000       -0.0000000000000000        0.0000000000000000        0.0000000000000000        0.0000000000000000        3.3365871690942411E-013   1.8046808424200217E-007   6.9252781482168234E-007   1.3048560765657567E-006   5.4173447391232039E-007   1.4737997797153788E-009   1.0456313035437801E-006   0.0000000000000000       -9.1165580731158817E-003  -3.9852423028350894E-003  -3.3933216012647107E-003  -1.4535477136464418E-003  -3.8690128156474476E-002  -1.6214377904943168E-002   5.5851267728076547E-002
   0.0000000000000000        0.0000000000000000        0.0000000000000000        0.0000000000000000        0.0000000000000000        0.0000000000000000        0.0000000000000000        0.0000000000000000       -0.0000000000000000        0.0000000000000000        0.0000000000000000        0.0000000000000000       -3.6418123605626881E-011  -8.0847719216230480E-006  -2.5148514550051263E-005  -5.0522980192539428E-005  -2.0411358138055966E-005  -5.7157842105288846E-008  -4.1921892089956851E-005   0.0000000000000000       0.27986603354421480       0.13055938045598225       0.15594748738402989        7.0365127750671400E-002   9.9961762967087128E-002   4.5947217562614183E-002 -0.55540082688596448     
   0.0000000000000000        0.0000000000000000        0.0000000000000000        0.0000000000000000        0.0000000000000000        0.0000000000000000        0.0000000000000000        0.0000000000000000       -0.0000000000000000        0.0000000000000000        0.0000000000000000        0.0000000000000000        2.7667561082158856E-011   5.8680673835272684E-006   2.5550117443309046E-005   5.1490752208982605E-005   2.5716962346046079E-005   6.1471836862230462E-008   4.2231751806995310E-005   0.0000000000000000       -5.5933661514510381E-004  -2.4507668575996839E-004  -2.9649388798257651E-003  -1.2720805894800079E-003  -1.3138868574273812E-004  -5.7196251154896054E-005   4.0875094919245710E-003
   0.0000000000000000        0.0000000000000000        0.0000000000000000        0.0000000000000000        0.0000000000000000        0.0000000000000000        0.0000000000000000        0.0000000000000000       -0.0000000000000000        0.0000000000000000        0.0000000000000000        0.0000000000000000        6.4619538634840813E-010   8.1995508340175797E-005   2.6114444435513482E-004   5.2631730160073917E-004   2.0111305568553184E-004   5.8431457552887434E-007   4.6453400014668210E-004   0.0000000000000000       -5.9054775615174906       -2.8196411245066715       -2.1343818507252537      -0.99039146965792324       -9.8500340165660667       -4.4003997215287116        19.095644982851852     
   0.0000000000000000        0.0000000000000000        0.0000000000000000        0.0000000000000000        0.0000000000000000        0.0000000000000000        0.0000000000000000        0.0000000000000000       -0.0000000000000000        0.0000000000000000        0.0000000000000000        0.0000000000000000        7.9010384164151636E-011   6.3469217294632547E-006   2.1758936916766183E-005   6.5334176746224964E-005   1.8505777368916241E-005   6.8847860852443361E-008   5.5238767351476789E-005   0.0000000000000000       -1.1791500162952502E-003  -5.8114202108945016E-004  -5.6385788922636787E-003  -2.7647263626581439E-003  -2.7712720252292259E-004  -1.3556692915774784E-004   8.0867949165485970E-003
   0.0000000000000000        0.0000000000000000        0.0000000000000000        0.0000000000000000        0.0000000000000000        0.0000000000000000        0.0000000000000000        0.0000000000000000       -0.0000000000000000        0.0000000000000000        0.0000000000000000        0.0000000000000000        1.8360862012106494E-009   9.7967374708941669E-005   2.3150716350712179E-004   6.9902454507163368E-004   1.0125299225559823E-004   6.6115975993530220E-007   7.4399156979435411E-004   0.0000000000000000       -14.934648003292113       -7.7487917202430223       -5.3074668900864994       -2.6898361031405376       -21.533331603441454       -10.766363293840152        44.782835809678929     
   0.0000000000000000        0.0000000000000000        0.0000000000000000        0.0000000000000000        0.0000000000000000        0.0000000000000000        0.0000000000000000        0.0000000000000000       -0.0000000000000000        0.0000000000000000        0.0000000000000000        0.0000000000000000        0.0000000000000000        0.0000000000000000        0.0000000000000000        0.0000000000000000        0.0000000000000000        0.0000000000000000        0.0000000000000000        0.0000000000000000        0.0000000000000000        0.0000000000000000        0.0000000000000000        0.0000000000000000        0.0000000000000000        0.0000000000000000        0.0000000000000000     
   0.0000000000000000        0.0000000000000000        0.0000000000000000        0.0000000000000000        0.0000000000000000        0.0000000000000000        0.0000000000000000        0.0000000000000000       -0.0000000000000000        0.0000000000000000        0.0000000000000000        0.0000000000000000        0.0000000000000000        0.0000000000000000        0.0000000000000000        0.0000000000000000        0.0000000000000000        0.0000000000000000        0.0000000000000000        0.0000000000000000        0.0000000000000000        0.0000000000000000        0.0000000000000000        0.0000000000000000        0.0000000000000000        0.0000000000000000        0.0000000000000000     
   0.0000000000000000        0.0000000000000000        0.0000000000000000        0.0000000000000000        0.0000000000000000        0.0000000000000000        0.0000000000000000        0.0000000000000000       -0.0000000000000000        0.0000000000000000        0.0000000000000000        0.0000000000000000        0.0000000000000000        0.0000000000000000        0.0000000000000000        0.0000000000000000        0.0000000000000000        0.0000000000000000        0.0000000000000000        0.0000000000000000        0.0000000000000000        0.0000000000000000        0.0000000000000000        0.0000000000000000        0.0000000000000000        0.0000000000000000        0.0000000000000000     
   0.0000000000000000        0.0000000000000000        0.0000000000000000        0.0000000000000000        0.0000000000000000        0.0000000000000000        0.0000000000000000        0.0000000000000000       -0.0000000000000000        0.0000000000000000        0.0000000000000000        0.0000000000000000        0.0000000000000000        0.0000000000000000        0.0000000000000000        0.0000000000000000        0.0000000000000000        0.0000000000000000        0.0000000000000000        0.0000000000000000        0.0000000000000000        0.0000000000000000        0.0000000000000000        0.0000000000000000        0.0000000000000000        0.0000000000000000        0.0000000000000000     
   0.0000000000000000        0.0000000000000000        0.0000000000000000        0.0000000000000000        0.0000000000000000        0.0000000000000000        0.0000000000000000        0.0000000000000000       -0.0000000000000000        0.0000000000000000        0.0000000000000000        0.0000000000000000        0.0000000000000000        0.0000000000000000        0.0000000000000000        0.0000000000000000        0.0000000000000000        0.0000000000000000        0.0000000000000000        0.0000000000000000        0.0000000000000000        0.0000000000000000        0.0000000000000000        0.0000000000000000        0.0000000000000000        0.0000000000000000        0.0000000000000000     
   0.0000000000000000        0.0000000000000000        0.0000000000000000        0.0000000000000000        0.0000000000000000        0.0000000000000000        0.0000000000000000        0.0000000000000000       -0.0000000000000000        0.0000000000000000        0.0000000000000000        0.0000000000000000        0.0000000000000000        0.0000000000000000        0.0000000000000000        0.0000000000000000        0.0000000000000000        0.0000000000000000        0.0000000000000000        0.0000000000000000        0.0000000000000000        0.0000000000000000        0.0000000000000000        0.0000000000000000        0.0000000000000000        0.0000000000000000        0.0000000000000000     
   0.0000000000000000        0.0000000000000000        0.0000000000000000        0.0000000000000000        0.0000000000000000        0.0000000000000000        0.0000000000000000        0.0000000000000000       -0.0000000000000000        0.0000000000000000        0.0000000000000000        0.0000000000000000        0.0000000000000000        0.0000000000000000        0.0000000000000000        0.0000000000000000        0.0000000000000000        0.0000000000000000        0.0000000000000000        0.0000000000000000        0.0000000000000000        0.0000000000000000        0.0000000000000000        0.0000000000000000        0.0000000000000000        0.0000000000000000        0.0000000000000000     
   0.0000000000000000        0.0000000000000000        0.0000000000000000        0.0000000000000000        0.0000000000000000        0.0000000000000000        0.0000000000000000        0.0000000000000000       -0.0000000000000000        0.0000000000000000        0.0000000000000000        0.0000000000000000        0.0000000000000000        0.0000000000000000        0.0000000000000000        0.0000000000000000        0.0000000000000000        0.0000000000000000        0.0000000000000000        0.0000000000000000        0.0000000000000000        0.0000000000000000        0.0000000000000000        0.0000000000000000        0.0000000000000000        0.0000000000000000        0.0000000000000000     
   0.0000000000000000        0.0000000000000000        0.0000000000000000        0.0000000000000000        0.0000000000000000        0.0000000000000000        0.0000000000000000        0.0000000000000000       -0.0000000000000000        0.0000000000000000        0.0000000000000000        0.0000000000000000        0.0000000000000000        0.0000000000000000        0.0000000000000000        0.0000000000000000        0.0000000000000000        0.0000000000000000        0.0000000000000000        0.0000000000000000        0.0000000000000000        0.0000000000000000        0.0000000000000000        0.0000000000000000        0.0000000000000000        0.0000000000000000        0.0000000000000000     
   0.0000000000000000        0.0000000000000000        0.0000000000000000        0.0000000000000000        0.0000000000000000        0.0000000000000000        0.0000000000000000        0.0000000000000000       -0.0000000000000000        0.0000000000000000        0.0000000000000000        0.0000000000000000        0.0000000000000000        0.0000000000000000        0.0000000000000000        0.0000000000000000        0.0000000000000000        0.0000000000000000        0.0000000000000000        0.0000000000000000        0.0000000000000000        0.0000000000000000        0.0000000000000000        0.0000000000000000        0.0000000000000000        0.0000000000000000        0.0000000000000000     
   0.0000000000000000        0.0000000000000000        0.0000000000000000        0.0000000000000000        0.0000000000000000        0.0000000000000000        0.0000000000000000        0.0000000000000000       -0.0000000000000000        0.0000000000000000        0.0000000000000000        0.0000000000000000        0.0000000000000000        0.0000000000000000        0.0000000000000000        0.0000000000000000        0.0000000000000000        0.0000000000000000        0.0000000000000000        0.0000000000000000        0.0000000000000000        0.0000000000000000        0.0000000000000000        0.0000000000000000        0.0000000000000000        0.0000000000000000        0.0000000000000000     
   0.0000000000000000        0.0000000000000000        0.0000000000000000        0.0000000000000000        0.0000000000000000        0.0000000000000000        0.0000000000000000        0.0000000000000000       -0.0000000000000000        0.0000000000000000        0.0000000000000000        0.0000000000000000        0.0000000000000000        0.0000000000000000        0.0000000000000000        0.0000000000000000        0.0000000000000000        0.0000000000000000        0.0000000000000000        0.0000000000000000        0.0000000000000000        0.0000000000000000        0.0000000000000000        0.0000000000000000        0.0000000000000000        0.0000000000000000        0.0000000000000000     
   0.0000000000000000        0.0000000000000000        0.0000000000000000        0.0000000000000000        0.0000000000000000        0.0000000000000000        0.0000000000000000        0.0000000000000000       -0.0000000000000000        0.0000000000000000        0.0000000000000000        0.0000000000000000        0.0000000000000000        0.0000000000000000        0.0000000000000000        0.0000000000000000        0.0000000000000000        0.0000000000000000        0.0000000000000000        0.0000000000000000        0.0000000000000000        0.0000000000000000        0.0000000000000000        0.0000000000000000        0.0000000000000000        0.0000000000000000        0.0000000000000000     
   0.0000000000000000        0.0000000000000000        0.0000000000000000        0.0000000000000000        0.0000000000000000        0.0000000000000000        0.0000000000000000        0.0000000000000000       -0.0000000000000000        0.0000000000000000        0.0000000000000000        0.0000000000000000        0.0000000000000000        0.0000000000000000        0.0000000000000000        0.0000000000000000        0.0000000000000000        0.0000000000000000        0.0000000000000000        0.0000000000000000        0.0000000000000000        0.0000000000000000        0.0000000000000000        0.0000000000000000        0.0000000000000000        0.0000000000000000        0.0000000000000000     
   0.0000000000000000        0.0000000000000000        0.0000000000000000        0.0000000000000000        0.0000000000000000        0.0000000000000000        0.0000000000000000        0.0000000000000000       -0.0000000000000000        0.0000000000000000        0.0000000000000000        0.0000000000000000        0.0000000000000000        0.0000000000000000        0.0000000000000000        0.0000000000000000        0.0000000000000000        0.0000000000000000        0.0000000000000000        0.0000000000000000        0.0000000000000000        0.0000000000000000        0.0000000000000000        0.0000000000000000        0.0000000000000000        0.0000000000000000        0.0000000000000000     
   0.0000000000000000        0.0000000000000000        0.0000000000000000        0.0000000000000000        0.0000000000000000        0.0000000000000000        0.0000000000000000        0.0000000000000000       -0.0000000000000000        0.0000000000000000        0.0000000000000000        0.0000000000000000        0.0000000000000000        0.0000000000000000        0.0000000000000000        0.0000000000000000        0.0000000000000000        0.0000000000000000        0.0000000000000000        0.0000000000000000        0.0000000000000000        0.0000000000000000        0.0000000000000000        0.0000000000000000        0.0000000000000000        0.0000000000000000        0.0000000000000000     
   0.0000000000000000        0.0000000000000000        0.0000000000000000        0.0000000000000000        0.0000000000000000        0.0000000000000000        0.0000000000000000        0.0000000000000000       -0.0000000000000000        0.0000000000000000        0.0000000000000000        0.0000000000000000        0.0000000000000000        0.0000000000000000        0.0000000000000000        0.0000000000000000        0.0000000000000000        0.0000000000000000        0.0000000000000000        0.0000000000000000        0.0000000000000000        0.0000000000000000        0.0000000000000000        0.0000000000000000        0.0000000000000000        0.0000000000000000        0.0000000000000000     
   0.0000000000000000        0.0000000000000000        0.0000000000000000        0.0000000000000000        0.0000000000000000        0.0000000000000000        0.0000000000000000        0.0000000000000000       -0.0000000000000000        0.0000000000000000        0.0000000000000000        0.0000000000000000        0.0000000000000000        0.0000000000000000        0.0000000000000000        0.0000000000000000        0.0000000000000000        0.0000000000000000        0.0000000000000000        0.0000000000000000        0.0000000000000000        0.0000000000000000        0.0000000000000000        0.0000000000000000        0.0000000000000000        0.0000000000000000        0.0000000000000000     
   0.0000000000000000        0.0000000000000000        0.0000000000000000        0.0000000000000000        0.0000000000000000        0.0000000000000000        0.0000000000000000        0.0000000000000000       -0.0000000000000000        0.0000000000000000        0.0000000000000000        0.0000000000000000        0.0000000000000000        0.0000000000000000        0.0000000000000000        0.0000000000000000        0.0000000000000000        0.0000000000000000        0.0000000000000000        0.0000000000000000        0.0000000000000000        0.0000000000000000        0.0000000000000000        0.0000000000000000        0.0000000000000000        0.0000000000000000        0.0000000000000000     
   0.0000000000000000        0.0000000000000000        0.0000000000000000        0.0000000000000000        0.0000000000000000        0.0000000000000000        0.0000000000000000        0.0000000000000000       -0.0000000000000000        0.0000000000000000        0.0000000000000000        0.0000000000000000        0.0000000000000000        0.0000000000000000        0.0000000000000000        0.0000000000000000        0.0000000000000000        0.0000000000000000        0.0000000000000000        0.0000000000000000        0.0000000000000000        0.0000000000000000        0.0000000000000000        0.0000000000000000        0.0000000000000000        0.0000000000000000        0.0000000000000000     
   0.0000000000000000        0.0000000000000000        0.0000000000000000        0.0000000000000000        0.0000000000000000        0.0000000000000000        0.0000000000000000        0.0000000000000000       -0.0000000000000000        0.0000000000000000        0.0000000000000000        0.0000000000000000        0.0000000000000000        0.0000000000000000        0.0000000000000000        0.0000000000000000        0.0000000000000000        0.0000000000000000        0.0000000000000000        0.0000000000000000        0.0000000000000000        0.0000000000000000        0.0000000000000000        0.0000000000000000        0.0000000000000000        0.0000000000000000        0.0000000000000000     
   0.0000000000000000        0.0000000000000000        0.0000000000000000        0.0000000000000000        0.0000000000000000        0.0000000000000000        0.0000000000000000        0.0000000000000000       -0.0000000000000000        0.0000000000000000        0.0000000000000000        0.0000000000000000        0.0000000000000000        0.0000000000000000        0.0000000000000000        0.0000000000000000        0.0000000000000000        0.0000000000000000        0.0000000000000000        0.0000000000000000        0.0000000000000000        0.0000000000000000        0.0000000000000000        0.0000000000000000        0.0000000000000000        0.0000000000000000        0.0000000000000000     
   0.0000000000000000        0.0000000000000000        0.0000000000000000        0.0000000000000000        0.0000000000000000        0.0000000000000000        0.0000000000000000        0.0000000000000000       -0.0000000000000000        0.0000000000000000        0.0000000000000000        0.0000000000000000        0.0000000000000000        0.0000000000000000        0.0000000000000000        0.0000000000000000        0.0000000000000000        0.0000000000000000        0.0000000000000000        0.0000000000000000        0.0000000000000000        0.0000000000000000        0.0000000000000000        0.0000000000000000        0.0000000000000000        0.0000000000000000        0.0000000000000000     
   0.0000000000000000        0.0000000000000000        0.0000000000000000        0.0000000000000000        0.0000000000000000        0.0000000000000000        0.0000000000000000        0.0000000000000000       -0.0000000000000000        0.0000000000000000        0.0000000000000000        0.0000000000000000        0.0000000000000000        0.0000000000000000        0.0000000000000000        0.0000000000000000        0.0000000000000000        0.0000000000000000        0.0000000000000000        0.0000000000000000        0.0000000000000000        0.0000000000000000        0.0000000000000000        0.0000000000000000        0.0000000000000000        0.0000000000000000        0.0000000000000000     
   0.0000000000000000        0.0000000000000000        0.0000000000000000        0.0000000000000000        0.0000000000000000        0.0000000000000000        0.0000000000000000        0.0000000000000000       -0.0000000000000000        0.0000000000000000        0.0000000000000000        0.0000000000000000        0.0000000000000000        0.0000000000000000        0.0000000000000000        0.0000000000000000        0.0000000000000000        0.0000000000000000        0.0000000000000000        0.0000000000000000        0.0000000000000000        0.0000000000000000        0.0000000000000000        0.0000000000000000        0.0000000000000000        0.0000000000000000        0.0000000000000000     
   0.0000000000000000        0.0000000000000000        0.0000000000000000        0.0000000000000000        0.0000000000000000        0.0000000000000000        0.0000000000000000        0.0000000000000000       -0.0000000000000000        0.0000000000000000        0.0000000000000000        0.0000000000000000        0.0000000000000000        0.0000000000000000        0.0000000000000000        0.0000000000000000        0.0000000000000000        0.0000000000000000        0.0000000000000000        0.0000000000000000        0.0000000000000000        0.0000000000000000        0.0000000000000000        0.0000000000000000        0.0000000000000000        0.0000000000000000        0.0000000000000000     
   0.0000000000000000        0.0000000000000000        0.0000000000000000        0.0000000000000000        0.0000000000000000        0.0000000000000000        0.0000000000000000        0.0000000000000000       -0.0000000000000000        0.0000000000000000        0.0000000000000000        0.0000000000000000        0.0000000000000000        0.0000000000000000        0.0000000000000000        0.0000000000000000        0.0000000000000000        0.0000000000000000        0.0000000000000000        0.0000000000000000        0.0000000000000000        0.0000000000000000        0.0000000000000000        0.0000000000000000        0.0000000000000000        0.0000000000000000        0.0000000000000000     
   0.0000000000000000        0.0000000000000000        0.0000000000000000        0.0000000000000000        0.0000000000000000        0.0000000000000000        0.0000000000000000        0.0000000000000000       -0.0000000000000000        0.0000000000000000        0.0000000000000000        0.0000000000000000        3.9830146658544122E-011   1.7345805466605564E-005   7.8806165755926553E-005   1.5546867076107255E-004   7.7916967576503190E-005   1.8538159720628342E-007   1.2303290323976092E-004   0.0000000000000000       -1.3271636153246108E-003  -5.6168213792255899E-004  -7.2167382777568179E-003  -2.9927353824167583E-003  -3.1183096933610192E-004  -1.3121404638785568E-004   9.8519874330102522E-003
   0.0000000000000000        0.0000000000000000        0.0000000000000000        0.0000000000000000        0.0000000000000000        0.0000000000000000        0.0000000000000000        0.0000000000000000       -0.0000000000000000        0.0000000000000000        0.0000000000000000        0.0000000000000000        9.2992715368759426E-010   2.3736075798489714E-004   8.0317446365944822E-004   1.5765970226095511E-003   6.3924495642375776E-004   1.7774078955676369E-006   1.3008873359313905E-003   0.0000000000000000       -12.989036308213562       -5.9334018582588293       -4.7653717773781601       -2.1226736898771299       -22.948194916548744       -9.8444136886438063        43.356992958840102     
   0.0000000000000000        0.0000000000000000        0.0000000000000000        0.0000000000000000        0.0000000000000000        0.0000000000000000        0.0000000000000000        0.0000000000000000       -0.0000000000000000        0.0000000000000000        0.0000000000000000        0.0000000000000000        8.0124514140614408E-011   3.5336404133741624E-005   1.6022245637537414E-004   3.1605180383208881E-004   1.5825759960968612E-004   3.7676790496367994E-007   2.5000409390823732E-004   0.0000000000000000       -3.5655883112020044E-003  -1.5266289741632157E-003  -1.7157084342378955E-002  -7.1470950448872042E-003  -8.3741288170258654E-004  -3.5636001084142683E-004   2.3845466609945409E-002
   0.0000000000000000        0.0000000000000000        0.0000000000000000        0.0000000000000000        0.0000000000000000        0.0000000000000000        0.0000000000000000        0.0000000000000000       -0.0000000000000000        0.0000000000000000        0.0000000000000000        0.0000000000000000        7.3015622137464278E-008   2.5340402498047258E-002   9.1657731675314075E-002  0.17599487321210389        7.2261408127720972E-002   1.9859857472026289E-004  0.14300901208533967        0.0000000000000000       -1332.9931113815064       -596.04595460062694       -492.54872696240068       -215.24199242835249       -3971.6405062292747       -1676.7279097883675        6270.1501536183296     
   0.0000000000000000        0.0000000000000000        0.0000000000000000        0.0000000000000000        0.0000000000000000        0.0000000000000000        0.0000000000000000        0.0000000000000000       -0.0000000000000000        0.0000000000000000        0.0000000000000000        0.0000000000000000       -7.0024809848773489E-011  -4.2395088891812493E-005  -2.1056159867268156E-004  -4.1440242622683022E-004  -2.1189172344609358E-004  -4.9553729050387080E-007  -3.2594401571064388E-004   0.0000000000000000       -2.1670051975962550E-002  -9.5273749333150744E-003  -6.8746252552139855E-002  -2.9461373175764433E-002  -5.0859973927388094E-003  -2.2210760776892099E-003  0.10215748753509667     
   0.0000000000000000        0.0000000000000000        0.0000000000000000        0.0000000000000000        0.0000000000000000        0.0000000000000000        0.0000000000000000        0.0000000000000000       -0.0000000000000000        0.0000000000000000        0.0000000000000000        0.0000000000000000       -2.0337514278680864E-010  -5.0101233260357820E-005  -2.1928065611876181E-004  -4.3575252727084263E-004  -2.2148848241493560E-004  -5.2420275705672859E-007  -3.5348458243998306E-004   0.0000000000000000       -5.5795427243367633E-002  -2.5708137811383668E-002  -5.3311508673561846E-002  -2.4726300393729389E-002  -1.3060155385231025E-002  -5.9691484833256665E-003  0.12408813663873759     
   0.0000000000000000        0.0000000000000000        0.0000000000000000        0.0000000000000000        0.0000000000000000        0.0000000000000000        0.0000000000000000        0.0000000000000000       -0.0000000000000000        0.0000000000000000        0.0000000000000000        0.0000000000000000        2.1581626085730960E-010   3.9598132510687565E-005   1.7272695098097572E-004   3.4535076386145355E-004   1.7667724272971998E-004   4.1688412891457663E-007   2.8696967775405951E-004   0.0000000000000000       -5.5816161869515324E-002  -2.5716707728712051E-002  -5.3328182077163715E-002  -2.4733635103772970E-002  -1.3064956365832173E-002  -5.9711166892366776E-003  0.12405528784662989     
   0.0000000000000000        0.0000000000000000        0.0000000000000000        0.0000000000000000        0.0000000000000000        0.0000000000000000        0.0000000000000000        0.0000000000000000       -0.0000000000000000        0.0000000000000000        0.0000000000000000        0.0000000000000000       -2.2096911199844991E-011  -4.2463644222639927E-006  -1.3252602528501945E-005  -2.6655287753765895E-005  -1.0643955782642250E-005  -3.0038164333523571E-008  -2.2426300063106481E-005   0.0000000000000000       0.24134540831021553       0.11278687954068901        8.7815284773153146E-002   3.9926474026676255E-002  0.13154296108387706        5.9119232120587617E-002 -0.47839135500815233     
   0.0000000000000000        0.0000000000000000        0.0000000000000000        0.0000000000000000        0.0000000000000000        0.0000000000000000        0.0000000000000000        0.0000000000000000       -0.0000000000000000        0.0000000000000000        0.0000000000000000        0.0000000000000000        5.5358333205494021E-012   9.3961466403069257E-007   2.8058744899636277E-006   5.7210314125477940E-006   2.2645667125861801E-006   6.4456604520002886E-009   4.8666254170749560E-006   0.0000000000000000       -5.4434624831251978E-002  -2.5719939503085331E-002  -1.9725578687512939E-002  -9.0589686782089930E-003   2.7615311543486079E-003   2.9996404167198092E-004   7.2017561179727296E-002
   0.0000000000000000        0.0000000000000000        0.0000000000000000        0.0000000000000000        0.0000000000000000        0.0000000000000000        0.0000000000000000        0.0000000000000000       -0.0000000000000000        0.0000000000000000        0.0000000000000000        0.0000000000000000        2.6228476529227774E-012   5.9395075392678631E-007   1.9274444749190851E-006   3.8540221811131439E-006   1.5489626483508459E-006   4.3386189534513252E-009   3.2084860166984925E-006   0.0000000000000000       -3.3439148814440309E-002  -1.5437076959892210E-002  -1.2229713577904040E-002  -5.5015995498582417E-003  -3.4868669499683917E-002  -1.5717282581441883E-002   8.3590831402129556E-002
   0.0000000000000000        0.0000000000000000        0.0000000000000000        0.0000000000000000        0.0000000000000000        0.0000000000000000        0.0000000000000000        0.0000000000000000       -0.0000000000000000        0.0000000000000000        0.0000000000000000        0.0000000000000000        3.3365871690942411E-013   1.8046808424200217E-007   6.9252781482168234E-007   1.3048560765657567E-006   5.4173447391232039E-007   1.4737997797153788E-009   1.0456313035437801E-006   0.0000000000000000       -9.1165580731158817E-003  -3.9852423028350894E-003  -3.3933216012647107E-003  -1.4535477136464418E-003  -3.8690128156474476E-002  -1.6214377904943168E-002   5.5851267728076547E-002
   0.0000000000000000        0.0000000000000000        0.0000000000000000        0.0000000000000000        0.0000000000000000        0.0000000000000000        0.0000000000000000        0.0000000000000000       -0.0000000000000000        0.0000000000000000        0.0000000000000000        0.0000000000000000        2.7667561082158856E-011   5.8680673835272684E-006   2.5550117443309046E-005   5.1490752208982605E-005   2.5716962346046079E-005   6.1471836862230462E-008   4.2231751806995310E-005   0.0000000000000000       -5.5933661514510381E-004  -2.4507668575996839E-004  -2.9649388798257651E-003  -1.2720805894800079E-003  -1.3138868574273812E-004  -5.7196251154896054E-005   4.0875094919245710E-003
   0.0000000000000000        0.0000000000000000        0.0000000000000000        0.0000000000000000        0.0000000000000000        0.0000000000000000        0.0000000000000000        0.0000000000000000       -0.0000000000000000        0.0000000000000000        0.0000000000000000        0.0000000000000000        7.9010384164151636E-011   6.3469217294632547E-006   2.1758936916766183E-005   6.5334176746224964E-005   1.8505777368916241E-005   6.8847860852443361E-008   5.5238767351476789E-005   0.0000000000000000       -1.1791500162952502E-003  -5.8114202108945016E-004  -5.6385788922636787E-003  -2.7647263626581439E-003  -2.7712720252292259E-004  -1.3556692915774784E-004   8.0867949165485970E-003
   2.4512018624018325E-005  -2.5002963917639758E-003  -1.8761418835192340E-004  -2.1554413662318813E-004   3.4102602112825387E-008   0.0000000000000000       -5.3546954360959484E-004  -2.2590145834328855E-003  -3.3605457194700470E-004  -8.4987346477760563E-004  -1.6205851306087208E-002  -1.8342752933336989E-003   0.0000000000000000        0.0000000000000000        0.0000000000000000        0.0000000000000000        0.0000000000000000        0.0000000000000000        0.0000000000000000        4.4614104798757423E-002   0.0000000000000000        0.0000000000000000        0.0000000000000000        0.0000000000000000        0.0000000000000000        0.0000000000000000        0.0000000000000000     
   3.6916852257064359E-006   8.0563616634355266E-005   1.4401362836475884E-006   2.1338468296625041E-005   2.8179496632923577E-010   0.0000000000000000        3.7757472111584843E-005   2.0813597099933884E-005   1.0047264312410973E-005   5.0625121382489381E-007   4.5576512921418000E-004   8.1678258417839752E-005   0.0000000000000000        0.0000000000000000        0.0000000000000000        0.0000000000000000        0.0000000000000000        0.0000000000000000        0.0000000000000000       -9.0703249698569847E-004   0.0000000000000000        0.0000000000000000        0.0000000000000000        0.0000000000000000        0.0000000000000000        0.0000000000000000        0.0000000000000000     
   1.2022773791309023E-006   1.6353769177555047E-004   3.5799861003559258E-006   3.0873105479530330E-005  -1.2940948669955597E-009   0.0000000000000000        6.3238955385032771E-005   4.0232603481147186E-005   1.1149946932858546E-005   1.5075423673747314E-006   3.0036791814526062E-004   4.5506305452028343E-005   0.0000000000000000        0.0000000000000000        0.0000000000000000        0.0000000000000000        0.0000000000000000        0.0000000000000000        0.0000000000000000       -9.7812012031272730E-004   0.0000000000000000        0.0000000000000000        0.0000000000000000        0.0000000000000000        0.0000000000000000        0.0000000000000000        0.0000000000000000     
   3.6361395769250665E-006   9.8442166216057930E-005   2.0942862503609448E-006   2.4299143384338757E-005   3.2483852527579161E-010   0.0000000000000000        4.8387992684835729E-005   2.6901217797519703E-005   8.7126736114692881E-006   1.4036433810236446E-006   5.2587942773729050E-004   1.3597893960440880E-004   0.0000000000000000        0.0000000000000000        0.0000000000000000        0.0000000000000000        0.0000000000000000        0.0000000000000000        0.0000000000000000       -1.0301490669609493E-003   0.0000000000000000        0.0000000000000000        0.0000000000000000        0.0000000000000000        0.0000000000000000        0.0000000000000000        0.0000000000000000     
   7.9035129369305302E-006   1.1202195631663858E-004   3.4266999110998325E-006   2.4866445458437653E-005  -2.1725483859973313E-009   0.0000000000000000        2.0368949383474053E-005   5.3112440001340588E-005   9.1604044769191198E-006   3.9368086001693253E-006   4.8236580324672424E-004   7.7666636563892918E-005   0.0000000000000000        0.0000000000000000        0.0000000000000000        0.0000000000000000        0.0000000000000000        0.0000000000000000        0.0000000000000000       -9.2975030080516259E-004   0.0000000000000000        0.0000000000000000        0.0000000000000000        0.0000000000000000        0.0000000000000000        0.0000000000000000        0.0000000000000000     
  -2.6577112009313438E-005  -2.9823370518959791E-003  -2.4979674702133324E-004  -2.5985464441264196E-004  -5.2242387422895966E-009   0.0000000000000000       -5.2667252797748384E-004  -3.0491234263799911E-003  -2.9737002896065525E-004  -7.4031486439126435E-004  -1.7923483879053244E-002  -2.0283238293444003E-003   0.0000000000000000        0.0000000000000000        0.0000000000000000        0.0000000000000000        0.0000000000000000        0.0000000000000000        0.0000000000000000        5.6338853969268805E-002   0.0000000000000000        0.0000000000000000        0.0000000000000000        0.0000000000000000        0.0000000000000000        0.0000000000000000        0.0000000000000000     
   4.4358437959001853E-005  -2.3694853880863640E-003  -2.0933475437845845E-004  -1.7135052911481234E-004   1.5050584115426394E-008   0.0000000000000000       -4.3446692385928985E-004  -2.2015282060723826E-003  -2.6773081694924381E-004  -6.8427515537739056E-004  -1.5958310343640699E-002  -2.1831845660995517E-003   0.0000000000000000        0.0000000000000000        0.0000000000000000        0.0000000000000000        0.0000000000000000        0.0000000000000000        0.0000000000000000        4.7294832133123708E-002   0.0000000000000000        0.0000000000000000        0.0000000000000000        0.0000000000000000        0.0000000000000000        0.0000000000000000        0.0000000000000000     
   3.1676572345143352E-005  -3.6381931346861490E-003  -2.8469289017363160E-004  -3.3505162888658582E-004   3.4713428011659182E-008   0.0000000000000000       -6.7524657802488827E-004  -3.4124229301369406E-003  -4.4625891689438604E-004  -1.0793042291039228E-003  -2.1463398501749054E-002  -2.1713711544275082E-003   0.0000000000000000        0.0000000000000000        0.0000000000000000        0.0000000000000000        0.0000000000000000        0.0000000000000000        0.0000000000000000        6.1134450533676346E-002   0.0000000000000000        0.0000000000000000        0.0000000000000000        0.0000000000000000        0.0000000000000000        0.0000000000000000        0.0000000000000000     
   7.2718843626156607E-005  -2.5771953467372518E-003  -2.6185748548858547E-004  -1.6400311593131348E-004   9.4192654722687188E-009   0.0000000000000000       -4.2154548831781002E-004  -2.3809292555209802E-003  -3.0683512155072487E-004  -8.4809297493926208E-004  -1.7340341418741616E-002  -2.2723160988583073E-003   0.0000000000000000        0.0000000000000000        0.0000000000000000        0.0000000000000000        0.0000000000000000        0.0000000000000000        0.0000000000000000        4.4201444620471250E-002   0.0000000000000000        0.0000000000000000        0.0000000000000000        0.0000000000000000        0.0000000000000000        0.0000000000000000        0.0000000000000000     
   3.6846898130436205E-005  -3.3550413071205209E-003  -2.2434014478470011E-004  -3.5828666357234684E-004   3.4527852077085672E-008   0.0000000000000000       -1.0135994992288952E-003  -2.8977824644917174E-003  -4.3026890652908393E-004  -1.1246692462279410E-003  -2.1060704522399634E-002  -2.4895317506821125E-003   0.0000000000000000        0.0000000000000000        0.0000000000000000        0.0000000000000000        0.0000000000000000        0.0000000000000000        0.0000000000000000        5.4459336692649740E-002   0.0000000000000000        0.0000000000000000        0.0000000000000000        0.0000000000000000        0.0000000000000000        0.0000000000000000        0.0000000000000000     
  -1.9124359239531368E-009   3.2791456510616480E-008   8.1445392929790807E-010   5.8512555105032848E-009   1.7108313026647367E-012  -5.6736857477905331E-021   4.1452838659900594E-008   3.5721543299439779E-009   1.5514359136866918E-009   2.2464857592708555E-009   1.8440918720929968E-007   1.9736246394351982E-008   0.0000000000000000        0.0000000000000000        0.0000000000000000        0.0000000000000000        0.0000000000000000        0.0000000000000000        0.0000000000000000       -4.7181581453800892E-007   0.0000000000000000        0.0000000000000000        0.0000000000000000        0.0000000000000000        0.0000000000000000        0.0000000000000000        0.0000000000000000     
