   16.550619018304197        17.129890686411077        16.550619018304197        16.550619018304197        16.550619018304197        16.550619018304197        16.550619018304197        16.550619018304197        16.550619018304197        16.550619018304197        16.550619018304197        16.550619018304197        16.550619018304197        16.550619018304197        16.550619018304197        16.550619018304197        16.550619018304197        16.550619018304197        16.550619018304197        16.550619018304197        16.550619018304197        16.550619018304197        16.550619018304197        16.550619018304197        16.550619018304197        16.550619018304197        16.550619018304197        16.550619018304197     
   21.191022858741540        21.191022858741540        21.932708661955203        21.191022858741540        21.191022858741540        21.191022858741540        21.191022858741540        21.191022858741540        21.191022858741540        21.191022858741540        21.191022858741540        21.191022858741540        21.191022858741540        21.191022858741540        21.191022858741540        21.191022858741540        21.191022858741540        21.191022858741540        21.191022858741540        21.191022858741540        21.191022858741540        21.191022858741540        21.191022858741540        21.191022858741540        21.191022858741540        21.191022858741540        21.191022858741540        21.191022858741540     
   2.9649740864543990        2.9649740864543990        2.9649740864543990        3.1725222733898382        2.9649740864543990        2.9649740864543990        2.9649740864543990        2.9649740864543990        2.9649740864543990        2.9649740864543990        2.9649740864543990        2.9649740864543990        2.9649740864543990        2.9649740864543990        2.9649740864543990        2.9649740864543990        2.9649740864543990        2.9649740864543990        2.9649740864543990        2.9649740864543990        2.9649740864543990        2.9649740864543990        2.9649740864543990        2.9649740864543990        2.9649740864543990        2.9649740864543990        2.9649740864543990        2.9649740864543990     
  -6.2222085311704278       -6.2222085311704278       -6.2222085311704278       -6.2222085311704278       -6.0044312316522817       -6.2222085311704278       -6.2222085311704278       -6.2222085311704278       -6.2222085311704278       -6.2222085311704278       -6.2222085311704278       -6.2222085311704278       -6.2222085311704278       -6.2222085311704278       -6.2222085311704278       -6.2222085311704278       -6.2222085311704278       -6.2222085311704278       -6.2222085311704278       -6.2222085311704278       -6.2222085311704278       -6.2222085311704278       -6.2222085311704278       -6.2222085311704278       -6.2222085311704278       -6.2222085311704278       -6.2222085311704278       -6.2222085311704278     
   22.106969252684298        22.106969252684298        22.106969252684298        22.106969252684298        22.106969252684298        22.880713179822443        22.106969252684298        22.106969252684298        22.106969252684298        22.106969252684298        22.106969252684298        22.106969252684298        22.106969252684298        22.106969252684298        22.106969252684298        22.106969252684298        22.106969252684298        22.106969252684298        22.106969252684298        22.106969252684298        22.106969252684298        22.106969252684298        22.106969252684298        22.106969252684298        22.106969252684298        22.106969252684298        22.106969252684298        22.106969252684298     
   0.0000000000000000        0.0000000000000000        0.0000000000000000        0.0000000000000000        0.0000000000000000        0.0000000000000000        0.0000000000000000        0.0000000000000000        0.0000000000000000        0.0000000000000000        0.0000000000000000        0.0000000000000000        0.0000000000000000        0.0000000000000000        0.0000000000000000        0.0000000000000000        0.0000000000000000        0.0000000000000000        0.0000000000000000        0.0000000000000000        0.0000000000000000        0.0000000000000000        0.0000000000000000        0.0000000000000000        0.0000000000000000        0.0000000000000000        0.0000000000000000        0.0000000000000000     
   10.663677159292940        10.663677159292940        10.663677159292940        10.663677159292940        10.663677159292940        10.663677159292940        10.812968640158646        10.663677159292940        10.663677159292940        10.663677159292940        10.663677159292940        10.663677159292940        10.663677159292940        10.663677159292940        10.663677159292940        10.663677159292940        10.663677159292940        10.663677159292940        10.663677159292940        10.663677159292940        10.663677159292940        10.663677159292940        10.663677159292940        10.663677159292940        10.663677159292940        10.663677159292940        10.663677159292940        10.663677159292940     
   55.234349634910025        55.234349634910025        55.234349634910025        55.234349634910025        55.234349634910025        55.234349634910025        55.234349634910025        55.620990084000510        55.234349634910025        55.234349634910025        55.234349634910025        55.234349634910025        55.234349634910025        55.234349634910025        55.234349634910025        55.234349634910025        55.234349634910025        55.234349634910025        55.234349634910025        55.234349634910025        55.234349634910025        55.234349634910025        55.234349634910025        55.234349634910025        55.234349634910025        55.234349634910025        55.234349634910025        55.234349634910025     
   78.938941008859373        78.938941008859373        78.938941008859373        78.938941008859373        78.938941008859373        78.938941008859373        78.938941008859373        78.938941008859373        79.491513598273954        78.938941008859373        78.938941008859373        78.938941008859373        78.938941008859373        78.938941008859373        78.938941008859373        78.938941008859373        78.938941008859373        78.938941008859373        78.938941008859373        78.938941008859373        78.938941008859373        78.938941008859373        78.938941008859373        78.938941008859373        78.938941008859373        78.938941008859373        78.938941008859373        78.938941008859373     
   150.96251029210032        150.96251029210032        150.96251029210032        150.96251029210032        150.96251029210032        150.96251029210032        150.96251029210032        150.96251029210032        150.96251029210032        140.39513452666296        150.96251029210032        150.96251029210032        150.96251029210032        150.96251029210032        150.96251029210032        150.96251029210032        150.96251029210032        150.96251029210032        150.96251029210032        150.96251029210032        150.96251029210032        150.96251029210032        150.96251029210032        150.96251029210032        150.96251029210032        150.96251029210032        150.96251029210032        150.96251029210032     
   151.28716275945868        151.28716275945868        151.28716275945868        151.28716275945868        151.28716275945868        151.28716275945868        151.28716275945868        151.28716275945868        151.28716275945868        151.28716275945868        160.81825405388295        151.28716275945868        151.28716275945868        151.28716275945868        151.28716275945868        151.28716275945868        151.28716275945868        151.28716275945868        151.28716275945868        151.28716275945868        151.28716275945868        151.28716275945868        151.28716275945868        151.28716275945868        151.28716275945868        151.28716275945868        151.28716275945868        151.28716275945868     
   14.419123690642280        14.419123690642280        14.419123690642280        14.419123690642280        14.419123690642280        14.419123690642280        14.419123690642280        14.419123690642280        14.419123690642280        14.419123690642280        14.419123690642280        14.520057556906499        14.419123690642280        14.419123690642280        14.419123690642280        14.419123690642280        14.419123690642280        14.419123690642280        14.419123690642280        14.419123690642280        14.419123690642280        14.419123690642280        14.419123690642280        14.419123690642280        14.419123690642280        14.419123690642280        14.419123690642280        14.419123690642280     
   19.978653156688864        19.978653156688864        19.978653156688864        19.978653156688864        19.978653156688864        19.978653156688864        19.978653156688864        19.978653156688864        19.978653156688864        19.978653156688864        19.978653156688864        19.978653156688864        20.118503729381096        19.978653156688864        19.978653156688864        19.978653156688864        19.978653156688864        19.978653156688864        19.978653156688864        19.978653156688864        19.978653156688864        19.978653156688864        19.978653156688864        19.978653156688864        19.978653156688864        19.978653156688864        19.978653156688864        19.978653156688864     
   0.0000000000000000        0.0000000000000000        0.0000000000000000        0.0000000000000000        0.0000000000000000        0.0000000000000000        0.0000000000000000        0.0000000000000000        0.0000000000000000        0.0000000000000000        0.0000000000000000        0.0000000000000000        0.0000000000000000        0.0000000000000000        0.0000000000000000        0.0000000000000000        0.0000000000000000        0.0000000000000000        0.0000000000000000        0.0000000000000000        0.0000000000000000        0.0000000000000000        0.0000000000000000        0.0000000000000000        0.0000000000000000        0.0000000000000000        0.0000000000000000        0.0000000000000000     
   1.1562252243064763E-002   1.1562252243064763E-002   1.1562252243064763E-002   1.1562252243064763E-002   1.1562252243064763E-002   1.1562252243064763E-002   1.1562252243064763E-002   1.1562252243064763E-002   1.1562252243064763E-002   1.1562252243064763E-002   1.1562252243064763E-002   1.1562252243064763E-002   1.1562252243064763E-002   1.3953836093595337E-002   1.1562252243064763E-002   1.1562252243064763E-002   1.1562252243064763E-002   1.1562252243064763E-002   1.1562252243064763E-002   1.1562252243064763E-002   1.1562252243064763E-002   1.1562252243064763E-002   1.1562252243064763E-002   1.1562252243064763E-002   1.1562252243064763E-002   1.1562252243064763E-002   1.1562252243064763E-002   1.1562252243064763E-002
   1.6345419944125913E-002   1.6345419944125913E-002   1.6345419944125913E-002   1.6345419944125913E-002   1.6345419944125913E-002   1.6345419944125913E-002   1.6345419944125913E-002   1.6345419944125913E-002   1.6345419944125913E-002   1.6345419944125913E-002   1.6345419944125913E-002   1.6345419944125913E-002   1.6345419944125913E-002   1.6345419944125913E-002   1.6436756724050115E-002   1.6345419944125913E-002   1.6345419944125913E-002   1.6345419944125913E-002   1.6345419944125913E-002   1.6345419944125913E-002   1.6345419944125913E-002   1.6345419944125913E-002   1.6345419944125913E-002   1.6345419944125913E-002   1.6345419944125913E-002   1.6345419944125913E-002   1.6345419944125913E-002   1.6345419944125913E-002
   1.6528093503974314E-002   1.6528093503974314E-002   1.6528093503974314E-002   1.6528093503974314E-002   1.6528093503974314E-002   1.6528093503974314E-002   1.6528093503974314E-002   1.6528093503974314E-002   1.6528093503974314E-002   1.6528093503974314E-002   1.6528093503974314E-002   1.6528093503974314E-002   1.6528093503974314E-002   1.6528093503974314E-002   1.6528093503974314E-002   2.6528093280456896E-002   1.6528093503974314E-002   1.6528093503974314E-002   1.6528093503974314E-002   1.6528093503974314E-002   1.6528093503974314E-002   1.6528093503974314E-002   1.6528093503974314E-002   1.6528093503974314E-002   1.6528093503974314E-002   1.6528093503974314E-002   1.6528093503974314E-002   1.6528093503974314E-002
   3.2883219372404376E-002   3.2883219372404376E-002   3.2883219372404376E-002   3.2883219372404376E-002   3.2883219372404376E-002   3.2883219372404376E-002   3.2883219372404376E-002   3.2883219372404376E-002   3.2883219372404376E-002   3.2883219372404376E-002   3.2883219372404376E-002   3.2883219372404376E-002   3.2883219372404376E-002   3.2883219372404376E-002   3.2883219372404376E-002   3.2883219372404376E-002   3.6252919627800750E-002   3.2883219372404376E-002   3.2883219372404376E-002   3.2883219372404376E-002   3.2883219372404376E-002   3.2883219372404376E-002   3.2883219372404376E-002   3.2883219372404376E-002   3.2883219372404376E-002   3.2883219372404376E-002   3.2883219372404376E-002   3.2883219372404376E-002
   3.9622619883197117E-002   3.9622619883197117E-002   3.9622619883197117E-002   3.9622619883197117E-002   3.9622619883197117E-002   3.9622619883197117E-002   3.9622619883197117E-002   3.9622619883197117E-002   3.9622619883197117E-002   3.9622619883197117E-002   3.9622619883197117E-002   3.9622619883197117E-002   3.9622619883197117E-002   3.9622619883197117E-002   3.9622619883197117E-002   3.9622619883197117E-002   3.9622619883197117E-002   4.9622619659679700E-002   3.9622619883197117E-002   3.9622619883197117E-002   3.9622619883197117E-002   3.9622619883197117E-002   3.9622619883197117E-002   3.9622619883197117E-002   3.9622619883197117E-002   3.9622619883197117E-002   3.9622619883197117E-002   3.9622619883197117E-002
  0.67309567465005504       0.67309567465005504       0.67309567465005504       0.67309567465005504       0.67309567465005504       0.67309567465005504       0.67309567465005504       0.67309567465005504       0.67309567465005504       0.67309567465005504       0.67309567465005504       0.67309567465005504       0.67309567465005504       0.67309567465005504       0.67309567465005504       0.67309567465005504       0.67309567465005504       0.67309567465005504       0.69665402336310600       0.67309567465005504       0.67309567465005504       0.67309567465005504       0.67309567465005504       0.67309567465005504       0.67309567465005504       0.67309567465005504       0.67309567465005504       0.67309567465005504     
   1.9693678540192417E-005   1.9693678540192417E-005   1.9693678540192417E-005   1.9693678540192417E-005   1.9693678540192417E-005   1.9693678540192417E-005   1.9693678540192417E-005   1.9693678540192417E-005   1.9693678540192417E-005   1.9693678540192417E-005   1.9693678540192417E-005   1.9693678540192417E-005   1.9693678540192417E-005   1.9693678540192417E-005   1.9693678540192417E-005   1.9693678540192417E-005   1.9693678540192417E-005   1.9693678540192417E-005   1.9693678540192417E-005   1.0019693455022774E-002   1.9693678540192417E-005   1.9693678540192417E-005   1.9693678540192417E-005   1.9693678540192417E-005   1.9693678540192417E-005   1.9693678540192417E-005   1.9693678540192417E-005   1.9693678540192417E-005
   18.729445014783060        18.729445014783060        18.729445014783060        18.729445014783060        18.729445014783060        18.729445014783060        18.729445014783060        18.729445014783060        18.729445014783060        18.729445014783060        18.729445014783060        18.729445014783060        18.729445014783060        18.729445014783060        18.729445014783060        18.729445014783060        18.729445014783060        18.729445014783060        18.729445014783060        18.729445014783060        19.384975593091372        18.729445014783060        18.729445014783060        18.729445014783060        18.729445014783060        18.729445014783060        18.729445014783060        18.729445014783060     
 -0.47853584496828699      -0.47853584496828699      -0.47853584496828699      -0.47853584496828699      -0.47853584496828699      -0.47853584496828699      -0.47853584496828699      -0.47853584496828699      -0.47853584496828699      -0.47853584496828699      -0.47853584496828699      -0.47853584496828699      -0.47853584496828699      -0.47853584496828699      -0.47853584496828699      -0.47853584496828699      -0.47853584496828699      -0.47853584496828699      -0.47853584496828699      -0.47853584496828699      -0.47853584496828699      -0.46178709032308957      -0.47853584496828699      -0.47853584496828699      -0.47853584496828699      -0.47853584496828699      -0.47853584496828699      -0.47853584496828699     
   1.5082701131552669        1.5082701131552669        1.5082701131552669        1.5082701131552669        1.5082701131552669        1.5082701131552669        1.5082701131552669        1.5082701131552669        1.5082701131552669        1.5082701131552669        1.5082701131552669        1.5082701131552669        1.5082701131552669        1.5082701131552669        1.5082701131552669        1.5082701131552669        1.5082701131552669        1.5082701131552669        1.5082701131552669        1.5082701131552669        1.5082701131552669        1.5082701131552669        1.5610595673404510        1.5082701131552669        1.5082701131552669        1.5082701131552669        1.5082701131552669        1.5082701131552669     
   1.7107571815668989        1.7107571815668989        1.7107571815668989        1.7107571815668989        1.7107571815668989        1.7107571815668989        1.7107571815668989        1.7107571815668989        1.7107571815668989        1.7107571815668989        1.7107571815668989        1.7107571815668989        1.7107571815668989        1.7107571815668989        1.7107571815668989        1.7107571815668989        1.7107571815668989        1.7107571815668989        1.7107571815668989        1.7107571815668989        1.7107571815668989        1.7107571815668989        1.7107571815668989        1.7706336831766631        1.7107571815668989        1.7107571815668989        1.7107571815668989        1.7107571815668989     
   2.4830924378611310        2.4830924378611310        2.4830924378611310        2.4830924378611310        2.4830924378611310        2.4830924378611310        2.4830924378611310        2.4830924378611310        2.4830924378611310        2.4830924378611310        2.4830924378611310        2.4830924378611310        2.4830924378611310        2.4830924378611310        2.4830924378611310        2.4830924378611310        2.4830924378611310        2.4830924378611310        2.4830924378611310        2.4830924378611310        2.4830924378611310        2.4830924378611310        2.4830924378611310        2.4830924378611310        2.5700006735562804        2.4830924378611310        2.4830924378611310        2.4830924378611310     
 -0.99509391718009998      -0.99509391718009998      -0.99509391718009998      -0.99509391718009998      -0.99509391718009998      -0.99509391718009998      -0.99509391718009998      -0.99509391718009998      -0.99509391718009998      -0.99509391718009998      -0.99509391718009998      -0.99509391718009998      -0.99509391718009998      -0.99509391718009998      -0.99509391718009998      -0.99509391718009998      -0.99509391718009998      -0.99509391718009998      -0.99509391718009998      -0.99509391718009998      -0.99509391718009998      -0.99509391718009998      -0.99509391718009998      -0.99509391718009998      -0.99509391718009998      -0.96026562993051590      -0.99509391718009998      -0.99509391718009998     
   2.0692649842629880        2.0692649842629880        2.0692649842629880        2.0692649842629880        2.0692649842629880        2.0692649842629880        2.0692649842629880        2.0692649842629880        2.0692649842629880        2.0692649842629880        2.0692649842629880        2.0692649842629880        2.0692649842629880        2.0692649842629880        2.0692649842629880        2.0692649842629880        2.0692649842629880        2.0692649842629880        2.0692649842629880        2.0692649842629880        2.0692649842629880        2.0692649842629880        2.0692649842629880        2.0692649842629880        2.0692649842629880        2.0692649842629880        2.1416892590205370        2.0692649842629880     
  0.91326947186264873       0.91326947186264873       0.91326947186264873       0.91326947186264873       0.91326947186264873       0.91326947186264873       0.91326947186264873       0.91326947186264873       0.91326947186264873       0.91326947186264873       0.91326947186264873       0.91326947186264873       0.91326947186264873       0.91326947186264873       0.91326947186264873       0.91326947186264873       0.91326947186264873       0.91326947186264873       0.91326947186264873       0.91326947186264873       0.91326947186264873       0.91326947186264873       0.91326947186264873       0.91326947186264873       0.91326947186264873       0.91326947186264873       0.91326947186264873       0.94523390351392922     
