                 -Infinity                 -Infinity                 -Infinity                 -Infinity                 -Infinity                 -Infinity                 -Infinity                 -Infinity                 -Infinity                 -Infinity                 -Infinity                 -Infinity                 -Infinity                 -Infinity                 -Infinity                 -Infinity                 -Infinity                 -Infinity                 -Infinity                 -Infinity                 -Infinity                 -Infinity                 -Infinity                 -Infinity                 -Infinity                 -Infinity                 -Infinity                 -Infinity
                 -Infinity                 -Infinity                 -Infinity                 -Infinity                 -Infinity                 -Infinity                 -Infinity                 -Infinity                 -Infinity                 -Infinity                 -Infinity                 -Infinity                 -Infinity                 -Infinity                 -Infinity                 -Infinity                 -Infinity                 -Infinity                 -Infinity                 -Infinity                 -Infinity                 -Infinity                 -Infinity                 -Infinity                 -Infinity                 -Infinity                 -Infinity                 -Infinity
                 -Infinity                 -Infinity                 -Infinity                 -Infinity                 -Infinity                 -Infinity                 -Infinity                 -Infinity                 -Infinity                 -Infinity                 -Infinity                 -Infinity                 -Infinity                 -Infinity                 -Infinity                 -Infinity                 -Infinity                 -Infinity                 -Infinity                 -Infinity                 -Infinity                 -Infinity                 -Infinity                 -Infinity                 -Infinity                 -Infinity                 -Infinity                 -Infinity
                 -Infinity                 -Infinity                 -Infinity                 -Infinity                 -Infinity                 -Infinity                 -Infinity                 -Infinity                 -Infinity                 -Infinity                 -Infinity                 -Infinity                 -Infinity                 -Infinity                 -Infinity                 -Infinity                 -Infinity                 -Infinity                 -Infinity                 -Infinity                 -Infinity                 -Infinity                 -Infinity                 -Infinity                 -Infinity                 -Infinity                 -Infinity                 -Infinity
                 -Infinity                 -Infinity                 -Infinity                 -Infinity                 -Infinity                 -Infinity                 -Infinity                 -Infinity                 -Infinity                 -Infinity                 -Infinity                 -Infinity                 -Infinity                 -Infinity                 -Infinity                 -Infinity                 -Infinity                 -Infinity                 -Infinity                 -Infinity                 -Infinity                 -Infinity                 -Infinity                 -Infinity                 -Infinity                 -Infinity                 -Infinity                 -Infinity
                 -Infinity                 -Infinity                 -Infinity                 -Infinity                 -Infinity                 -Infinity                 -Infinity                 -Infinity                 -Infinity                 -Infinity                 -Infinity                 -Infinity                 -Infinity                 -Infinity                 -Infinity                 -Infinity                 -Infinity                 -Infinity                 -Infinity                 -Infinity                 -Infinity                 -Infinity                 -Infinity                 -Infinity                 -Infinity                 -Infinity                 -Infinity                 -Infinity
                 -Infinity                 -Infinity                 -Infinity                 -Infinity                 -Infinity                 -Infinity                 -Infinity                 -Infinity                 -Infinity                 -Infinity                 -Infinity                 -Infinity                 -Infinity                 -Infinity                 -Infinity                 -Infinity                 -Infinity                 -Infinity                 -Infinity                 -Infinity                 -Infinity                 -Infinity                 -Infinity                 -Infinity                 -Infinity                 -Infinity                 -Infinity                 -Infinity
                 -Infinity                 -Infinity                 -Infinity                 -Infinity                 -Infinity                 -Infinity                 -Infinity                 -Infinity                 -Infinity                 -Infinity                 -Infinity                 -Infinity                 -Infinity                 -Infinity                 -Infinity                 -Infinity                 -Infinity                 -Infinity                 -Infinity                 -Infinity                 -Infinity                 -Infinity                 -Infinity                 -Infinity                 -Infinity                 -Infinity                 -Infinity                 -Infinity
                 -Infinity                 -Infinity                 -Infinity                 -Infinity                 -Infinity                 -Infinity                 -Infinity                 -Infinity                 -Infinity                 -Infinity                 -Infinity                 -Infinity                 -Infinity                 -Infinity                 -Infinity                 -Infinity                 -Infinity                 -Infinity                 -Infinity                 -Infinity                 -Infinity                 -Infinity                 -Infinity                 -Infinity                 -Infinity                 -Infinity                 -Infinity                 -Infinity
                 -Infinity                 -Infinity                 -Infinity                 -Infinity                 -Infinity                 -Infinity                 -Infinity                 -Infinity                 -Infinity                 -Infinity                 -Infinity                 -Infinity                 -Infinity                 -Infinity                 -Infinity                 -Infinity                 -Infinity                 -Infinity                 -Infinity                 -Infinity                 -Infinity                 -Infinity                 -Infinity                 -Infinity                 -Infinity                 -Infinity                 -Infinity                 -Infinity
                 -Infinity                 -Infinity                 -Infinity                 -Infinity                 -Infinity                 -Infinity                 -Infinity                 -Infinity                 -Infinity                 -Infinity                 -Infinity                 -Infinity                 -Infinity                 -Infinity                 -Infinity                 -Infinity                 -Infinity                 -Infinity                 -Infinity                 -Infinity                 -Infinity                 -Infinity                 -Infinity                 -Infinity                 -Infinity                 -Infinity                 -Infinity                 -Infinity
                 -Infinity                 -Infinity                 -Infinity                 -Infinity                 -Infinity                 -Infinity                 -Infinity                 -Infinity                 -Infinity                 -Infinity                 -Infinity                 -Infinity                 -Infinity                 -Infinity                 -Infinity                 -Infinity                 -Infinity                 -Infinity                 -Infinity                 -Infinity                 -Infinity                 -Infinity                 -Infinity                 -Infinity                 -Infinity                 -Infinity                 -Infinity                 -Infinity
                 -Infinity                 -Infinity                 -Infinity                 -Infinity                 -Infinity                 -Infinity                 -Infinity                 -Infinity                 -Infinity                 -Infinity                 -Infinity                 -Infinity                 -Infinity                 -Infinity                 -Infinity                 -Infinity                 -Infinity                 -Infinity                 -Infinity                 -Infinity                 -Infinity                 -Infinity                 -Infinity                 -Infinity                 -Infinity                 -Infinity                 -Infinity                 -Infinity
  -8.7393604501973291E-006  -8.8186643450988230E-006  -8.5482348262670674E-006  -8.7393604501973291E-006  -8.7215409538204870E-006  -8.7393604501973291E-006  -8.7393604501973291E-006  -8.6970010962067282E-006  -8.9166700125125199E-006  -8.7388787660488286E-006  -8.8137617612603482E-006  -8.6739560937980721E-006  -8.7399322159022862E-006  -8.7393604501973291E-006  -8.7393604501973291E-006  -8.7393604501973291E-006  -8.7393604501973291E-006  -8.7393604501973291E-006  -8.7393604501973291E-006  -8.7393604501973291E-006  -8.3168825929867776E-006  -8.7393604501973291E-006  -8.7393604501973291E-006  -8.7393604501973291E-006  -8.7393604501973291E-006  -8.7393604501973291E-006  -8.7393604501973291E-006  -8.7393604501973291E-006
  -4.3549297083972702E-004  -4.5922447246244020E-004  -5.5356658644436596E-004  -4.3549297083972702E-004  -4.6203712980685282E-004  -4.3549297083972702E-004  -4.3549297083972702E-004  -4.3523645792493135E-004  -4.9177742245532700E-004  -4.3403450505315519E-004  -4.4052993098065622E-004  -5.1211544644433121E-004  -4.3580163112272958E-004  -4.3549297083972702E-004  -4.3549297083972702E-004  -4.3549297083972702E-004  -4.3549297083972702E-004  -4.3549297083972702E-004  -4.3549297083972702E-004  -4.3549297083972702E-004  -5.6041042841445453E-004  -4.3549297083972702E-004  -4.3549297083972702E-004  -4.3549297083972702E-004  -4.3549297083972702E-004  -4.3549297083972702E-004  -4.3549297083972702E-004  -4.3549297083972702E-004
  -4.8766966340073941       -4.9697180862630805       -9.2247199914035924       -4.8766966340073941       -6.5132574379015491       -4.8766966340073941       -4.8766966340073941       -4.9528046885055499       -7.3201536209384956       -4.9006083208848645       -4.7429071548351036       -7.9831941157607798       -4.8791899350988670       -4.8766966340073941       -4.8766966340073941       -4.8766966340073941       -4.8766966340073941       -4.8766966340073941       -4.8766966340073941       -4.8766966340073941       -10.306427472083246       -4.8766966340073941       -4.8766966340073941       -4.8766966340073941       -4.8766966340073941       -4.8766966340073941       -4.8766966340073941       -4.8766966340073941     
 -0.99852456358949437      -0.99853178266287945      -0.99851965639050888      -0.99852456358949437      -0.99852233033251681      -0.99852456358949437      -0.99852456358949437      -0.99852864107228667      -0.99852758992389801      -0.99852340143795892      -0.99897818393597715      -0.99852513518976638      -0.99852342575924857      -0.99852456358949437      -0.99852456358949437      -0.99852456358949437      -0.99852456358949437      -0.99852456358949437      -0.99852456358949437      -0.99852456358949437      -0.99794909683229116      -0.99852456358949437      -0.99852456358949437      -0.99852456358949437      -0.99852456358949437      -0.99852456358949437      -0.99852456358949437      -0.99852456358949437     
  0.99992261840580510       0.99992438966664066       0.99994536206916318       0.99992261840580510       0.99993134257760574       0.99992261840580510       0.99992261840580510       0.99992454188975832       0.99995157212358277       0.99992679725957789        1.0003918385393415       0.99993694125635735       0.99992233065929081       0.99992261840580510       0.99992261840580510       0.99992261840580510       0.99992261840580510       0.99992261840580510       0.99992261840580510       0.99992261840580510       0.99947918770484401       0.99992261840580510       0.99992261840580510       0.99992261840580510       0.99992261840580510       0.99992261840580510       0.99992261840580510       0.99992261840580510     
  0.12527218408525484       0.12526873320270135       0.12529236917764494       0.12527218408525484       0.12527815887705523       0.12527218408525484       0.12527218408525484       0.12288590149105012       0.12527816362564706       0.12527194594178240       0.12572152582786295       0.12409041575528128       0.12527219917937671       0.12527218408525484       0.12527218408525484       0.12527218408525484       0.12527218408525484       0.12527218408525484       0.12527218408525484       0.12527218408525484       0.14266239704731978       0.12527218408525484       0.12527218408525484       0.12527218408525484       0.12527218408525484       0.12527218408525484       0.12527218408525484       0.12527218408525484     
   3.4038013888614133E-002   3.4040747125595516E-002   3.3151927476466482E-002   3.4038013888614133E-002   3.4051257674297938E-002   3.4038013888614133E-002   3.4038013888614133E-002   3.4038970876016220E-002   3.2211911760137164E-002   3.4038196395110715E-002   3.4488997777677180E-002   3.3449473746022862E-002   3.4038039494504242E-002   3.4038013888614133E-002   3.4038013888614133E-002   3.4038013888614133E-002   3.4038013888614133E-002   3.4038013888614133E-002   3.4038013888614133E-002   3.4038013888614133E-002   4.4937858748652214E-002   3.4038013888614133E-002   3.4038013888614133E-002   3.4038013888614133E-002   3.4038013888614133E-002   3.4038013888614133E-002   3.4038013888614133E-002   3.4038013888614133E-002
  -6.3511628059045617E-004  -6.3058511234335144E-004  -6.4041997459082409E-004  -6.3511628059045617E-004  -6.3585140943267569E-004  -6.3511628059045617E-004  -6.3511628059045617E-004  -6.3486545925134526E-004  -6.3718965438348471E-004  -3.4517925349834014E-004  -1.8290362239271405E-004  -6.3568370912488138E-004  -6.3509588727850654E-004  -6.3511628059045617E-004  -6.3511628059045617E-004  -6.3511628059045617E-004  -6.3511628059045617E-004  -6.3511628059045617E-004  -6.3511628059045617E-004  -6.3511628059045617E-004  -1.0141057029774514E-003  -6.3511628059045617E-004  -6.3511628059045617E-004  -6.3511628059045617E-004  -6.3511628059045617E-004  -6.3511628059045617E-004  -6.3511628059045617E-004  -6.3511628059045617E-004
   2.6755122093195188E-006  -4.7500749704360244E-007   1.1263042008462549E-005   2.6755122093195188E-006   2.2964984370566704E-006   2.6755122093195188E-006   2.6755122093195188E-006   2.2170485005962950E-006   4.5161132745003436E-006   2.3905859312489167E-006   5.0662210449677881E-006   1.8944372546898375E-006   2.1501337200847455E-006   2.6755122093195188E-006   2.6755122093195188E-006   2.6755122093195188E-006   2.6755122093195188E-006   2.6755122093195188E-006   2.6755122093195188E-006   2.6755122093195188E-006  -1.0941078880256504E-005   2.6755122093195188E-006   2.6755122093195188E-006   2.6755122093195188E-006   2.6755122093195188E-006   2.6755122093195188E-006   2.6755122093195188E-006   2.6755122093195188E-006
   6.8739122237972442E-004   7.3872218735771163E-004   6.8786358382185559E-004   6.8739122237972442E-004   6.8717806167553077E-004   6.8739122237972442E-004   6.8739122237972442E-004   6.8768093433387424E-004   6.8634951333968201E-004   6.8766492172204802E-004   6.8969109955142036E-004   6.8887665611585853E-004   6.8727700526395672E-004   6.8739122237972442E-004   6.8739122237972442E-004   6.8739122237972442E-004   6.8739122237972442E-004   6.8739122237972442E-004   6.8739122237972442E-004   6.8739122237972442E-004   6.7560138342142098E-004   6.8739122237972442E-004   6.8739122237972442E-004   6.8739122237972442E-004   6.8739122237972442E-004   6.8739122237972442E-004   6.8739122237972442E-004   6.8739122237972442E-004
   9.0617777685289742E-004   9.0631047983434057E-004   9.6308619809506839E-004   9.0617777685289742E-004   9.0578229209700896E-004   9.0617777685289742E-004   9.0617777685289742E-004   9.0578482337691393E-004   9.0693071316800395E-004   9.0622910570976694E-004   9.0565333523795531E-004   9.0616151949948483E-004   9.0587075775069316E-004   9.0617777685289742E-004   9.0617777685289742E-004   9.0617777685289742E-004   9.0617777685289742E-004   9.0617777685289742E-004   9.0617777685289742E-004   9.0617777685289742E-004   8.6871744192422917E-004   9.0617777685289742E-004   9.0617777685289742E-004   9.0617777685289742E-004   9.0617777685289742E-004   9.0617777685289742E-004   9.0617777685289742E-004   9.0617777685289742E-004
   8.1589455734424896E-005   8.3445447141027693E-005   8.8642757412377076E-005   8.1589455734424896E-005   8.1581186908772927E-005   8.1589455734424896E-005   8.1589455734424896E-005   8.2516243026866285E-005   8.2586750705856038E-005   8.1513377605855442E-005   8.1522573802789351E-005   8.2199123850962503E-005   8.1389145260501831E-005   8.1589455734424896E-005   8.1589455734424896E-005   8.1589455734424896E-005   8.1589455734424896E-005   8.1589455734424896E-005   8.1589455734424896E-005   8.1589455734424896E-005   6.9835364405672356E-005   8.1589455734424896E-005   8.1589455734424896E-005   8.1589455734424896E-005   8.1589455734424896E-005   8.1589455734424896E-005   8.1589455734424896E-005   8.1589455734424896E-005
  -1.3244087048601338E-003  -1.3248086405446070E-003  -1.3377409697535995E-003  -1.3244087048601338E-003  -1.3221429423702835E-003  -1.3244087048601338E-003  -1.3244087048601338E-003  -1.3229738794882297E-003  -1.3052491297871464E-003  -1.3195020825528181E-003  -1.3059366101437343E-003  -1.3300506183539223E-003  -1.3247643568319236E-003  -1.3244087048601338E-003  -1.3244087048601338E-003  -1.3244087048601338E-003  -1.3244087048601338E-003  -1.3244087048601338E-003  -1.3244087048601338E-003  -1.3244087048601338E-003  -1.2710236495553713E-003  -1.3244087048601338E-003  -1.3244087048601338E-003  -1.3244087048601338E-003  -1.3244087048601338E-003  -1.3244087048601338E-003  -1.3244087048601338E-003  -1.3244087048601338E-003
  -1.0000000000000000       -1.0000000000000000       -1.0000000000000000       -1.0000000000000000       -1.0000000000000000       -1.0000000000000000       -1.0000000000000000       -1.0000000000000000       -1.0000000000000000       -1.0000000000000000       -1.0000000000000000       -1.0000000000000000       -1.0000000000000000       -1.0000000000000000       -1.0000000000000000       -1.0000000000000000       -1.0000000000000000       -1.0000000000000000       -1.0000000000000000       -1.0000000000000000       -1.0000000000000000       -1.0000000000000000       -1.0000000000000000       -1.0000000000000000       -1.0000000000000000       -1.0000000000000000       -1.0000000000000000       -1.0000000000000000     
  -1.0000000000000000       -1.0000000000000000       -1.0000000000000000       -1.0000000000000000       -1.0000000000000000       -1.0000000000000000       -1.0000000000000000       -1.0000000000000000       -1.0000000000000000       -1.0000000000000000       -1.0000000000000000       -1.0000000000000000       -1.0000000000000000       -1.0000000000000000       -1.0000000000000000       -1.0000000000000000       -1.0000000000000000       -1.0000000000000000       -1.0000000000000000       -1.0000000000000000       -1.0000000000000000       -1.0000000000000000       -1.0000000000000000       -1.0000000000000000       -1.0000000000000000       -1.0000000000000000       -1.0000000000000000       -1.0000000000000000     
  -1.0000000000000000       -1.0000000000000000       -1.0000000000000000       -1.0000000000000000       -1.0000000000000000       -1.0000000000000000       -1.0000000000000000       -1.0000000000000000       -1.0000000000000000       -1.0000000000000000       -1.0000000000000000       -1.0000000000000000       -1.0000000000000000       -1.0000000000000000       -1.0000000000000000       -1.0000000000000000       -1.0000000000000000       -1.0000000000000000       -1.0000000000000000       -1.0000000000000000       -1.0000000000000000       -1.0000000000000000       -1.0000000000000000       -1.0000000000000000       -1.0000000000000000       -1.0000000000000000       -1.0000000000000000       -1.0000000000000000     
  -1.0000000000000000       -1.0000000000000000       -1.0000000000000000       -1.0000000000000000       -1.0000000000000000       -1.0000000000000000       -1.0000000000000000       -1.0000000000000000       -1.0000000000000000       -1.0000000000000000       -1.0000000000000000       -1.0000000000000000       -1.0000000000000000       -1.0000000000000000       -1.0000000000000000       -1.0000000000000000       -1.0000000000000000       -1.0000000000000000       -1.0000000000000000       -1.0000000000000000       -1.0000000000000000       -1.0000000000000000       -1.0000000000000000       -1.0000000000000000       -1.0000000000000000       -1.0000000000000000       -1.0000000000000000       -1.0000000000000000     
  -1.0000000000000000       -1.0000000000000000       -1.0000000000000000       -1.0000000000000000       -1.0000000000000000       -1.0000000000000000       -1.0000000000000000       -1.0000000000000000       -1.0000000000000000       -1.0000000000000000       -1.0000000000000000       -1.0000000000000000       -1.0000000000000000       -1.0000000000000000       -1.0000000000000000       -1.0000000000000000       -1.0000000000000000       -1.0000000000000000       -1.0000000000000000       -1.0000000000000000       -1.0000000000000000       -1.0000000000000000       -1.0000000000000000       -1.0000000000000000       -1.0000000000000000       -1.0000000000000000       -1.0000000000000000       -1.0000000000000000     
  -1.0000000000000000       -1.0000000000000000       -1.0000000000000000       -1.0000000000000000       -1.0000000000000000       -1.0000000000000000       -1.0000000000000000       -1.0000000000000000       -1.0000000000000000       -1.0000000000000000       -1.0000000000000000       -1.0000000000000000       -1.0000000000000000       -1.0000000000000000       -1.0000000000000000       -1.0000000000000000       -1.0000000000000000       -1.0000000000000000       -1.0000000000000000       -1.0000000000000000       -1.0000000000000000       -1.0000000000000000       -1.0000000000000000       -1.0000000000000000       -1.0000000000000000       -1.0000000000000000       -1.0000000000000000       -1.0000000000000000     
  -1.0000000000000000       -1.0000000000000000       -1.0000000000000000       -1.0000000000000000       -1.0000000000000000       -1.0000000000000000       -1.0000000000000000       -1.0000000000000000       -1.0000000000000000       -1.0000000000000000       -1.0000000000000000       -1.0000000000000000       -1.0000000000000000       -1.0000000000000000       -1.0000000000000000       -1.0000000000000000       -1.0000000000000000       -1.0000000000000000       -1.0000000000000000       -1.0000000000000000       -1.0000000000000000       -1.0000000000000000       -1.0000000000000000       -1.0000000000000000       -1.0000000000000000       -1.0000000000000000       -1.0000000000000000       -1.0000000000000000     
  -1.0000000000000000       -1.0000000000000000       -1.0000000000000000       -1.0000000000000000       -1.0000000000000000       -1.0000000000000000       -1.0000000000000000       -1.0000000000000000       -1.0000000000000000       -1.0000000000000000       -1.0000000000000000       -1.0000000000000000       -1.0000000000000000       -1.0000000000000000       -1.0000000000000000       -1.0000000000000000       -1.0000000000000000       -1.0000000000000000       -1.0000000000000000       -1.0000000000000000       -1.0000000000000000       -1.0000000000000000       -1.0000000000000000       -1.0000000000000000       -1.0000000000000000       -1.0000000000000000       -1.0000000000000000       -1.0000000000000000     
  -1.0000000000000000       -1.0000000000000000       -1.0000000000000000       -1.0000000000000000       -1.0000000000000000       -1.0000000000000000       -1.0000000000000000       -1.0000000000000000       -1.0000000000000000       -1.0000000000000000       -1.0000000000000000       -1.0000000000000000       -1.0000000000000000       -1.0000000000000000       -1.0000000000000000       -1.0000000000000000       -1.0000000000000000       -1.0000000000000000       -1.0000000000000000       -1.0000000000000000       -1.0000000000000000       -1.0000000000000000       -1.0000000000000000       -1.0000000000000000       -1.0000000000000000       -1.0000000000000000       -1.0000000000000000       -1.0000000000000000     
  -1.0000000000000000       -1.0000000000000000       -1.0000000000000000       -1.0000000000000000       -1.0000000000000000       -1.0000000000000000       -1.0000000000000000       -1.0000000000000000       -1.0000000000000000       -1.0000000000000000       -1.0000000000000000       -1.0000000000000000       -1.0000000000000000       -1.0000000000000000       -1.0000000000000000       -1.0000000000000000       -1.0000000000000000       -1.0000000000000000       -1.0000000000000000       -1.0000000000000000       -1.0000000000000000       -1.0000000000000000       -1.0000000000000000       -1.0000000000000000       -1.0000000000000000       -1.0000000000000000       -1.0000000000000000       -1.0000000000000000     
  -1.0000000000000000       -1.0000000000000000       -1.0000000000000000       -1.0000000000000000       -1.0000000000000000       -1.0000000000000000       -1.0000000000000000       -1.0000000000000000       -1.0000000000000000       -1.0000000000000000       -1.0000000000000000       -1.0000000000000000       -1.0000000000000000       -1.0000000000000000       -1.0000000000000000       -1.0000000000000000       -1.0000000000000000       -1.0000000000000000       -1.0000000000000000       -1.0000000000000000       -1.0000000000000000       -1.0000000000000000       -1.0000000000000000       -1.0000000000000000       -1.0000000000000000       -1.0000000000000000       -1.0000000000000000       -1.0000000000000000     
  -1.0000000000000000       -1.0000000000000000       -1.0000000000000000       -1.0000000000000000       -1.0000000000000000       -1.0000000000000000       -1.0000000000000000       -1.0000000000000000       -1.0000000000000000       -1.0000000000000000       -1.0000000000000000       -1.0000000000000000       -1.0000000000000000       -1.0000000000000000       -1.0000000000000000       -1.0000000000000000       -1.0000000000000000       -1.0000000000000000       -1.0000000000000000       -1.0000000000000000       -1.0000000000000000       -1.0000000000000000       -1.0000000000000000       -1.0000000000000000       -1.0000000000000000       -1.0000000000000000       -1.0000000000000000       -1.0000000000000000     
  -1.0000000000000000       -1.0000000000000000       -1.0000000000000000       -1.0000000000000000       -1.0000000000000000       -1.0000000000000000       -1.0000000000000000       -1.0000000000000000       -1.0000000000000000       -1.0000000000000000       -1.0000000000000000       -1.0000000000000000       -1.0000000000000000       -1.0000000000000000       -1.0000000000000000       -1.0000000000000000       -1.0000000000000000       -1.0000000000000000       -1.0000000000000000       -1.0000000000000000       -1.0000000000000000       -1.0000000000000000       -1.0000000000000000       -1.0000000000000000       -1.0000000000000000       -1.0000000000000000       -1.0000000000000000       -1.0000000000000000     
  -1.0000000000000000       -1.0000000000000000       -1.0000000000000000       -1.0000000000000000       -1.0000000000000000       -1.0000000000000000       -1.0000000000000000       -1.0000000000000000       -1.0000000000000000       -1.0000000000000000       -1.0000000000000000       -1.0000000000000000       -1.0000000000000000       -1.0000000000000000       -1.0000000000000000       -1.0000000000000000       -1.0000000000000000       -1.0000000000000000       -1.0000000000000000       -1.0000000000000000       -1.0000000000000000       -1.0000000000000000       -1.0000000000000000       -1.0000000000000000       -1.0000000000000000       -1.0000000000000000       -1.0000000000000000       -1.0000000000000000     
  -1.0000000000000000       -1.0000000000000000       -1.0000000000000000       -1.0000000000000000       -1.0000000000000000       -1.0000000000000000       -1.0000000000000000       -1.0000000000000000       -1.0000000000000000       -1.0000000000000000       -1.0000000000000000       -1.0000000000000000       -1.0000000000000000       -1.0000000000000000       -1.0000000000000000       -1.0000000000000000       -1.0000000000000000       -1.0000000000000000       -1.0000000000000000       -1.0000000000000000       -1.0000000000000000       -1.0000000000000000       -1.0000000000000000       -1.0000000000000000       -1.0000000000000000       -1.0000000000000000       -1.0000000000000000       -1.0000000000000000     
  -1.0000000000000000       -1.0000000000000000       -1.0000000000000000       -1.0000000000000000       -1.0000000000000000       -1.0000000000000000       -1.0000000000000000       -1.0000000000000000       -1.0000000000000000       -1.0000000000000000       -1.0000000000000000       -1.0000000000000000       -1.0000000000000000       -1.0000000000000000       -1.0000000000000000       -1.0000000000000000       -1.0000000000000000       -1.0000000000000000       -1.0000000000000000       -1.0000000000000000       -1.0000000000000000       -1.0000000000000000       -1.0000000000000000       -1.0000000000000000       -1.0000000000000000       -1.0000000000000000       -1.0000000000000000       -1.0000000000000000     
  -1.0000000000000000       -1.0000000000000000       -1.0000000000000000       -1.0000000000000000       -1.0000000000000000       -1.0000000000000000       -1.0000000000000000       -1.0000000000000000       -1.0000000000000000       -1.0000000000000000       -1.0000000000000000       -1.0000000000000000       -1.0000000000000000       -1.0000000000000000       -1.0000000000000000       -1.0000000000000000       -1.0000000000000000       -1.0000000000000000       -1.0000000000000000       -1.0000000000000000       -1.0000000000000000       -1.0000000000000000       -1.0000000000000000       -1.0000000000000000       -1.0000000000000000       -1.0000000000000000       -1.0000000000000000       -1.0000000000000000     
  -1.0000000000000000       -1.0000000000000000       -1.0000000000000000       -1.0000000000000000       -1.0000000000000000       -1.0000000000000000       -1.0000000000000000       -1.0000000000000000       -1.0000000000000000       -1.0000000000000000       -1.0000000000000000       -1.0000000000000000       -1.0000000000000000       -1.0000000000000000       -1.0000000000000000       -1.0000000000000000       -1.0000000000000000       -1.0000000000000000       -1.0000000000000000       -1.0000000000000000       -1.0000000000000000       -1.0000000000000000       -1.0000000000000000       -1.0000000000000000       -1.0000000000000000       -1.0000000000000000       -1.0000000000000000       -1.0000000000000000     
  -1.0000000000000000       -1.0000000000000000       -1.0000000000000000       -1.0000000000000000       -1.0000000000000000       -1.0000000000000000       -1.0000000000000000       -1.0000000000000000       -1.0000000000000000       -1.0000000000000000       -1.0000000000000000       -1.0000000000000000       -1.0000000000000000       -1.0000000000000000       -1.0000000000000000       -1.0000000000000000       -1.0000000000000000       -1.0000000000000000       -1.0000000000000000       -1.0000000000000000       -1.0000000000000000       -1.0000000000000000       -1.0000000000000000       -1.0000000000000000       -1.0000000000000000       -1.0000000000000000       -1.0000000000000000       -1.0000000000000000     
  -1.0000000000000000       -1.0000000000000000       -1.0000000000000000       -1.0000000000000000       -1.0000000000000000       -1.0000000000000000       -1.0000000000000000       -1.0000000000000000       -1.0000000000000000       -1.0000000000000000       -1.0000000000000000       -1.0000000000000000       -1.0000000000000000       -1.0000000000000000       -1.0000000000000000       -1.0000000000000000       -1.0000000000000000       -1.0000000000000000       -1.0000000000000000       -1.0000000000000000       -1.0000000000000000       -1.0000000000000000       -1.0000000000000000       -1.0000000000000000       -1.0000000000000000       -1.0000000000000000       -1.0000000000000000       -1.0000000000000000     
  -1.0000000000000000       -1.0000000000000000       -1.0000000000000000       -1.0000000000000000       -1.0000000000000000       -1.0000000000000000       -1.0000000000000000       -1.0000000000000000       -1.0000000000000000       -1.0000000000000000       -1.0000000000000000       -1.0000000000000000       -1.0000000000000000       -1.0000000000000000       -1.0000000000000000       -1.0000000000000000       -1.0000000000000000       -1.0000000000000000       -1.0000000000000000       -1.0000000000000000       -1.0000000000000000       -1.0000000000000000       -1.0000000000000000       -1.0000000000000000       -1.0000000000000000       -1.0000000000000000       -1.0000000000000000       -1.0000000000000000     
  -1.0000000000000000       -1.0000000000000000       -1.0000000000000000       -1.0000000000000000       -1.0000000000000000       -1.0000000000000000       -1.0000000000000000       -1.0000000000000000       -1.0000000000000000       -1.0000000000000000       -1.0000000000000000       -1.0000000000000000       -1.0000000000000000       -1.0000000000000000       -1.0000000000000000       -1.0000000000000000       -1.0000000000000000       -1.0000000000000000       -1.0000000000000000       -1.0000000000000000       -1.0000000000000000       -1.0000000000000000       -1.0000000000000000       -1.0000000000000000       -1.0000000000000000       -1.0000000000000000       -1.0000000000000000       -1.0000000000000000     
  -1.0000000000000000       -1.0000000000000000       -1.0000000000000000       -1.0000000000000000       -1.0000000000000000       -1.0000000000000000       -1.0000000000000000       -1.0000000000000000       -1.0000000000000000       -1.0000000000000000       -1.0000000000000000       -1.0000000000000000       -1.0000000000000000       -1.0000000000000000       -1.0000000000000000       -1.0000000000000000       -1.0000000000000000       -1.0000000000000000       -1.0000000000000000       -1.0000000000000000       -1.0000000000000000       -1.0000000000000000       -1.0000000000000000       -1.0000000000000000       -1.0000000000000000       -1.0000000000000000       -1.0000000000000000       -1.0000000000000000     
  -1.0000000000000000       -1.0000000000000000       -1.0000000000000000       -1.0000000000000000       -1.0000000000000000       -1.0000000000000000       -1.0000000000000000       -1.0000000000000000       -1.0000000000000000       -1.0000000000000000       -1.0000000000000000       -1.0000000000000000       -1.0000000000000000       -1.0000000000000000       -1.0000000000000000       -1.0000000000000000       -1.0000000000000000       -1.0000000000000000       -1.0000000000000000       -1.0000000000000000       -1.0000000000000000       -1.0000000000000000       -1.0000000000000000       -1.0000000000000000       -1.0000000000000000       -1.0000000000000000       -1.0000000000000000       -1.0000000000000000     
  -1.0000000000000000       -1.0000000000000000       -1.0000000000000000       -1.0000000000000000       -1.0000000000000000       -1.0000000000000000       -1.0000000000000000       -1.0000000000000000       -1.0000000000000000       -1.0000000000000000       -1.0000000000000000       -1.0000000000000000       -1.0000000000000000       -1.0000000000000000       -1.0000000000000000       -1.0000000000000000       -1.0000000000000000       -1.0000000000000000       -1.0000000000000000       -1.0000000000000000       -1.0000000000000000       -1.0000000000000000       -1.0000000000000000       -1.0000000000000000       -1.0000000000000000       -1.0000000000000000       -1.0000000000000000       -1.0000000000000000     
  -1.0000000000000000       -1.0000000000000000       -1.0000000000000000       -1.0000000000000000       -1.0000000000000000       -1.0000000000000000       -1.0000000000000000       -1.0000000000000000       -1.0000000000000000       -1.0000000000000000       -1.0000000000000000       -1.0000000000000000       -1.0000000000000000       -1.0000000000000000       -1.0000000000000000       -1.0000000000000000       -1.0000000000000000       -1.0000000000000000       -1.0000000000000000       -1.0000000000000000       -1.0000000000000000       -1.0000000000000000       -1.0000000000000000       -1.0000000000000000       -1.0000000000000000       -1.0000000000000000       -1.0000000000000000       -1.0000000000000000     
  -1.0000000000000000       -1.0000000000000000       -1.0000000000000000       -1.0000000000000000       -1.0000000000000000       -1.0000000000000000       -1.0000000000000000       -1.0000000000000000       -1.0000000000000000       -1.0000000000000000       -1.0000000000000000       -1.0000000000000000       -1.0000000000000000       -1.0000000000000000       -1.0000000000000000       -1.0000000000000000       -1.0000000000000000       -1.0000000000000000       -1.0000000000000000       -1.0000000000000000       -1.0000000000000000       -1.0000000000000000       -1.0000000000000000       -1.0000000000000000       -1.0000000000000000       -1.0000000000000000       -1.0000000000000000       -1.0000000000000000     
  -1.0000000000000000       -1.0000000000000000       -1.0000000000000000       -1.0000000000000000       -1.0000000000000000       -1.0000000000000000       -1.0000000000000000       -1.0000000000000000       -1.0000000000000000       -1.0000000000000000       -1.0000000000000000       -1.0000000000000000       -1.0000000000000000       -1.0000000000000000       -1.0000000000000000       -1.0000000000000000       -1.0000000000000000       -1.0000000000000000       -1.0000000000000000       -1.0000000000000000       -1.0000000000000000       -1.0000000000000000       -1.0000000000000000       -1.0000000000000000       -1.0000000000000000       -1.0000000000000000       -1.0000000000000000       -1.0000000000000000     
  -1.0000000000000000       -1.0000000000000000       -1.0000000000000000       -1.0000000000000000       -1.0000000000000000       -1.0000000000000000       -1.0000000000000000       -1.0000000000000000       -1.0000000000000000       -1.0000000000000000       -1.0000000000000000       -1.0000000000000000       -1.0000000000000000       -1.0000000000000000       -1.0000000000000000       -1.0000000000000000       -1.0000000000000000       -1.0000000000000000       -1.0000000000000000       -1.0000000000000000       -1.0000000000000000       -1.0000000000000000       -1.0000000000000000       -1.0000000000000000       -1.0000000000000000       -1.0000000000000000       -1.0000000000000000       -1.0000000000000000     
  -1.0000000000000000       -1.0000000000000000       -1.0000000000000000       -1.0000000000000000       -1.0000000000000000       -1.0000000000000000       -1.0000000000000000       -1.0000000000000000       -1.0000000000000000       -1.0000000000000000       -1.0000000000000000       -1.0000000000000000       -1.0000000000000000       -1.0000000000000000       -1.0000000000000000       -1.0000000000000000       -1.0000000000000000       -1.0000000000000000       -1.0000000000000000       -1.0000000000000000       -1.0000000000000000       -1.0000000000000000       -1.0000000000000000       -1.0000000000000000       -1.0000000000000000       -1.0000000000000000       -1.0000000000000000       -1.0000000000000000     
  -1.0000000000000000       -1.0000000000000000       -1.0000000000000000       -1.0000000000000000       -1.0000000000000000       -1.0000000000000000       -1.0000000000000000       -1.0000000000000000       -1.0000000000000000       -1.0000000000000000       -1.0000000000000000       -1.0000000000000000       -1.0000000000000000       -1.0000000000000000       -1.0000000000000000       -1.0000000000000000       -1.0000000000000000       -1.0000000000000000       -1.0000000000000000       -1.0000000000000000       -1.0000000000000000       -1.0000000000000000       -1.0000000000000000       -1.0000000000000000       -1.0000000000000000       -1.0000000000000000       -1.0000000000000000       -1.0000000000000000     
  -1.0000000000000000       -1.0000000000000000       -1.0000000000000000       -1.0000000000000000       -1.0000000000000000       -1.0000000000000000       -1.0000000000000000       -1.0000000000000000       -1.0000000000000000       -1.0000000000000000       -1.0000000000000000       -1.0000000000000000       -1.0000000000000000       -1.0000000000000000       -1.0000000000000000       -1.0000000000000000       -1.0000000000000000       -1.0000000000000000       -1.0000000000000000       -1.0000000000000000       -1.0000000000000000       -1.0000000000000000       -1.0000000000000000       -1.0000000000000000       -1.0000000000000000       -1.0000000000000000       -1.0000000000000000       -1.0000000000000000     
  -1.0000000000000000       -1.0000000000000000       -1.0000000000000000       -1.0000000000000000       -1.0000000000000000       -1.0000000000000000       -1.0000000000000000       -1.0000000000000000       -1.0000000000000000       -1.0000000000000000       -1.0000000000000000       -1.0000000000000000       -1.0000000000000000       -1.0000000000000000       -1.0000000000000000       -1.0000000000000000       -1.0000000000000000       -1.0000000000000000       -1.0000000000000000       -1.0000000000000000       -1.0000000000000000       -1.0000000000000000       -1.0000000000000000       -1.0000000000000000       -1.0000000000000000       -1.0000000000000000       -1.0000000000000000       -1.0000000000000000     
  -1.0000000000000000       -1.0000000000000000       -1.0000000000000000       -1.0000000000000000       -1.0000000000000000       -1.0000000000000000       -1.0000000000000000       -1.0000000000000000       -1.0000000000000000       -1.0000000000000000       -1.0000000000000000       -1.0000000000000000       -1.0000000000000000       -1.0000000000000000       -1.0000000000000000       -1.0000000000000000       -1.0000000000000000       -1.0000000000000000       -1.0000000000000000       -1.0000000000000000       -1.0000000000000000       -1.0000000000000000       -1.0000000000000000       -1.0000000000000000       -1.0000000000000000       -1.0000000000000000       -1.0000000000000000       -1.0000000000000000     
   33.019575581217332        33.019575581217332        33.019575581217332        33.019575581217332        33.019575581217332        33.019575581217332        33.019575581217332        33.019575581217332        33.019575581217332        33.019575581217332        33.019575581217332        33.019575581217332        33.019575581217332        33.019575581219556        33.019575602897099        33.019583612961789        33.019580893876721        33.019581973666753        33.019575623090127        33.019588590090400        33.019575581217332        32.802025399013502        32.706354535658491        32.734241790318023        32.835097755873598        32.220329256804327        32.306601059404016        34.405457219255226     
   33.192077917560020        33.192077917560020        33.192077917560020        33.192077917560020        33.192077917560020        33.192077917560020        33.192077917560020        33.192077917560020        33.192077917560020        33.192077917560020        33.192077917560020        33.192077917560020        33.192077917560020        33.192077917564994        33.192078015166565        33.192124321663044        33.192108540879595        33.192122014417045        33.192078170357995        33.192149569505162        33.192077917560020        32.973561820083511        32.877592256984315        32.887718911940965        32.996348651211854        32.388869333771112        32.475834944179063        34.595486123008165     
   3517.8665631197719        3517.8665631197719        3517.8665631197719        3517.8665631197719        3517.8665631197719        3517.8665631197719        3517.8665631197719        3517.8665631197719        3517.8665631197719        3517.8665631197719        3517.8665631197719        3517.8665631197719        3517.8665631197719        3517.8665631199465        3517.8665654342826        3517.8674796970681        3517.8671561697411        3517.8672857338370        3517.8665677984263        3517.8679932098607        3517.8665631197719        3495.5405885535047        3486.4016225071177        3488.3744684769204        3499.1602613103150        3379.5411267167351        3396.4307602876083        3718.2883491483708     
   5.8624968288841638E-002   5.8624968288841638E-002   5.8624968288841638E-002   5.8624968288841638E-002   5.8624968288841638E-002   5.8624968288841638E-002   5.8624968288841638E-002   5.8624968288841638E-002   5.8624968288841638E-002   5.8624968288841638E-002   5.8624968288841638E-002   5.8624968288841638E-002   5.8624968288841638E-002   5.8624968288674167E-002   5.8624964416610734E-002   5.8622862672901975E-002   5.8623571876880144E-002   5.8622849371654538E-002   5.8624956614801348E-002   5.8621708848757385E-002   5.8624968288841638E-002   5.8262021905147565E-002   5.8122023366294330E-002   5.4508683187238179E-002   5.6064532324979550E-002   5.8447831710696695E-002   5.8464108464733655E-002   6.1890374316823774E-002
  0.13905929404658868       0.13905929404658868       0.13905929404658868       0.13905929404658868       0.13905929404658868       0.13905929404658868       0.13905929404658868       0.13905929404658868       0.13905929404658868       0.13905929404658868       0.13905929404658868       0.13905929404658868       0.13905929404658868       0.13905929404610229       0.13905928947050336       0.13905710124007650       0.13905782569118624       0.13905707916181403       0.13905928169723733       0.13905575920084329       0.13905929404658868       0.13812479012536555       0.13770217548340824       0.13586718741167719       0.13691037490410138       0.13860443120330765       0.13862698279676369       0.14302570080891236     
  0.57896758916478297       0.57896758916478297       0.57896758916478297       0.57896758916478297       0.57896758916478297       0.57896758916478297       0.57896758916478297       0.57896758916478297       0.57896758916478297       0.57896758916478297       0.57896758916478297       0.57896758916478297       0.57896758916478297       0.57896758916466706       0.57896758753980115       0.57896702346523665       0.57896721023986286       0.57896712268420847       0.57896758614573918       0.57896668713503119       0.57896758916478297       0.58171100935689413       0.58288580768660148       0.59646700284742160       0.59012131072294416       0.58030415094000909       0.58021741739965282       0.56240510738991478     
  0.13912942218302984       0.13912942218302984       0.13912942218302984       0.13912942218302984       0.13912942218302984       0.13912942218302984       0.13912942218302984       0.13912942218302984       0.13912942218302984       0.13912942218302984       0.13912942218302984       0.13912942218302984       0.13912942218302984       0.13912942218354599       0.13912942579979576       0.13913114945250105       0.13913058591158703       0.13913118895541765       0.13912943200413153       0.13913229187974324       0.13912942218302984       0.13819457098264071       0.13777185121859123       0.13593631720304075       0.13697986559383332       0.13867439212981736       0.13869696838731918       0.14309477895238337     
   5.8692769079195538E-002   5.8692769079195538E-002   5.8692769079195538E-002   5.8692769079195538E-002   5.8692769079195538E-002   5.8692769079195538E-002   5.8692769079195538E-002   5.8692769079195538E-002   5.8692769079195538E-002   5.8692769079195538E-002   5.8692769079195538E-002   5.8692769079195538E-002   5.8692769079195538E-002   5.8692769079392762E-002   5.8692772699908538E-002   5.8694549711941116E-002   5.8693956221848947E-002   5.8694505708067918E-002   5.8692778916000284E-002   5.8695565778385125E-002   5.8692769079195538E-002   5.8329526447105318E-002   5.8189473889890889E-002   5.4572856037798018E-002   5.6130444399594089E-002   5.8515489472024583E-002   5.8531798274308655E-002   6.1958574368945307E-002
  0.41128411313743873       0.41128411313743873       0.41128411313743873       0.41128411313743873       0.41128411313743873       0.41128411313743873       0.41128411313743873       0.41128411313743873       0.41128411313743873       0.41128411313743873       0.41128411313743873       0.41128411313743873       0.41128411313743873       0.41128411313738589       0.41128411274958948       0.41128398061141641       0.41128402331710878       0.41128400669788329       0.41128411242978918       0.41128388887444312       0.41128411313743873       0.41532634816597153       0.41723807094764181       0.41654218517752034       0.41475405255262537       0.41586552917172886       0.41556578064799549       0.39599260536771719     
  0.15892906242297125       0.15892906242297125       0.15892906242297125       0.15892906242297125       0.15892906242297125       0.15892906242297125       0.15892906242297125       0.15892906242297125       0.15892906242297125       0.15892906242297125       0.15892906242297125       0.15892906242297125       0.15892906242297125       0.15892906242298968       0.15892906252894756       0.15892909562513513       0.15892908542390385       0.15892908924208651       0.15892906260432585       0.15892912113797064       0.15892906242297125       0.15779240295299304       0.15721761121215586       0.15746347856675008       0.15794252144635904       0.16016750950083336       0.15999868968490480       0.16071731930029470     
  0.13004034551286467       0.13004034551286467       0.13004034551286467       0.13004034551286467       0.13004034551286467       0.13004034551286467       0.13004034551286467       0.13004034551286467       0.13004034551286467       0.13004034551286467       0.13004034551286467       0.13004034551286467       0.13004034551286467       0.13004034551287791       0.13004034559868605       0.13004037357160894       0.13004036479102568       0.13004036815853129       0.13004034566471379       0.13004039417911775       0.13004034551286467       0.12912863333736266       0.12868260394482084       0.12885924686882827       0.12925304652782391       0.13013652491315700       0.13006207019103611       0.13234234592488597     
  0.10656912888421155       0.10656912888421155       0.10656912888421155       0.10656912888421155       0.10656912888421155       0.10656912888421155       0.10656912888421155       0.10656912888421155       0.10656912888421155       0.10656912888421155       0.10656912888421155       0.10656912888421155       0.10656912888421155       0.10656912888422104       0.10656912895402698       0.10656915261748114       0.10656914505217507       0.10656914801016315       0.10656912901148870       0.10656916928611594       0.10656912888421155       0.10583601932228220       0.10548885295662239       0.10561528680232467       0.10593927106987062       0.10591269932834953       0.10591569516576979       0.10913912740371876     
   8.3266356671402170E-002   8.3266356671402170E-002   8.3266356671402170E-002   8.3266356671402170E-002   8.3266356671402170E-002   8.3266356671402170E-002   8.3266356671402170E-002   8.3266356671402170E-002   8.3266356671402170E-002   8.3266356671402170E-002   8.3266356671402170E-002   8.3266356671402170E-002   8.3266356671402170E-002   8.3266356671408442E-002   8.3266356725651719E-002   8.3266375945846488E-002   8.3266369658301698E-002   8.3266372161028307E-002   8.3266356773612868E-002   8.3266388756261620E-002   8.3266356671402170E-002   8.2706292572364865E-002   8.2451441804474779E-002   8.2534084206667843E-002   8.2788222361022762E-002   8.2051940634056367E-002   8.2128043879281784E-002   8.5938290088429251E-002
   6.5199070031077666E-002   6.5199070031077666E-002   6.5199070031077666E-002   6.5199070031077666E-002   6.5199070031077666E-002   6.5199070031077666E-002   6.5199070031077666E-002   6.5199070031077666E-002   6.5199070031077666E-002   6.5199070031077666E-002   6.5199070031077666E-002   6.5199070031077666E-002   6.5199070031077666E-002   6.5199070031081816E-002   6.5199070073470741E-002   6.5199085703632031E-002   6.5199080472037374E-002   6.5199082579212739E-002   6.5199070113265950E-002   6.5199095568570772E-002   6.5199070031077666E-002   6.4769742223916488E-002   6.4581847158066308E-002   6.4635270721109195E-002   6.4834865748920278E-002   6.3712125728733637E-002   6.3837860766555107E-002   6.7808439606795237E-002
   2.4977934303177150E-002   2.4977934303177150E-002   2.4977934303177150E-002   2.4977934303177150E-002   2.4977934303177150E-002   2.4977934303177150E-002   2.4977934303177150E-002   2.4977934303177150E-002   2.4977934303177150E-002   2.4977934303177150E-002   2.4977934303177150E-002   2.4977934303177150E-002   2.4977934303177150E-002   2.4977934303177948E-002   2.4977934319660524E-002   2.4977941228455144E-002   2.4977938700151005E-002   2.4977939720521768E-002   2.4977934337897439E-002   2.4977944759489952E-002   2.4977934303177150E-002   2.4825243308801839E-002   2.4767555537214780E-002   2.4774754076856576E-002   2.4851609035885420E-002   2.3630423406020236E-002   2.3803619742766815E-002   2.6763188333108621E-002
  0.31547185515064596       0.31547185515064596       0.31547185515064596       0.31547185515064596       0.31547185515064596       0.31547185515064596       0.31547185515064596       0.31547185515064596       0.31547185515064596       0.31547185515064596       0.31547185515064596       0.31547185515064596       0.31547185515064596       0.31547185515055887       0.31547185441220893       0.31547160366550608       0.31547168490334671       0.31547165103706915       0.31547185380410159       0.31547143593173443       0.31547185515064596       0.32015926268000261       0.32236401358367306       0.32480944513003451       0.32158716425792061       0.31895335214523851       0.31879954905974561       0.29771878338058488     
  0.44009327922943881       0.44009327922943881       0.44009327922943881       0.44009327922943881       0.44009327922943881       0.44009327922943881       0.44009327922943881       0.44009327922943881       0.44009327922943881       0.44009327922943881       0.44009327922943881       0.44009327922943881       0.44009327922943881       0.44009327922950497       0.44009327976540918       0.44009353473060753       0.44009345273783967       0.44009353639905652       0.44009328067761377       0.44009370154694744       0.44009327922943881       0.44008391103770766       0.44008034176496402       0.43991574906182807       0.43998272494974505       0.44008870318655041       0.44008913683243006       0.44022393414721739     
   13.764443324878808        13.764443324878808        13.764443324878808        13.764443324878808        13.764443324878808        13.764443324878808        13.764443324878808        13.764443324878808        13.764443324878808        13.764443324878808        13.764443324878808        13.764443324878808        13.764443324878808        13.764443324880354        13.764443332368014        13.764445936323193        13.764445098410354        13.764445336009320        13.764443338644295        13.764447970218706        13.764443324878808        13.665533930138233        13.615596008918002        13.636644006558006        13.678370149603312        13.421383510731671        13.445747566403771        14.374824763770294     
   1.0023636728360921        1.0023636728360921        1.0023636728360921        1.0023636728360921        1.0023636728360921        1.0023636728360921        1.0023636728360921        1.0023636728360921        1.0023636728360921        1.0023636728360921        1.0023636728360921        1.0023636728360921        1.0023636728360921        1.0023636728362810        1.0023636734157995        1.0023638904254564        1.0023638929926841        1.0023638578938616        1.0023636744580340        1.0023642252237532        1.0023636728360921        1.0023439235417793        1.0023329946659947        1.0020260544579727        1.0021233953457336        1.0023540209702779        1.0023538544995667        1.0026221626394800     
   27.288408049273180        27.288408049273180        27.288408049273180        27.288408049273180        27.288408049273180        27.288408049273180        27.288408049273180        27.288408049273180        27.288408049273180        27.288408049273180        27.288408049273180        27.288408049273180        27.288408049273180        27.288408049277571        27.288408058221204        27.288410364344763        27.288410404776368        27.288409061803080        27.288408064849012        27.288415489188711        27.288408049273180        27.038271294153652        26.879353563766877        26.970615499485145        27.054639139240120        26.538438990747974        26.508661995940511        28.719865943662178     
   4.0148057364061556        4.0148199355240726        4.0129513020685579        4.0147667974215198        4.0147587957861548        4.0148057627928369        4.0148057364061556        4.0145987022213401        4.0135574668682628        4.0183569513456128        4.0067055148246515        4.0131700171777291        4.0145492119559076        4.0148057364061556        4.0148057364061556        4.0148057364061556        4.0148057364061556        4.0148057364061556        4.0148057364061556        4.0148057364061556        4.0440516463255927        4.0148057364061556        4.0148057364061556        4.0148057364061556        4.0148057364061556        4.0148057364061556        4.0148057364061556        4.0148057364061556     
   2.2979862079439726        2.2980254099669524        2.2952980004903978        2.2979102409550700        2.2979312451881997        2.2979862193334397        2.2979862079439726        2.2977690002367583        2.2961595953054905        2.3023194348784677        2.2870168137687923        2.2958575262680849        2.2976936019146725        2.2979862079439726        2.2979862079439726        2.2979862079439726        2.2979862079439726        2.2979862079439726        2.2979862079439726        2.2979862079439726        2.3385342357154233        2.2979862079439726        2.2979862079439726        2.2979862079439726        2.2979862079439726        2.2979862079439726        2.2979862079439726        2.2979862079439726     
   2.2547872521679952        2.2547997892039460        2.2528311858926831        2.2547440849510636        2.2547379396487903        2.2547872649984004        2.2547872521679952        2.2546158196449673        2.2533489715021640        2.2579630918454900        2.2478165917678954        2.2530374216575315        2.2544108628342769        2.2547872521679952        2.2547872521679952        2.2547872521679952        2.2547872521679952        2.2547872521679952        2.2547872521679952        2.2547872521679952        2.2864136647532805        2.2547872521679952        2.2547872521679952        2.2547872521679952        2.2547872521679952        2.2547872521679952        2.2547872521679952        2.2547872521679952     
   3.6255952100607352        3.6255973686177088        3.6229473362954168        3.6255449025625350        3.6255068905066485        3.6255952134178808        3.6255952100607352        3.6251705206886893        3.6237429786529183        3.6298945646008023        3.6165046254483548        3.6233702947224149        3.6252656915491115        3.6255952100607352        3.6255952100607352        3.6255952100607352        3.6255952100607352        3.6255952100607352        3.6255952100607352        3.6255952100607352        3.6657853106102927        3.6255952100607352        3.6255952100607352        3.6255952100607352        3.6255952100607352        3.6255952100607352        3.6255952100607352        3.6255952100607352     
   7.7105070240747265E-009   6.8969903227870895E-009   2.6903324196871802E-008   7.8365878350535290E-009   8.6673601088889422E-009   7.7101494873080572E-009   7.7105070240747265E-009   1.9822002357867484E-008   9.0908956908125066E-009  -1.0091815038565667E-008   3.1433613638305898E-008   2.2240979159433660E-008   9.8497785955885559E-009   7.7105070240747265E-009   7.7105070240747265E-009   7.7105070240747265E-009   7.7105070240747265E-009   7.7105070240747265E-009   7.7105070240747265E-009   7.7105070240747265E-009  -2.0209779685938527E-007   7.7105070240747265E-009   7.7105070240747265E-009   7.7105070240747265E-009   7.7105070240747265E-009   7.7105070240747265E-009   7.7105070240747265E-009   7.7105070240747265E-009
   1.0923028099977326E-006   1.0909511170450349E-006   1.1195780398572989E-006   1.0925560515203265E-006   1.0938322264891874E-006   1.0923035377544515E-006   1.0923028099977326E-006   1.1105985233009072E-006   1.0940862007929602E-006   1.0697014948710730E-006   1.1247949630744627E-006   1.1140542861164806E-006   1.0952288866247989E-006   1.0923028099977326E-006   1.0923028099977326E-006   1.0923028099977326E-006   1.0923028099977326E-006   1.0923028099977326E-006   1.0923028099977326E-006   1.0923028099977326E-006   7.6942224796593574E-007   1.0923028099977326E-006   1.0923028099977326E-006   1.0923028099977326E-006   1.0923028099977326E-006   1.0923028099977326E-006   1.0923028099977326E-006   1.0923028099977326E-006
   1.2872898793192602E-006   1.2863525547770783E-006   1.3084810830548339E-006   1.2874275715649715E-006   1.2883771987593499E-006   1.2872903688965138E-006   1.2872898793192602E-006   1.3009784614659785E-006   1.2889516840427929E-006   1.2713216416319440E-006   1.3083239919452385E-006   1.3040940722077628E-006   1.2906100897507863E-006   1.2872898793192602E-006   1.2872898793192602E-006   1.2872898793192602E-006   1.2872898793192602E-006   1.2872898793192602E-006   1.2872898793192602E-006   1.2872898793192602E-006   1.0358978890553432E-006   1.2872898793192602E-006   1.2872898793192602E-006   1.2872898793192602E-006   1.2872898793192602E-006   1.2872898793192602E-006   1.2872898793192602E-006   1.2872898793192602E-006
  -4.6206443832358013E-006  -4.6216878762630001E-006  -4.5953332738506402E-006  -4.6204829736467046E-006  -4.6193771823560467E-006  -4.6206429365992082E-006  -4.6206443832358030E-006  -4.6051954954991038E-006  -4.6178671614340096E-006  -4.6426235400186581E-006  -4.5925846329816917E-006  -4.6024815377107782E-006  -4.6179408528618381E-006  -4.6206443832358013E-006  -4.6206443832358013E-006  -4.6206443832358013E-006  -4.6206443832358013E-006  -4.6206443832358013E-006  -4.6206443832358013E-006  -4.6206443832358013E-006  -4.9034609456449680E-006  -4.6206443832358013E-006  -4.6206443832358013E-006  -4.6206443832358013E-006  -4.6206443832358013E-006  -4.6206443832358013E-006  -4.6206443832358013E-006  -4.6206443832358013E-006
   2.0228577733521830E-005   2.0228591480384026E-005   2.0232649469125692E-005   2.0228640691159465E-005   2.0228602683115558E-005   2.0228577607232978E-005   2.0228577733521830E-005   2.0228965420731073E-005   2.0231780293900094E-005   2.0225765672821773E-005   2.0229045403119645E-005   2.0230949441440091E-005   2.0228862961238601E-005   2.0228577733521830E-005   2.0228577733521830E-005   2.0228577733521830E-005   2.0228577733521830E-005   2.0228577733521830E-005   2.0228577733521830E-005   2.0228577733521830E-005   2.0187718073551895E-005   2.0228577733521830E-005   2.0228577733521830E-005   2.0228577733521830E-005   2.0228577733521830E-005   2.0228577733521830E-005   2.0228577733521830E-005   2.0228577733521830E-005
   2.1507236904302042E-005   2.1507233907213625E-005   2.1512557367690508E-005   2.1507401436795334E-005   2.1507246393145005E-005   2.1507236830403893E-005   2.1507236904302042E-005   2.1507917588958787E-005   2.1512400023185315E-005   2.1503437610382072E-005   2.1508355143790337E-005   2.1511945665414467E-005   2.1507814429388563E-005   2.1507236904302042E-005   2.1507236904302042E-005   2.1507236904302042E-005   2.1507236904302042E-005   2.1507236904302042E-005   2.1507236904302042E-005   2.1507236904302042E-005   2.1429697176116467E-005   2.1507236904302042E-005   2.1507236904302042E-005   2.1507236904302042E-005   2.1507236904302042E-005   2.1507236904302042E-005   2.1507236904302042E-005   2.1507236904302042E-005
   2.1431558744457954E-005   2.1431571234201941E-005   2.1436445066236154E-005   2.1431651092736236E-005   2.1431579432510258E-005   2.1431558750146407E-005   2.1431558744457954E-005   2.1432017855237997E-005   2.1435475617339459E-005   2.1428935388033054E-005   2.1432147866178592E-005   2.1434559647840364E-005   2.1431938916692454E-005   2.1431558744457954E-005   2.1431558744457954E-005   2.1431558744457954E-005   2.1431558744457954E-005   2.1431558744457954E-005   2.1431558744457954E-005   2.1431558744457954E-005   2.1374890983642570E-005   2.1431558744457954E-005   2.1431558744457954E-005   2.1431558744457954E-005   2.1431558744457954E-005   2.1431558744457954E-005   2.1431558744457954E-005   2.1431558744457954E-005
   2.0842382392580231E-005   2.0842527445829655E-005   2.0847686176760406E-005   2.0842489046459895E-005   2.0842437505782912E-005   2.0842382402556331E-005   2.0842382392580231E-005   2.0842928127547698E-005   2.0847231111558634E-005   2.0838794505336832E-005   2.0843235341583166E-005   2.0845845626806796E-005   2.0842793692884552E-005   2.0842382392580231E-005   2.0842382392580231E-005   2.0842382392580231E-005   2.0842382392580231E-005   2.0842382392580231E-005   2.0842382392580231E-005   2.0842382392580231E-005   2.0776688882794340E-005   2.0842382392580231E-005   2.0842382392580231E-005   2.0842382392580231E-005   2.0842382392580231E-005   2.0842382392580231E-005   2.0842382392580231E-005   2.0842382392580231E-005
  0.51850795361403890       0.51851009210269772       0.51856770650475215       0.51850825251171351       0.51851260064804039       0.51850795383207604       0.51850795361403890       0.51852255218001264       0.51851945463728344       0.51840178039663498       0.51851277874057577       0.51855395575063890       0.51851937636525514       0.51850795361403890       0.51850795361403890       0.51850795361403890       0.51850795361403890       0.51850795361403890       0.51850795361403890       0.51850795361403890       0.51791336607674543       0.51850795361403890       0.51850795361403890       0.51850795361403890       0.51850795361403890       0.51850795361403890       0.51850795361403890       0.51850795361403890     
  0.51217392818414209       0.51217462462936503       0.51229522176842235       0.51217467120376647       0.51218065164568116       0.51217392718284405       0.51217392818414209       0.51219837892225217       0.51219615961802656       0.51205610250513789       0.51218829670807575       0.51220424547942223       0.51218029226702066       0.51217392818414209       0.51217392818414209       0.51217392818414209       0.51217392818414209       0.51217392818414209       0.51217392818414209       0.51217392818414209       0.51153274053601849       0.51217392818414209       0.51217392818414209       0.51217392818414209       0.51217392818414209       0.51217392818414209       0.51217392818414209       0.51217392818414209     
  0.51778360140185786       0.51778570771449606       0.51785661455897791       0.51778403606717205       0.51778889320368471       0.51778360165319970       0.51778360140185786       0.51780231015708011       0.51779846627743464       0.51769153130588386       0.51779697965506721       0.51783668044568820       0.51780261813443562       0.51778360140185786       0.51778360140185786       0.51778360140185786       0.51778360140185786       0.51778360140185786       0.51778360140185786       0.51778360140185786       0.51710830718824918       0.51778360140185786       0.51778360140185786       0.51778360140185786       0.51778360140185786       0.51778360140185786       0.51778360140185786       0.51778360140185786     
  0.51362718434059229       0.51363176262171517       0.51371026943524056       0.51362789554594601       0.51363259968793284       0.51362718265959617       0.51362718434059229       0.51363505980032942       0.51365653281909396       0.51353038290432129       0.51366470642276918       0.51367587138606763       0.51363804606419483       0.51362718434059229       0.51362718434059229       0.51362718434059229       0.51362718434059229       0.51362718434059229       0.51362718434059229       0.51362718434059229       0.51301770458822316       0.51362718434059229       0.51362718434059229       0.51362718434059229       0.51362718434059229       0.51362718434059229       0.51362718434059229       0.51362718434059229     
   2.1597957763392288        2.1597803809712217        2.1575838192874395        2.1597439314772822        2.1597391858965014        2.1597957722970058        2.1597957763392288        2.1595921434364880        2.1581109143120694        2.1629381971766350        2.1527397677800963        2.1579866898143916        2.1595121140900897        2.1597957763392288        2.1597957763392288        2.1597957763392288        2.1597957763392288        2.1597957763392288        2.1597957763392288        2.1597957763392288        2.1967276178629311        2.1597957763392288        2.1597957763392288        2.1597957763392288        2.1597957763392288        2.1597957763392288        2.1597957763392288        2.1597957763392288     
   2.6508390295166384        2.6508573788575407        2.6481406333192923        2.6507799420234495        2.6507660628777003        2.6508390563759425        2.6508390295166384        2.6505779518764641        2.6489534181419550        2.6555548151801385        2.6405520823745907        2.6486726457226872        2.6505353620171643        2.6508390295166384        2.6508390295166384        2.6508390295166384        2.6508390295166384        2.6508390295166384        2.6508390295166384        2.6508390295166384        2.6909145312295402        2.6508390295166384        2.6508390295166384        2.6508390295166384        2.6508390295166384        2.6508390295166384        2.6508390295166384        2.6508390295166384     
   2.8464344705088078        2.8464765944746580        2.8445230013080245        2.8463801224624592        2.8463987543531077        2.8464344777969073        2.8464344705088078        2.8462714839718926        2.8451188342648717        2.8496769125362680        2.8383512189385018        2.8446842428070727        2.8461166858010447        2.8464344705088078        2.8464344705088078        2.8464344705088078        2.8464344705088078        2.8464344705088078        2.8464344705088078        2.8464344705088078        2.8754098690629282        2.8464344705088078        2.8464344705088078        2.8464344705088078        2.8464344705088078        2.8464344705088078        2.8464344705088078        2.8464344705088078     
   4.5965068033752079        4.5965281477393525        4.5940184168685212        4.5964602419849010        4.5964287766731617        4.5965068300909238        4.5965068033752079        4.5961149048096281        4.5949055682152435        4.6010536165906846        4.5857874781133781        4.5943810650415138        4.5961586409341395        4.5965068033752079        4.5965068033752079        4.5965068033752079        4.5965068033752079        4.5965068033752079        4.5965068033752079        4.5965068033752079        4.6322065638516277        4.5965068033752079        4.5965068033752079        4.5965068033752079        4.5965068033752079        4.5965068033752079        4.5965068033752079        4.5965068033752079     
   2.2198775092980321E-006   2.2187696893502162E-006   2.2441984670586546E-006   2.2200465477344003E-006   2.2211517799219002E-006   2.2198788330433629E-006   2.2198775092980313E-006   2.2359048534535715E-006   2.2218513838659178E-006   2.2034829030221102E-006   2.2412889701612667E-006   2.2384906415377089E-006   2.2226376346590772E-006   2.2198775092980321E-006   2.2198775092980321E-006   2.2198775092980321E-006   2.2198775092980321E-006   2.2198775092980321E-006   2.2198775092980321E-006   2.2198775092980321E-006   1.9105878155389238E-006   2.2198775092980321E-006   2.2198775092980321E-006   2.2198775092980321E-006   2.2198775092980321E-006   2.2198775092980321E-006   2.2198775092980321E-006   2.2198775092980321E-006
   5.0431960458633877E-006   5.0419183282538426E-006   5.0708131214177781E-006   5.0433854559669450E-006   5.0446185982319666E-006   5.0431961114438582E-006   5.0431960458633877E-006   5.0610588716959588E-006   5.0452158751269259E-006   5.0189703057167177E-006   5.0739681358479098E-006   5.0634470458508759E-006   5.0459794250209394E-006   5.0431960458633877E-006   5.0431960458633877E-006   5.0431960458633877E-006   5.0431960458633877E-006   5.0431960458633877E-006   5.0431960458633877E-006   5.0431960458633877E-006   4.7382546705609680E-006   5.0431960458633877E-006   5.0431960458633877E-006   5.0431960458633877E-006   5.0431960458633877E-006   5.0431960458633877E-006   5.0431960458633877E-006   5.0431960458633877E-006
  -1.4986259918075111E-006  -1.4993952254243732E-006  -1.4806438674151413E-006  -1.4984460481314020E-006  -1.4976369567881596E-006  -1.4986254025051041E-006  -1.4986259918075111E-006  -1.4870434756628655E-006  -1.4969326566689647E-006  -1.5152266602687738E-006  -1.4747451501886674E-006  -1.4823346193529107E-006  -1.4958154979383337E-006  -1.4986259918075111E-006  -1.4986259918075111E-006  -1.4986259918075111E-006  -1.4986259918075111E-006  -1.4986259918075111E-006  -1.4986259918075111E-006  -1.4986259918075111E-006  -1.7106352685221444E-006  -1.4986259918075111E-006  -1.4986259918075111E-006  -1.4986259918075111E-006  -1.4986259918075111E-006  -1.4986259918075111E-006  -1.4986259918075111E-006  -1.4986259918075111E-006
  -8.6219729954276307E-006  -8.6229868767385709E-006  -8.5978979708605155E-006  -8.6218242865709836E-006  -8.6207541659615537E-006  -8.6219726379155100E-006  -8.6219729954276307E-006  -8.6072761231953627E-006  -8.6199395561820589E-006  -8.6446073404457919E-006  -8.5898848133242565E-006  -8.6052503682249279E-006  -8.6193176530917999E-006  -8.6219729954276307E-006  -8.6219729954276307E-006  -8.6219729954276307E-006  -8.6219729954276307E-006  -8.6219729954276307E-006  -8.6219729954276307E-006  -8.6219729954276307E-006  -8.8514088921434536E-006  -8.6219729954276307E-006  -8.6219729954276307E-006  -8.6219729954276307E-006  -8.6219729954276307E-006  -8.6219729954276307E-006  -8.6219729954276307E-006  -8.6219729954276307E-006
   2.1565421023865037E-005   2.1565485496227582E-005   2.1570515243856788E-005   2.1565535188975074E-005   2.1565448952743248E-005   2.1565421023655163E-005   2.1565421023865037E-005   2.1565969308414490E-005   2.1570016361949405E-005   2.1562769025294438E-005   2.1566081642269107E-005   2.1568984941957151E-005   2.1565799636543386E-005   2.1565421023865037E-005   2.1565421023865037E-005   2.1565421023865037E-005   2.1565421023865037E-005   2.1565421023865037E-005   2.1565421023865037E-005   2.1565421023865037E-005   2.1497574272628790E-005   2.1565421023865037E-005   2.1565421023865037E-005   2.1565421023865037E-005   2.1565421023865037E-005   2.1565421023865037E-005   2.1565421023865037E-005   2.1565421023865037E-005
   2.1164495392480380E-005   2.1164546353437958E-005   2.1170180876469058E-005   2.1164619739576917E-005   2.1164550638367520E-005   2.1164495278661432E-005   2.1164495392480380E-005   2.1165094847791867E-005   2.1169731776920266E-005   2.1160574416232821E-005   2.1165371714406961E-005   2.1168453709814732E-005   2.1164968323460806E-005   2.1164495392480380E-005   2.1164495392480380E-005   2.1164495392480380E-005   2.1164495392480380E-005   2.1164495392480380E-005   2.1164495392480380E-005   2.1164495392480380E-005   2.1093108680121447E-005   2.1164495392480380E-005   2.1164495392480380E-005   2.1164495392480380E-005   2.1164495392480380E-005   2.1164495392480380E-005   2.1164495392480380E-005   2.1164495392480380E-005
   2.0890187868815287E-005   2.0890180767301737E-005   2.0894466272881539E-005   2.0890303018722176E-005   2.0890170011364316E-005   2.0890187833842689E-005   2.0890187868815287E-005   2.0890649995870873E-005   2.0893699425059703E-005   2.0887304402883662E-005   2.0891002008506609E-005   2.0893430485719454E-005   2.0890617379995182E-005   2.0890187868815287E-005   2.0890187868815287E-005   2.0890187868815287E-005   2.0890187868815287E-005   2.0890187868815287E-005   2.0890187868815287E-005   2.0890187868815287E-005   2.0837113357737883E-005   2.0890187868815287E-005   2.0890187868815287E-005   2.0890187868815287E-005   2.0890187868815287E-005   2.0890187868815287E-005   2.0890187868815287E-005   2.0890187868815287E-005
   2.0311284190503920E-005   2.0311371853998737E-005   2.0316073841810294E-005   2.0311363680734663E-005   2.0311338991382053E-005   2.0311284181162698E-005   2.0311284190503920E-005   2.0311760866166447E-005   2.0315439557403982E-005   2.0307669782230997E-005   2.0312018154576669E-005   2.0314297096752336E-005   2.0311693623527168E-005   2.0311284190503920E-005   2.0311284190503920E-005   2.0311284190503920E-005   2.0311284190503920E-005   2.0311284190503920E-005   2.0311284190503920E-005   2.0311284190503920E-005   2.0261474648693594E-005   2.0311284190503920E-005   2.0311284190503920E-005   2.0311284190503920E-005   2.0311284190503920E-005   2.0311284190503920E-005   2.0311284190503920E-005   2.0311284190503920E-005
  0.51697879589166451       0.51698038564196969       0.51706778080649274       0.51697928964416928       0.51698466797397846       0.51697879453635809       0.51697879589166451       0.51699667449592679       0.51699577884864889       0.51690637033493625       0.51700269840856161       0.51701841361530421       0.51698974472340453       0.51697879589166451       0.51697879589166451       0.51697879589166451       0.51697879589166451       0.51697879589166451       0.51697879589166451       0.51697879589166451       0.51633734602942227       0.51697879589166451       0.51697879589166451       0.51697879589166451       0.51697879589166451       0.51697879589166451       0.51697879589166451       0.51697879589166451     
  0.51968068178457916       0.51968382652060652       0.51977453889797276       0.51968138182996915       0.51968695695022571       0.51968068216019381       0.51968068178457916       0.51969378558752344       0.51970917713618525       0.51955261015871146       0.51970408425532899       0.51973197824795692       0.51969055456691093       0.51968068178457916       0.51968068178457916       0.51968068178457916       0.51968068178457916       0.51968068178457916       0.51968068178457916       0.51968068178457916       0.51900059686653965       0.51968068178457916       0.51968068178457916       0.51968068178457916       0.51968068178457916       0.51968068178457916       0.51968068178457916       0.51968068178457916     
  0.51126151262982023       0.51126366058326123       0.51134642290465515       0.51126213360810679       0.51126663051296051       0.51126151206575199       0.51126151262982023       0.51128371748229384       0.51127793686593959       0.51117129405373185       0.51127478585783892       0.51130479982202603       0.51127450073835423       0.51126151262982023       0.51126151262982023       0.51126151262982023       0.51126151262982023       0.51126151262982023       0.51126151262982023       0.51126151262982023       0.51065018766258985       0.51126151262982023       0.51126151262982023       0.51126151262982023       0.51126151262982023       0.51126151262982023       0.51126151262982023       0.51126151262982023     
  0.51275345887199486       0.51275641206336953       0.51282874886948593       0.51275391181898489       0.51275851900353064       0.51275345883165513       0.51275345887199486       0.51276833882032391       0.51277163184351682       0.51262151697071068       0.51276616364846594       0.51280071262549731       0.51276653880704282       0.51275345887199486       0.51275345887199486       0.51275345887199486       0.51275345887199486       0.51275345887199486       0.51275345887199486       0.51275345887199486       0.51215761896421541       0.51275345887199486       0.51275345887199486       0.51275345887199486       0.51275345887199486       0.51275345887199486       0.51275345887199486       0.51275345887199486     
   6.1516554318918528        6.1516501708313962        6.1474567667785678        6.1515764544614555        6.1515125853381249        6.1516554928628784        6.1516554318918528        6.1509700315273230        6.1488462920237437        6.1585183237181216        6.1357664701675354        6.1486460074542260        6.1514274682827788        6.1516554318918528        6.1516554318918528        6.1516554318918528        6.1516554318918528        6.1516554318918528        6.1516554318918528        6.1516554318918528        6.2103201587029249        6.1516554318918528        6.1516554318918528        6.1516554318918528        6.1516554318918528        6.1516554318918528        6.1516554318918528        6.1516554318918528     
  -7.7737751828056156E-006  -7.7760426287367135E-006  -7.7297987666932576E-006  -7.7735316027832339E-006  -7.7715494217547763E-006  -7.7737754150243008E-006  -7.7737751828056156E-006  -7.7461769996529241E-006  -7.7701345318926469E-006  -7.8087324589513511E-006  -7.7264002236263299E-006  -7.7480748838991009E-006  -7.7719073307225828E-006  -7.7737751828056156E-006  -7.7737751828056156E-006  -7.7737751828056156E-006  -7.7737751828056156E-006  -7.7737751828056156E-006  -7.7737751828056156E-006  -7.7737751828056156E-006  -8.1892836882482186E-006  -7.7737751828056156E-006  -7.7737751828056156E-006  -7.7737751828056156E-006  -7.7737751828056156E-006  -7.7737751828056156E-006  -7.7737751828056156E-006  -7.7737751828056156E-006
   1.9229155698100095E-005   1.9229444657711047E-005   1.9235872422874711E-005   1.9229305570441978E-005   1.9229309586032230E-005   1.9229155571071242E-005   1.9229155698100095E-005   1.9230108513155049E-005   1.9236457037716402E-005   1.9223493379105829E-005   1.9230351652692815E-005   1.9234427923395746E-005   1.9229687328024128E-005   1.9229155698100095E-005   1.9229155698100095E-005   1.9229155698100095E-005   1.9229155698100095E-005   1.9229155698100095E-005   1.9229155698100095E-005   1.9229155698100095E-005   1.9141745669361630E-005   1.9229155698100095E-005   1.9229155698100095E-005   1.9229155698100095E-005   1.9229155698100095E-005   1.9229155698100095E-005   1.9229155698100095E-005   1.9229155698100095E-005
  0.50895973100992076       0.50896188118783303       0.50907687481614017       0.50896015762329072       0.50896707411754727       0.50895973191486232       0.50895973100992076       0.50897818506642667       0.50897938785549590       0.50877504983017285       0.50896583070923851       0.50898526122920429       0.50895650568767981       0.50895973100992076       0.50895973100992076       0.50895973100992076       0.50895973100992076       0.50895973100992076       0.50895973100992076       0.50895973100992076       0.50842082727596638       0.50895973100992076       0.50895973100992076       0.50895973100992076       0.50895973100992076       0.50895973100992076       0.50895973100992076       0.50895973100992076     
   3.1019367307406727        3.1018508906288287        3.0982230105420512        3.1018573759311088        3.1018217586175325        3.1019366694589792        3.1019367307406727        3.1017068206982903        3.0987324993654020        3.1076279212418267        3.0914578724925419        3.0991813791058975        3.1015349345288397        3.1019367307406727        3.1019367307406727        3.1019367307406727        3.1019367307406727        3.1019367307406727        3.1019367307406727        3.1019367307406727        3.1516136957438889        3.1019367307406727        3.1019367307406727        3.1019367307406727        3.1019367307406727        3.1019367307406727        3.1019367307406727        3.1019367307406727     
  -2.9605632969464152E-006  -2.9618905160390066E-006  -2.9246084047069501E-006  -2.9603351449328178E-006  -2.9585774058206623E-006  -2.9605585526871369E-006  -2.9605632969464157E-006  -2.9372080640963263E-006  -2.9568982597552626E-006  -2.9885988404614730E-006  -2.9296474157256807E-006  -2.9361269589803935E-006  -2.9569336411901521E-006  -2.9605632969464152E-006  -2.9605632969464152E-006  -2.9605632969464152E-006  -2.9605632969464152E-006  -2.9605632969464152E-006  -2.9605632969464152E-006  -2.9605632969464152E-006  -3.3149792131457332E-006  -2.9605632969464152E-006  -2.9605632969464152E-006  -2.9605632969464152E-006  -2.9605632969464152E-006  -2.9605632969464152E-006  -2.9605632969464152E-006  -2.9605632969464152E-006
   2.0746663424474452E-005   2.0746776791407610E-005   2.0755132650682597E-005   2.0746845864401936E-005   2.0746841411344181E-005   2.0746663622280823E-005   2.0746663424474452E-005   2.0747276754988653E-005   2.0755301352259123E-005   2.0742383748926207E-005   2.0747137448338359E-005   2.0752190740565802E-005   2.0747181644883007E-005   2.0746663424474452E-005   2.0746663424474452E-005   2.0746663424474452E-005   2.0746663424474452E-005   2.0746663424474452E-005   2.0746663424474452E-005   2.0746663424474452E-005   2.0654331734625595E-005   2.0746663424474452E-005   2.0746663424474452E-005   2.0746663424474452E-005   2.0746663424474452E-005   2.0746663424474452E-005   2.0746663424474452E-005   2.0746663424474452E-005
  0.50917763271050542       0.50918157345773829       0.50931128344343579       0.50917876298322062       0.50918642277524617       0.50917762970500025       0.50917763271050542       0.50920042436605728       0.50923775120678094       0.50910502693704540       0.50929278727932592       0.50925559483576510       0.50919487942645381       0.50917763271050542       0.50917763271050542       0.50917763271050542       0.50917763271050542       0.50917763271050542       0.50917763271050542       0.50917763271050542       0.50819316524411495       0.50917763271050542       0.50917763271050542       0.50917763271050542       0.50917763271050542       0.50917763271050542       0.50917763271050542       0.50917763271050542     
   7.3793113231266028E-002   7.3991188929040649E-002   7.4931528864547889E-002   7.3793540874877953E-002   7.3793776987078147E-002   7.3793113042304848E-002   7.3793113231266014E-002   7.3801031692404692E-002   7.3807484117661970E-002   7.3769067151399068E-002   7.3822838781293143E-002   7.3819363979684360E-002   7.3799628273442094E-002   7.3793113231266028E-002   7.3793113231266028E-002   7.3793113231266028E-002   7.3793113231266028E-002   7.3793113231266028E-002   7.3793113231266028E-002   7.3793113231266028E-002   7.2156405915489358E-002   7.3793113231266028E-002   7.3793113231266028E-002   7.3793113231266028E-002   7.3793113231266028E-002   7.3793113231266028E-002   7.3793113231266028E-002   7.3793113231266028E-002
   2.8900432495026298E-002   2.9108108800601287E-002   3.0094026437064304E-002   2.8900880866262389E-002   2.8901128422676347E-002   2.8900432296906350E-002   2.8900432495026298E-002   2.8908734759128456E-002   2.8915499929487418E-002   2.8875220916390301E-002   2.8931598824263965E-002   2.8927955601148702E-002   2.8907263317307860E-002   2.8900432495026298E-002   2.8900432495026298E-002   2.8900432495026298E-002   2.8900432495026298E-002   2.8900432495026298E-002   2.8900432495026298E-002   2.8900432495026298E-002   2.7184394977719739E-002   2.8900432495026298E-002   2.8900432495026298E-002   2.8900432495026298E-002   2.8900432495026298E-002   2.8900432495026298E-002   2.8900432495026298E-002   2.8900432495026298E-002
  0.28523770896141548       0.28527671091468182       0.28531150076848216       0.28523515203586686       0.28523304688215206       0.28523771046273955       0.28523770896141548       0.28518198929700872       0.28513995253128033       0.28539717913390322       0.28504357840302119       0.28511631378545566       0.28522498044390288       0.28523770896141548       0.28523770896141548       0.28523770896141548       0.28523770896141548       0.28523770896141548       0.28523770896141548       0.28523770896141548       0.28703350685435336       0.28523770896141548       0.28523770896141548       0.28523770896141548       0.28523770896141548       0.28523770896141548       0.28523770896141548       0.28523770896141548     
   2.3258626991996865        2.3259728473884436        2.3238942440484935        2.3257893124818314        2.3257777217229982        2.3258627360221178        2.3258626991996865        2.3255371847939541        2.3234443284855453        2.3316294000948492        2.3128097608214659        2.3233191734499004        2.3255812891235821        2.3258626991996865        2.3258626991996865        2.3258626991996865        2.3258626991996865        2.3258626991996865        2.3258626991996865        2.3258626991996865        2.3733773640248716        2.3258626991996865        2.3258626991996865        2.3258626991996865        2.3258626991996865        2.3258626991996865        2.3258626991996865        2.3258626991996865     
   6.4572334241706662E-007   6.4292570670874867E-007   6.6681768493867429E-007   6.4597151623370364E-007   6.4774241956816513E-007   6.4572378166417727E-007   6.4572334241706620E-007   6.6920750890876228E-007   6.4940136114408533E-007   6.1529495225560518E-007   6.8591100745679881E-007   6.7091194071182099E-007   6.4846624300921007E-007   6.4572334241706662E-007   6.4572334241706662E-007   6.4572334241706662E-007   6.4572334241706662E-007   6.4572334241706662E-007   6.4572334241706662E-007   6.4572334241706662E-007   2.7344289501765880E-007   6.4572334241706662E-007   6.4572334241706662E-007   6.4572334241706662E-007   6.4572334241706662E-007   6.4572334241706662E-007   6.4572334241706662E-007   6.4572334241706662E-007
   2.1339094536135424E-005   2.1338853589854105E-005   2.1342900363329286E-005   2.1339244445763063E-005   2.1339247019363508E-005   2.1339094591685579E-005   2.1339094536135424E-005   2.1339899893817080E-005   2.1345577478781739E-005   2.1334326550123208E-005   2.1340233069338832E-005   2.1344041353954421E-005   2.1339636719702889E-005   2.1339094536135424E-005   2.1339094536135424E-005   2.1339094536135424E-005   2.1339094536135424E-005   2.1339094536135424E-005   2.1339094536135424E-005   2.1339094536135424E-005   2.1258584943817527E-005   2.1339094536135424E-005   2.1339094536135424E-005   2.1339094536135424E-005   2.1339094536135424E-005   2.1339094536135424E-005   2.1339094536135424E-005   2.1339094536135424E-005
  0.51285819091008489       0.51285115102677481       0.51291056796519063       0.51285916154038436       0.51286237420918790       0.51285819368561136       0.51285819091008489       0.51288830831670473       0.51289314334118163       0.51269409643377206       0.51289430949429915       0.51291321031809922       0.51286428952101104       0.51285819091008489       0.51285819091008489       0.51285819091008489       0.51285819091008489       0.51285819091008489       0.51285819091008489       0.51285819091008489       0.51204833797163563       0.51285819091008489       0.51285819091008489       0.51285819091008489       0.51285819091008489       0.51285819091008489       0.51285819091008489       0.51285819091008489     
   5.1094890510948905E-002   5.1094890510948905E-002   5.1094890510948905E-002   5.1094890510948905E-002   5.1094890510948905E-002   5.1094890510948905E-002   5.1094890510948905E-002   5.1094890510948905E-002   5.1094890510948905E-002   5.1094890510948905E-002   5.1094890510948905E-002   5.1094890510948905E-002   5.1094890510948905E-002   5.1094890510948905E-002   5.1094890510948905E-002   5.1094890510948905E-002   5.1094890510948905E-002   5.1094890510948905E-002   5.1094890510948905E-002   5.1094890510948905E-002   5.1094890510948905E-002   5.1094890510948905E-002   5.1094890510948905E-002   5.1094890510948905E-002   5.1094890510948905E-002   5.1094890510948905E-002   5.1094890510948905E-002   5.1094890510948905E-002
   4.8661800486618008E-002   4.8661800486618008E-002   5.1094890510948905E-002   4.8661800486618008E-002   4.8661800486618008E-002   4.8661800486618008E-002   4.8661800486618008E-002   4.8661800486618008E-002   4.8661800486618008E-002   4.8661800486618008E-002   4.8661800486618008E-002   4.8661800486618008E-002   4.8661800486618008E-002   4.8661800486618008E-002   4.8661800486618008E-002   4.8661800486618008E-002   4.8661800486618008E-002   4.8661800486618008E-002   4.8661800486618008E-002   4.8661800486618008E-002   4.8661800486618008E-002   4.8661800486618008E-002   4.8661800486618008E-002   4.8661800486618008E-002   4.8661800486618008E-002   4.8661800486618008E-002   4.8661800486618008E-002   4.8661800486618008E-002
  0.94160583941605835       0.94160583941605835       0.93673965936739656       0.94160583941605835       0.94160583941605835       0.94160583941605835       0.94160583941605835       0.94160583941605835       0.94160583941605835       0.94160583941605835       0.94160583941605835       0.94160583941605835       0.94160583941605835       0.94160583941605835       0.94160583941605835       0.94160583941605835       0.94160583941605835       0.94160583941605835       0.94160583941605835       0.94160583941605835       0.93917274939172746       0.94160583941605835       0.94160583941605835       0.94160583941605835       0.94160583941605835       0.94160583941605835       0.94160583941605835       0.94160583941605835     
  0.93187347931873477       0.93187347931873477       0.93187347931873477       0.93187347931873477       0.93187347931873477       0.93187347931873477       0.93187347931873477       0.93187347931873477       0.93187347931873477       0.93187347931873477       0.93187347931873477       0.93187347931873477       0.93187347931873477       0.93187347931873477       0.93187347931873477       0.93187347931873477       0.93187347931873477       0.93187347931873477       0.93187347931873477       0.93187347931873477       0.93187347931873477       0.93187347931873477       0.93187347931873477       0.93187347931873477       0.93187347931873477       0.93187347931873477       0.93187347931873477       0.93187347931873477     
