   16.550619018304197                            NaN
   21.191022858741540                            NaN
   2.9649740864543990                            NaN
  -6.2222085311704278                            NaN
   22.106969252684298                            NaN
   10.663677159292940                            NaN
   55.234349634910025                            NaN
   78.938941008859373                            NaN
   150.96251029210032                            NaN
   151.28716275945868                            NaN
   14.419123690642280                            NaN
   19.978653156688864                            NaN
   1.1562252243064763E-002                       NaN
   1.6345419944125913E-002                       NaN
   1.6528093503974314E-002                       NaN
   3.2883219372404376E-002                       NaN
   3.9622619883197117E-002                       NaN
  0.67309567465005504                            NaN
   1.9693678540192417E-005                       NaN
   18.729445014783060                            NaN
 -0.47853584496828699                            NaN
   1.5082701131552669                            NaN
   1.7107571815668989                            NaN
   2.4830924378611310                            NaN
 -0.99509391718009998                            NaN
   2.0692649842629880                            NaN
  0.91326947186264873                            NaN
