32.8192211591402 33.4369741108647 33.8110636270814 33.4336597801011 33.7110158434187 33.6681540687043 34.7395244425576 33.9212852302188 33.9192521204327 34.0372845180203 33.8750630518424 33.7658387466719 33.4132742351929 33.3832764869305 33.7838431127088 33.8708454310733 33.7895663632147 33.9019345410859 33.989140087314 33.7351938949545 33.4818034899114 34.0949736521065 33.8525718896742 33.172961284455 33.4850191312894 34.1639516322849 33.2718084403857 33.2602135647557 33.8158123779782 33.2096259050975 35.0496280742362 33.5605446594288 34.4402790495592 33.6587607967302 34.7734771955879 33.4606906229747 33.2471063647314 33.4301922133869 32.7947206307239 34.1348681561727 33.7352443658776 33.4040263783249 33.865000470615 33.6598709537967 33.7063727745045 34.132224979457 33.6867906643037 32.5746695691241 33.8112846402479 33.1779581600941
37.0402683870171 37.159444419882 37.139421810612 37.0677598720107 36.9555547198994 37.0173823665928 36.9918336814979 37.002679684794 36.747580980375 37.1889724884849 37.2368646250168 36.7808568303113 37.2868498223953 36.9395230024359 36.9848914090999 36.705100867681 36.9156488984774 36.8905196929032 37.0721275984554 36.6053376016914 36.699052671409 36.8891275465196 36.8600181775317 36.8885847393869 37.0935904102581 37.0230750876516 36.7948668707794 37.1055792069993 37.0477990261937 37.1737989906039 36.8908143474716 37.1553604548792 36.818471495455 36.3103438080018 37.0578875077247 36.9146590946989 37.0527665291454 37.1022525525553 37.1495974913178 37.3103679889833 36.5341966841683 36.7333431941962 36.9811989959693 37.3079098999458 36.8060573647381 36.8838551174707 36.7368603691963 36.7208700850389 37.1767867086204 36.9059885009833
39.4610269709223 39.7595422338658 39.4787620792534 39.9733665460893 39.4844021979026 39.4777559300367 39.3203663925445 39.7126754040272 39.2210867178242 39.6844857889708 39.1009821661334 39.5100082894134 39.7560835607222 39.3731603811313 39.3419527106102 39.2799649387606 39.4056097150465 39.2154191071207 39.2862448606465 39.1063634323107 39.1696120645474 39.3376496467012 39.570510913509 39.539664257856 39.6874520482205 39.4239134935069 39.5138075858405 39.5917690885864 39.4641665489957 39.7239836538838 39.4834699097221 39.5685026528773 39.1150885290422 39.0614946576673 39.6554616148194 39.3951546045918 39.3115728210305 39.7117401487837 39.9224940153648 39.6884112478619 39.5629555698173 39.1357989293218 39.5430869812039 39.6045599340224 39.3776401337823 39.8795231512057 39.3853738748742 39.3519880937333 39.7358005095997 39.2843993400242
43.4226978753907 43.7007510162399 43.3363906270502 43.7346743804666 43.432635841867 43.5633956230906 43.1184873097479 43.6212181583169 43.3673799718393 43.3616089554673 43.5721501389098 43.256645312944 43.6199694540624 43.3889243993467 43.2803524358995 43.2050660106121 43.3385200709479 42.8178086299837 43.2020839998021 42.9777309703776 43.025789671624 43.2399143607861 43.4059379305533 43.2902999954049 43.2695212404499 43.2495638588571 43.1195741899621 43.4505356959881 43.3879454948218 43.1442123343155 43.4175682670788 43.3505851456858 43.3566105424708 42.8778820718768 43.5282011055005 43.4880161489473 43.3710106590355 43.6074655823228 43.425360338192 43.4802174925779 43.3188050675174 43.245042500366 43.4471055606198 43.525408988893 43.2190511553996 43.3597846876946 43.1930390734966 43.2731788765418 43.4595959645329 43.103917497718
49.1361386125276 49.3409588468156 49.0657909686479 49.4518584514409 49.1012797427019 49.3015913180358 48.8047009920306 49.2634897439318 49.0781615451462 49.139686310817 49.3308991017182 48.9409047142431 49.2319456384557 49.3291142149848 48.8296302546793 48.8414573335935 48.9542313506238 48.8160802195723 48.9133143730673 48.5400965373208 48.6517239888242 48.9770049079324 49.1112369598451 48.8187619450101 49.083108254194 48.9758123931161 48.807685223517 49.1355461949778 49.0234265268435 48.974158254229 49.1012648008466 49.1716465582685 49.1324772803039 48.4012661988258 49.295584089195 49.1809482724485 49.2490646191863 49.3165128795492 49.1042886618374 49.2604990885296 48.8546186356689 48.8029095823506 49.0360231454973 49.3996635896435 48.9355305111405 49.1242326643404 48.8107553717086 48.9054119129505 49.0620110021713 48.934728215698
54.8007889129793 54.8654280904138 54.7689212675129 55.1027059045223 54.8049679921738 54.8475502455919 54.5686680323428 54.8842736524141 54.7914806965593 54.5635414618998 54.9353165153025 54.5789801992795 54.9590281895509 54.7817311407966 54.6833720761862 54.5751961005022 54.5670927169653 54.7006612532859 54.1717035668094 54.3292274454602 54.2739018419342 54.7041729030728 54.7871304778617 54.1336058656925 54.7157799663488 54.594035628358 54.4884053338996 54.5257388038374 55.0407662487637 54.6424950289154 54.5634102945075 54.8480920881145 54.8965952319774 54.1033767029118 54.866461348355 54.7538399516905 54.7972766851316 54.9777159238284 54.9197510887466 54.960480763291 54.6738967064491 54.5539043519374 54.6986546135268 54.9471930402379 54.6322142610004 54.42150254755 54.5157012220383 54.6011831430283 54.6229996904576 54.4643014544736
5.60487558413399 6.2147779935255 5.81095180082993 5.63393159697667 5.86265999312966 6.02235576829218 5.83540823709218 6.11650741172147 5.79229052330161 5.97512920481553 5.96373074160401 5.84272825948706 6.13018727203784 5.74940321835686 6.07553671726863 5.82652674780455 5.91468226731595 6.14261616684974 5.81657537897042 5.77301435473164 5.71905693485847 5.85181146044536 5.86848564010773 5.92302672705828 5.9557689398443 5.75408422560665 5.66011843606034 5.95237363530321 6.15065794781412 5.44252113218626 5.98843729280479 5.94773626491547 5.6665874835907 5.80852818704314 5.99519083427979 6.0957766665386 5.63144875296875 5.85976393625359 5.76903608811812 5.82490818819222 5.80913586109658 5.7830092847825 5.91747573464954 5.70898701818312 5.72418483443521 6.02524011372467 5.93845820812238 5.95559059545371 6.22185375861981 5.74364552798657
51.3979891346399 50.6822867755422 68.0585497989924 56.4296320862763 54.6135179058351 67.1326431599707 68.2617013421365 53.5204207719163 62.6483942494067 55.1357968269453 55.231221189266 70.769236461101 76.9325898120748 47.6984791563769 61.9309359703298 62.072180619577 57.7560176944394 64.0942124704739 62.1543758505645 53.7371807867374 69.2775885222847 72.5789844095411 45.7962571306267 54.2519306461464 63.6437531235128 82.0285922831229 65.7371233552406 60.0703325927528 54.7454163008475 63.253132561547 64.1307532162264 52.5099285947511 49.9404021404032 63.2480787417114 58.4008907784287 56.5744367041896 56.7475412689085 53.9505975262206 70.5277513508213 68.8405424533898 51.6141941364756 55.2096880274343 66.295478544681 57.834708029527 49.1626170387877 54.4243762308592 63.8802405670608 66.5131229072575 57.303907270002 56.580873294564
38.4555537468705 34.302443283106 39.8161440728653 40.6894371122314 33.0510964233453 30.8289880988753 35.9860791881461 43.4227159022179 33.3090554360065 40.8801685543834 31.7699724774874 37.0052832703667 45.4653424411505 43.1593672686467 33.6282487742351 29.4471345085003 40.161110686756 36.380619574152 28.5049566377952 33.1112429180175 29.5920128440909 32.704212413857 32.68130932105 31.7745892330689 38.8073711649318 41.9974281953466 38.1462649206983 36.1653744998676 28.6618613523834 38.5485744589097 37.6354020859886 36.2566519709805 35.7995834287077 41.4904124711688 38.3655454933917 34.2492076828918 38.1952402742488 38.9256829304223 30.5659345463607 34.0424013099514 43.0419699738205 43.9671066121246 40.642286785903 41.6287004729926 42.672723405363 38.6743703076639 40.1134627516671 34.772810648106 34.6431183880088 36.2686958802757
116.43332482961 115.184906476587 93.4268252611101 109.186507765073 114.825321844739 104.716235895764 122.501266788017 115.840462696091 121.805141138541 106.166999700074 114.564332251778 108.406312813751 94.951708666396 124.504197848889 107.036709890972 120.927828867653 105.247957156633 100.33797093092 109.564194659618 111.450466910778 92.1955678433679 116.805951512914 116.372338747507 111.321716501135 109.537829336338 99.262457428722 96.0686314972571 113.269021121807 115.930691237877 119.650718419156 100.377131634639 114.7709590731 130.596064681578 105.290848774964 120.374399626074 113.948292187812 114.312265256422 125.238621695916 96.9759814628078 87.8722039693475 115.013308670784 115.577533825659 100.267723695164 107.596544812843 118.994658425771 115.210660893743 111.835401786649 109.023373305856 111.8802917721 108.902967637236
-0.0297961552785782 -0.0559169902534458 -0.290920975561416 0.00517456651611939 -0.01498442764169 0.157547439610655 -0.0348169524485831 -0.0322839010692889 0.0037096102842142 -0.098572162751887 0.18047699224473 -0.0414216481401932 -0.0227149121644517 -0.102122465504245 0.172345263455792 -0.0535516810305277 -0.068150193410505 -0.0526716434899443 -0.088559820587554 -0.0428163729263388 0.0587015408445585 -0.0970665669879787 -0.0213452856761516 -0.00740249470688717 -0.0709284003358712 -0.0159304540627413 -0.015240533447871 0.0158368091153466 -0.095444896536545 0.018752072151105 0.141360287276962 -0.0279709488521819 -0.0826368162082057 -0.0323069440133854 0.0044843519737571 -0.0183867849795433 0.00606588036600671 -0.00380753409134105 -0.00976645927300044 -0.0100793736727234 0.0241924025767668 -0.0978287592046453 -0.0789877595010329 -0.0562536511204615 -0.0425807213017102 -0.0391411522848348 -0.0248430189417189 -0.0771263926561994 -0.0412198827079691 -0.0580721211036151
13.2073094089487 17.0266510455607 15.495401738946 13.2140854568666 15.1240595129417 15.4735352180318 15.9586327239995 14.8337259513239 15.4921531201975 17.34144613937 13.7863645930994 13.3168081287357 11.4083378726972 12.5193114897254 15.5108477749257 14.7678104590677 15.3210424684603 13.0277620535998 17.5742170376495 12.7343566099643 12.5758859040508 14.4096809355457 14.4415219480346 13.381901279997 12.4464299871992 13.0945355516518 15.0266936645908 17.1033397701395 17.8135138230034 15.5890074262478 17.8673710378849 15.2890255418058 16.4517440534948 14.5694593545735 12.4103054928438 14.6899037439363 15.112437564011 14.2470166083025 18.2232330328439 12.5318120252059 12.9471465839204 12.7964450241709 13.4363267352574 13.2458079039878 12.2486939799943 12.3776552845964 12.1039231663787 14.939465196982 12.8044079676584 13.2314248736804
15.0957818640062 20.359114423984 16.4551524720816 18.124132721297 14.6010376951968 15.591237308836 17.6563491342931 18.3163955962039 15.7398763102442 18.7899968329083 18.66467988383 16.2710463410032 19.5596433530605 18.0961447044591 18.4602623151006 18.9517383630528 15.9675542936244 18.7418924291967 17.1098434855188 16.0823584650692 18.4183205835066 17.6611260831615 18.0875285444613 20.2080244642013 17.7842809301349 14.1550849924294 17.141586236554 14.7510872729645 18.8945910490851 18.3784550410533 15.9913753948346 20.818235921817 17.4452664723579 14.6696178217536 15.8516192904405 15.8126511371257 19.2719726104703 17.5778880936973 16.6485189154044 15.326248250824 17.6246264906969 14.6626043414311 18.5918626848162 19.1928714374981 16.5970182555258 17.5736986460748 15.4074290853394 16.3736791290703 17.9661388033103 16.9476369442659
23.0905183719651 21.5324589954136 21.6921447647373 24.2569530210167 18.173737001225 23.2335583592614 26.659663832663 24.6640602761154 21.6844866266252 20.1092468641611 21.4384237254259 23.8487807459605 25.2349101412606 18.6020762901569 23.4831797881397 25.001399996343 21.4916621229608 21.5050250141544 21.4004014048023 17.1165031339489 21.9566302044371 24.7624409916704 24.1692934175412 23.3677104856569 21.5888423411845 20.5601302748894 20.9301249979128 22.9136538899662 20.970283169181 21.9837135679233 20.766658912017 21.4912885080375 23.3184842207319 21.9392420512739 20.6524872006456 22.4369953299868 22.4735195383827 23.7149451682698 19.0885708094716 22.204766887747 22.1620624859495 25.1427307930045 24.9811357482947 24.845900820468 22.9634815053611 21.2359919082095 21.5459539112446 18.607094203149 24.0086276128545 18.8174583735015
27.517494470064 30.6594731645386 31.3649093852214 26.80614747516 25.2936463439368 25.9642239508018 32.1461986067157 28.2094404055353 29.5592278692608 28.0236090933115 32.1416095678951 27.4875162171647 31.3936016689677 31.3743488950329 28.3921618898835 27.0616910790256 26.031108271643 37.1134166507518 25.8671126556683 24.7950024660492 24.8459010051298 25.3857256180915 27.882881683379 27.3810931396424 29.2517848814772 26.3675954202887 30.0344679609089 27.8279197833507 27.533003611747 27.7515371768734 29.7106597666249 32.4183796322224 28.8500681915203 27.5624995998212 32.4947596008921 27.7739123584047 26.9468180710541 27.0520765211236 26.5822116923592 26.0614113481086 25.4897189363919 27.4296372457137 26.2258449008755 26.2185340829569 25.6582209817208 26.640871807356 29.7974624158258 25.4664631457729 26.6842095387069 27.767104101107
36.7086038982386 39.0174910850103 37.4017277508564 36.8245748819096 36.4086320517657 36.1434241628233 41.9923944548667 41.9126726093129 34.7589517834741 38.7594739569116 37.3072717446209 36.5586954467499 44.6142213336387 38.1374609601993 39.155975390799 36.7377430880156 37.1500626409077 42.3095302284567 32.0745955573692 33.5683429803236 38.8151862993664 34.6281715365589 39.0625014324225 37.7081635758101 35.204123083968 36.9303601487208 38.5019838210019 39.7677566942509 38.1944243853912 38.6242115031882 44.2339707192625 38.7343168353451 40.7946108487713 34.6785089207951 34.0559994894792 40.395637486336 33.3671004419154 39.1328711261855 40.0882096324703 37.4190665819448 36.4170882671316 40.6418510391768 38.4264136479276 37.7727687447938 36.440760293886 38.2057399363343 35.2828336792291 35.2460132804813 36.9497022168342 37.2834732065237
44.0267167220682 48.8544225822041 47.3710506137648 44.6806188786773 46.8847053604992 44.2206985560874 47.4332486367801 46.2762493586925 42.7720349801879 46.9444637728977 48.6608162070759 42.9261767463325 45.7396110061968 48.2616945413105 49.182342822869 50.2856665866665 44.6435968926726 53.1179243037304 42.7394707354018 40.4092052645251 40.3962920137048 42.3606277518715 51.5230725796944 49.6754599115114 44.6861556579099 46.2325803613792 47.2577287276172 47.474388061893 48.4290541435684 49.847537682479 46.7816477311042 46.6173621165488 49.6286243773983 44.3384859270954 42.3346402736144 46.7866757081979 40.3506649202307 47.8278195786113 50.1794643077338 40.2039296534643 45.0624746795966 44.0885865729137 43.011823054149 45.4122588020584 44.0812648723652 44.8554362467797 41.9150253792068 41.5316426541558 47.1930646217435 45.0019964584556
22.2849631829717 24.4707148322146 22.6662400932918 19.5321305790107 21.3023815170862 18.9353511276852 23.0731091537458 24.8861940962695 20.8290079027306 21.8877107196441 24.084381813224 22.2394848402398 23.2939119296398 20.9358603914475 25.299885094438 23.8126014717702 21.0426981163222 26.2295685802804 20.7278616787318 19.0366361899595 21.7927874570996 21.6984137329776 24.3366005215857 23.6165703655982 22.671493128799 21.3388185137417 23.1861380944539 23.5260525825727 24.7775338511425 23.5321108722235 23.7332017752592 21.0866526309436 26.5428760001565 20.8009249100779 23.7529134289736 23.1042485688165 24.7878138008756 23.123828077341 21.3869726888332 21.9259931734498 22.631117200432 19.5316386512614 26.5966409874348 22.7006456276606 23.119697969961 24.5912332117518 23.7758675803756 23.2225897469747 24.0022595861565 22.7223560703818
-256.823620480753 -403.93004341646 -298.663741536567 -293.984406551125 -333.18089214525 -316.711186468582 -220.126666275116 -345.046362708201 -338.592744419076 -353.384181159248 -285.595759155602 -264.449002202082 -309.166514658887 -339.329907847773 -324.157575028007 -269.458053569933 -297.735098345972 -254.659184942461 -281.533223315875 -287.973430513867 -215.981357925351 -258.903638801293 -231.306462753755 -202.743916747524 -230.213534052836 -434.773723305303 -199.552212479614 -210.214678659017 -285.70724441444 -202.121281744695 -338.713320832547 -357.978981674364 -188.310034804428 -234.8269616389 -356.886586997049 -268.445707251081 -353.185708152805 -304.376733936265 -395.073479514732 -307.15561849768 -274.69165037604 -247.514980267669 -231.868438763989 -384.747722031106 -241.259426361955 -240.952883613251 -192.26461545478 -288.550339305331 -241.950468742594 -244.047579411098
87.6578408042885 75.852534655127 108.077620702596 91.0421226202875 107.181178642844 132.628086599174 91.0577978121249 95.5547624948429 107.180723493304 71.0977583859079 114.965606834793 126.421127772068 62.9949294234299 77.7610098087239 95.8864441285304 124.941604026606 97.5861960686091 75.1362003524597 73.2501307249498 103.276368024403 85.710383523025 97.1053859003237 124.709339144573 109.665933401001 98.8072002374536 91.5109032166001 102.824374301125 113.000791090185 94.6705973408049 68.6803413576401 122.164535423527 86.8308853385891 46.9959042311239 167.708819590528 90.79042450173 80.051578280189 106.556867144364 76.0479823928164 74.4867711603559 100.459606284984 105.269360241023 113.155782974341 116.800146337629 71.0927131642372 99.076734041926 56.3605375577664 87.6138230112612 90.0171067949644 77.9014963517845 84.5337581439417
-2453.31534686737 -3502.01715574755 -2575.0415941108 -2748.10574049383 -3185.39530763496 -5801.08552868613 -1491.39472524112 -3693.42453919606 -4366.76171259831 -1924.96119420144 -2418.75707767138 -2940.11361644103 -2856.84110948134 -3196.55597448864 -3442.01906463545 -3056.64379604511 -3611.41358545794 -1867.67399565651 -3346.994136613 -3465.07653469632 -2150.76401462508 -2856.68625851553 -2574.71470085073 -2418.53433173208 -1519.09997720317 -3860.58055189696 -1756.17877331486 -1798.24545903588 -2846.96136559124 -2181.06598040297 -3795.66810024695 -2368.48859048376 -1390.84289498848 -1836.22254901434 -3901.5226736543 -2550.87928365452 -4370.97893303047 -3109.77858420796 -4296.8529717703 -4132.66678542505 -2887.69734649002 -4170.22936004822 -2665.49617458869 -3735.49899032882 -2393.95459543446 -2351.67261288257 -2407.51486457617 -2623.74715349494 -2036.69080250485 -2260.89074065488
470.949557253281 541.230330240902 825.738935974912 1451.38646224047 669.113768736026 1023.49614408483 1008.65070453988 619.248434605381 979.604598343026 694.011466617695 749.393751531024 774.205228474763 690.548045371157 1261.87864586177 686.943952705137 1278.62303015401 973.412187557947 940.456454650617 352.050139929854 589.424817129792 827.909831701632 787.610176008097 970.722766928709 655.393664796866 770.965240838616 470.03182277411 692.347879018784 726.024193713169 719.32427370711 470.38774995595 583.154142373347 452.83600396159 719.323517852557 592.945560060769 1254.78339271417 667.005366123123 563.643597003612 709.174051936949 386.759656990997 828.557284705735 943.647720974323 1092.07439801881 936.807651211944 849.71720777128 585.160880808369 433.704699922079 866.696041532149 926.944474413882 1194.0095283251 568.035306324683
-72.8488376776781 -2.33023384888669 -24.8903542850647 -86.0045973039776 -84.3358996155728 -25.7060374579324 -110.843114297935 -41.6070138392807 -29.48651052249 -73.7598797991101 -42.839243782226 -94.3058823622155 -61.502086737059 -49.2745972738513 -51.952555846307 -54.5753314010004 -37.4714767236546 -47.5158107543145 -74.6772919316979 -20.0611014253847 -49.5857832691898 -40.821287898311 -75.9886296115227 -41.2741017447628 -39.2142391622301 -15.940818427713 -79.0329792764426 -38.0758007354443 -51.4702402579 -98.5769834515378 -28.8059798427398 -38.0922720374997 -89.7327033730891 -72.8767583291445 -18.1744430264576 -77.8988064900956 -49.9205791844585 -35.4852416316581 -39.8082148338665 -54.6182930959058 -22.2306525838901 -60.7641471855386 -71.9156248232015 -19.7399322056959 -13.5876522297129 -56.3766090955067 -80.0124879981348 -57.2996189142147 -9.16302660790167 -120.428941888384
-15.3088006129003 2.69146409894777 -3.74976018221754 -23.4622373413315 -14.6515871744984 -8.30925422306644 -24.5632537549317 -4.59471169294892 -11.7685158615821 -15.8731177492082 -5.28991775457875 -20.854951559387 -7.09152646798451 -6.20392734797984 -16.350695648921 -6.89684974949748 -8.97584295933689 -16.3341470297822 -15.4717443935663 -4.96941254665932 -3.57522267560508 -2.45166563273188 -10.6772865257075 -11.5082457033351 -2.39378511491647 -6.33713245801794 -5.5908165539146 -9.0194622462375 -12.9031439273621 -23.4276151747013 -11.8498984162136 3.29127323289813 -3.06577197457664 -18.8677265654402 -2.62802373799495 -12.3154896776672 -12.2681369738397 -3.00300648067307 -7.93945064737459 -18.010193320922 -3.48688393170824 -8.63804960651122 -9.70969662248525 -0.454481742287279 6.9064582433439 -5.08164632511844 -15.4464859564687 -11.3317279980583 -2.19269511223693 -10.1507685142434
3055.83008796092 3299.42329732041 2745.8906331291 3373.89695289224 3679.1629946945 4095.0201109497 1990.33874123776 2732.30625539148 3319.15388252021 2862.86482647613 3043.34618406504 3118.41798170923 3605.5299377861 3183.24084928874 2562.69741611369 2682.79150877758 2318.61613409115 2792.72072363887 3364.84976569075 3684.51809833378 3067.05899739596 3123.14714905324 2989.47241875857 3369.98183481183 1869.04899243686 4604.2415068694 3020.48999737257 2906.74832025114 3263.73251440386 2928.16396140938 3725.21884639589 3043.89551143552 2151.1522639627 3092.17880917901 2718.06593788337 3173.11917830529 4318.60777199017 2612.53632723952 3023.69419364268 3630.41639674074 2995.16761651856 4015.73682461537 3079.21460419253 3090.78268601012 2574.07738706453 3154.39601005447 2727.86772095026 2435.84515020142 2617.43944460634 3097.14980868063
544.283039128426 607.633876740175 930.118480067884 568.892077654011 617.899747257886 502.756607523481 733.128766106738 477.66790568023 567.008846352497 1316.75314962071 515.69723461574 872.455096489265 1086.7560890675 405.27055923613 546.502828798957 937.613941101305 759.649375109479 399.439448519175 707.982243532827 657.981508194632 676.856977226728 849.29609861228 817.998098629328 1018.17833831652 703.128318132894 262.16963753155 591.85227297594 479.697531272789 660.47243302906 379.132450268422 609.819087020203 1007.08236685341 697.968981370124 1076.67525664215 831.31187646523 636.063640459813 727.934212268412 777.38371815477 487.905733009695 1077.13266649771 687.84730810097 1238.1552072682 504.438149929362 803.837720314077 528.55243830983 618.450253534218 389.513601709501 583.24392585402 528.91315599513 1035.2846656144
100.838480120417 228.772982417636 185.199748487677 114.773970026122 81.7124997050249 54.4560969664585 151.500429926136 73.0608739239882 91.4787917916475 244.682353361416 108.993352257957 128.38729683529 135.661778846574 135.561977791127 97.9423291067924 83.3591963444826 115.158718229028 110.197735927846 69.037408576629 47.3493461517671 104.972689893112 72.6261903035132 115.676403020829 154.667615241977 90.5110590628776 245.417364698987 128.329853393325 103.188214943051 105.574122582245 68.0239729151365 28.2729196934268 256.72693422672 111.006039061246 197.651311817403 133.034359521785 61.9837322596366 160.850986244333 88.5391860923758 18.24533248359 110.059047899417 115.490680044702 85.0439184126533 96.1770015452729 209.728760997108 88.6137266240125 128.966927092422 45.8273395645355 105.227401457222 161.78544907604 120.403639867959
62.2351387682731 70.70012050915 57.1555722417122 119.223986740045 48.4851043709277 35.8781504251052 73.2971954540484 38.7823598970144 68.7900939452834 60.5401687347234 31.0667615517505 41.1799604562512 106.16736072386 54.7352985845203 37.0926967973707 42.1002558349465 44.3075128409448 26.719086265619 38.1498130622396 29.5290342106124 62.845146373209 61.9995165512805 18.1850563481177 77.7339570264476 44.6609271135566 42.5187250403199 53.2327937221595 34.0729432994384 24.8398578410163 53.1501678568365 17.2750320636811 50.773618229454 78.1911563641572 58.1978122459687 81.4899534020533 73.2431765899182 87.0905598187254 63.5730634072148 22.769941222538 62.9320140858484 39.9663007356977 62.7019304575165 74.208900231359 64.1250673373173 33.9530000480815 78.6824323507643 81.9208043187557 36.0482203743216 107.580678505878 39.468441209239
9.77100826493822 8.38694133413237 9.40657150460625 9.6094134693105 7.56150253379091 10.59610761362 7.34044527221104 8.23799034348424 9.08215190736711 7.48810604323356 8.34044052788568 9.90658436884189 9.61682747408032 8.92500813371452 7.89913130427789 8.43808859428746 8.38739336809864 6.18274368852061 7.84271589015366 8.96220171650177 8.40866467003472 12.4540154734869 10.0170339595236 8.90046364394871 8.01896156056839 10.6117298618666 9.37624814056183 6.85349259835373 8.87340153772322 7.97103280799089 6.90390370598769 8.52600311857784 7.20045502112097 8.40301332844995 8.18311970249107 6.51754447272242 8.16393592306461 7.5193865057395 9.22978724528887 10.8149366395414 10.0264997530256 9.33236234409914 7.41229070526641 8.26314063469376 9.02599230437761 9.19308389003873 7.34730515889215 7.92318425651309 7.35794835210528 7.84937888131168
77.2405126578787 109.667364974084 157.75193928076 117.690216791723 96.7956420468148 67.6344091459053 138.548633089092 69.2626266772644 75.6487038418697 190.44567978144 91.6561964555866 115.248400059625 128.039546483078 78.9624479962779 116.924304036872 100.90890231977 123.779080261028 88.9012992445312 86.3735061985549 44.4093334941136 108.055063311668 66.1750228056549 74.262319690832 122.754354399786 40.1603719225833 132.534058082412 98.545900029693 107.640724559644 128.720465314063 46.9929767905585 46.9857254984095 115.619911907397 96.8663149041461 137.276101749968 113.745354727021 104.510238694546 119.415888984402 85.839332377751 12.6566454724634 125.652032343091 83.4025102944587 107.974157263098 82.4254614350868 137.678540059482 87.7687014139742 136.854215665703 27.2769992650545 71.434955813422 122.933485831919 121.349207703438
16.2353628443006 37.2894714381877 51.5260066176092 60.6620546659792 11.4037577642813 22.0493249804438 69.8662882777605 45.1004862501316 58.8430572224048 44.6615902542033 24.0108680632933 21.11533552429 44.3221240895248 26.9148762960602 22.9614682108007 28.4021868259305 18.8533307270578 19.2137410738336 24.4558575647555 10.2797890067459 22.1517885448813 44.1639564282667 12.6155385976626 39.5429148546803 11.832971758502 34.1504840556592 26.3714711776945 15.2764568171847 28.3272318311582 12.1532779482367 13.8295412490228 32.9385409465078 59.5437927109737 33.3643262363833 42.3359570598085 39.13631376001 35.0419447786556 38.7082186282533 4.38495137250439 53.127962492998 39.7606611933141 50.8631886438539 40.4281217278706 34.8086496003945 29.523857229996 42.4599522358792 12.8207532129739 9.38712485942013 12.810121275724 26.8047288693383
7.62932089897808 8.19512720816225 7.25396842347243 8.68420001075379 9.31262078954642 8.50429300798837 5.51232665381137 7.15985066588965 7.47425037161627 7.4907080229963 8.42959308688279 10.1565424067748 9.54880398175727 7.81039173662924 8.31986195568037 7.33733412053598 8.50597526160657 5.02581025170155 8.46165900239514 10.2399919533211 7.43287290686932 6.46894063317964 7.92077508432425 6.64323401190516 10.1086872980822 11.6309533869108 8.54291276046944 7.20168854796711 7.49378848381837 10.8507061648977 6.55340224078265 7.81193981567661 6.79634107775582 8.96214083273692 10.8052297492961 8.20108160993473 7.74528158471826 7.16547266123608 10.978906761557 8.17401301452944 9.96240387840227 11.3532472960868 7.25951666033335 8.45071056574501 9.53360829760106 8.37241843430826 8.06713518452517 8.48153063290424 7.41592105972604 6.96517666697438
92.9615979818107 72.9523193708819 108.029070278019 72.4443013583998 73.0078189287917 55.7501682612459 177.948489326286 64.8861011836121 55.8212616705844 187.217311181272 82.362549156514 124.226894801479 60.2241205190169 50.0552815846647 109.333755151935 90.3990750314602 89.9961336561513 120.342361872571 80.0718451675154 26.4372739808148 112.765655941561 88.7452593290213 91.0463558612541 106.726357941519 48.3135957407737 130.55101290169 100.047541272892 117.282676113067 66.7955037946686 81.5458006633105 12.3809943885844 113.481931073291 80.6233158423491 172.276309143985 127.494232743601 77.063371530544 49.5751473592063 91.2706212376858 13.4317931431505 99.8097507168341 107.363150796338 90.4812415636596 67.5485974867898 110.076177867026 117.190089816062 73.9283479966409 8.33674343766867 71.3552172006007 16.6017997261006 105.506019796645
45.9622532952558 55.0403170947888 46.2893606431836 59.4537277666654 37.0928610405151 31.0726741237825 61.5762163108687 44.5722704209659 48.4838108725939 31.733016297149 33.020810958085 50.3734886217626 59.6037917910746 34.6719483089841 46.7287776170946 49.7262263959279 48.9897642149081 30.2833177547406 28.6010576549638 31.6034344329001 36.7685900835837 54.5386107299276 17.4438008069928 65.6385696793202 24.7724817745407 29.2203317389272 56.6199907922984 38.4283397780535 29.1266966781475 27.5637450756398 15.2192742112685 26.6943765911253 28.876054596556 39.3079497532657 54.2534389276939 65.6525772179276 22.2736502058738 52.9041202016014 16.009106307712 65.2374839747984 41.158821469945 70.9165047303803 80.8079298315939 70.1665215353504 40.3494003017129 64.4236519293295 20.3627102012549 16.2836223251552 63.6952702790752 33.5599994064962
0.529271362446734 1.16127616686841 0.524916108392561 1.43239411893651 0.714298556857108 1.76051292983157 0.000238011735370905 0.820223939363931 1.80179326135946 0.443708367626118 0.851756222866984 0.708937860071124 1.7842929545432 0.909825027635596 0.549282365625129 0.925776194033146 1.32221986718287 0.0685552722564652 2.04342654615471 1.39655377082551 0.910694765080556 0.825474861451498 1.71982279389399 0.583023399884557 0.155064269368152 1.02861974169062 0.796785605774146 0.886887754402671 0.936363646077459 1.22760486658925 0.0321800587818585 0.830935789856662 0.132538954990278 0.20418393170739 0.803010071651068 0.623520651635856 0.259935761386249 0.983085462379497 0.677777099776398 0.760978366264384 1.22803801639629 1.81199767120404 0.372339240421319 1.50780131774492 1.41407052292581 0.82666016992986 0.51425785880855 0.992106996551953 0.244648137416174 0.605536599616072
70.8464141677325 103.5817840456 85.9921966132191 92.8134317399536 43.8856814970536 47.40471131226 83.8843102313989 91.7202971128724 67.7646999719039 136.531907214128 73.0610420008459 70.3702799014448 109.595775430009 31.8632016632943 91.3040392882783 77.6562073676872 105.916701473278 75.186553359758 58.8566072603996 31.669147612662 88.8557272127517 76.2579090502963 85.2346715114557 41.1147088634392 44.2936176474647 46.1979198112663 46.0198772463144 103.123587811575 74.8923181468334 42.2064556461901 25.7973019550862 84.2708882620914 57.5132872820606 124.600111230108 99.3429920135324 97.8070975785931 58.5754062647275 52.5873606929588 53.4267722145991 102.396590177921 65.0217089343642 85.9970176460811 73.7156993251713 86.8846311721445 89.3216634557626 81.969665562584 45.4077726484842 41.4763289510684 57.3127056827477 81.9269179481869
24.9589333902419 22.2431105159833 35.0197806547625 35.3072838104386 33.4591463123194 34.2101728352821 31.6440171940408 42.5557495958032 28.5265716026066 25.5470611652628 30.5466998895857 52.6915180475348 49.6719477774483 16.8776565879157 32.2931821743709 26.1976751350482 35.9114211180552 19.8141284602269 24.6989771137535 26.6767219491308 34.6305147122965 37.6059963005005 35.7871377089714 34.60964295632 23.9557965207178 24.8374035342926 23.0695355373836 33.5515313173775 25.1034122960516 22.64075789315 12.612699963337 28.7022399836712 16.2536699884023 37.599500657886 62.5419641624349 41.2568718056372 21.0981028252707 36.1046883119481 21.551210710891 38.9869055537563 39.1592779576124 46.8738015685642 55.193790934197 42.2902117378755 27.1196603708009 50.5122467907376 23.7539724609297 16.8536264876676 21.6836152327267 25.8577779512076
5.27203501408086 11.2603525486967 6.95394215986663 5.45074298513519 5.22225266425019 8.65375131644275 5.84424507748254 6.49136673927817 8.40626639156062 5.46482288856672 7.13102629102753 5.7082998432122 5.86243986401625 6.49759298543315 5.62338721263132 6.19005690304317 6.43825119393024 7.93626884290216 8.60792749007037 5.70008579869654 6.46238596161847 5.76309475315053 6.61977398442186 6.1730762514598 6.54556347156028 7.06462772437566 6.42941343048094 3.76707533957606 7.44603442652413 5.41552162435176 5.14243797859007 8.44866545930451 5.80072091311743 6.64361310800916 7.15678473369004 4.90418597767718 5.615415433881 5.56106312533143 6.85643771125906 6.07634515428233 7.8236696828619 5.22848708021584 5.58749038348628 6.47362282401185 8.30377093403568 6.74238739751149 5.21287513307495 3.96803367176397 7.67185837030092 5.96977950576557
1435.40754969916 1577.65558792773 1381.92521694946 1458.86202636938 1660.94398756673 1644.53068312212 1149.6812151494 1504.69760828911 1659.28839551844 1303.69242678807 1455.29219533537 1407.73060339361 1533.4034150217 1537.45964936823 1507.05860753521 1541.62435121175 1526.01121088324 1461.13886809959 1337.52556084058 1464.85342083763 1305.27898698511 1481.57253101756 1219.08548948526 1410.49474622728 1302.43577375373 1527.6251655782 1500.60625214507 1450.97644443066 1435.90828406713 1329.48709464773 1672.95627885915 1248.81280589707 1444.9016372771 1248.80923274037 1578.3776978832 1479.66049377878 1545.90131292945 1511.98882095132 1527.21007561096 1641.44300992078 1406.02400988772 1349.94127941077 1317.83839482056 1718.27730110797 1402.90189166825 1336.599332906 1428.03239230325 1425.80575114185 1294.77070546222 1388.41701355064
-0.0344725403345925 -0.0301879651703452 -0.187448615460836 0.00533044714444236 -0.0382806905303801 -0.0799124995872047 -0.127100533118543 -0.0602235736545341 0.00375938124215462 0.103075340445405 -0.0529452850152764 -0.0328586647552586 -0.0146849325607361 -0.0752787344788566 -0.14075810882242 -0.0984312105716304 -0.0645943996385825 -0.0423734291479701 -0.121345179722789 -0.0376543825710268 -0.0325130618010361 0.0198544279509523 -0.0213119773968022 -0.00799211928996787 -0.0823347614652553 0.0328552223679541 -0.0367839996655226 -0.0906089131750786 0.392956590028738 -0.0643833873892178 0.292002658562462 -0.0180748201040083 -0.0586868340736305 -0.0330009718744883 0.00286312683572748 -0.0644684276544054 0.00575472928516023 -0.104853098636541 -0.0141353807388915 -0.107175219526465 -0.0271831583278362 -0.0457284889644961 -0.0645017574784783 -0.0717419269149589 -0.27924217222491 -0.0725106456869187 -0.49253950662962 -0.0527404507336438 0.0621392748609053 -0.120107868085399
