  economy_id district_id expected_wage_bill budget belief_expected_Wage_bill
           1           1   99.264280587469628        746.02634913427732        154.34761973564835     
           1           2   96.858588725053309        730.00205520171698        154.34856282755018     
           1           3   107.11785572054872        812.13131781794505        154.37776673833008     
           1           4   99.613967714571828        879.73257045303069        154.34761973564835     
           1           5   99.113954016061101        892.08531921217389        154.34310829184392     
           1           6   99.256147632944092        719.57133198657971        154.34310829184392     
           1           7   99.724716242020165        770.51415193997877        154.37694879207589     
           1           8   992.34001244889168        847.81994000000009        745.73276540097220     
           1           9   96.208120481573744        839.62383399145313        154.32600198680944     
           1          10   96.801115543218629        892.78563188813780        154.35984504476454     
           1          11   96.549209880178793        734.54369391175521        154.35984504476454     
           1          12   258.51519679029661        750.95830325015083        164.78086096210112     
           1          13   97.703588342712166        843.51970419447957        154.36788289870708     
           1          14   101.79004583003619        824.34636712880501        154.38716440287101     
           1          15   98.957102457806442        905.20474613427723        154.34310829184392     
           1          16   98.201825410429194        722.31364423035450        154.34757649478166     
           1          17   99.270791931372756        763.09433259513492        154.34310829184392     
           1          18   97.862928050185289        784.43033082992019        154.33404104835353     
           1          19   99.205935579282695        857.64608070867075        154.35664319820114     
           1          20   99.020083545423375        858.14572420330421        154.34761973564835     
           1          21   97.474891362523010        745.22438740673249        154.34757649478166     
           1          22   97.796288561603191        736.66703763427734        154.33404104835353     
           1          23   99.946354421704612        814.09646003950354        154.34310829184392     
           1          24   99.884588234453645        829.90240306341491        154.34310829184392     
           1          25   96.241718128488017        832.19614438817291        154.32600198680944     
           1          26   98.919971659007999        686.61110849241607        154.34310829184392     
           1          27   106.52721621166356        742.39850241470356        155.53851230993413     
           1          28   98.600347406745442        707.56589125372864        154.35660108400700     
           1          29   103.72553782009649        794.29629813427755        154.38738496758839     
           1          30   477.70724161668170        818.09641973827740        313.45050752102520     
           1          31   3428.2958804578120        831.96290993549997        3233.6124037359241     
           1          32   99.554579787053868        708.97303045125409        154.34310829184392     
           1          33   98.481934263300516        727.99354100676146        154.33404104835353     
           1          34   99.151314533206772        708.61200586777238        154.43337358947022     
           1          35   100.00080942935936        783.35426596376840        154.34310829184392     
           1          36   99.372953410598342        662.21232041784663        154.37694879207589     
           1          37   97.713422047660742        703.24412809368050        154.33855267218456     
           1          38   101.75599327764006        761.50972104613186        154.35783665401746     
           1          39   99.089836745873143        753.81829965364170        154.34761973564835     
           1          40   101.46785527416749        778.37803636699721        154.35783665401746     
           1          41   96.628060189868933        667.42455816565223        154.33051377166342     
           1          42   99.190862164249765        703.15502213196885        154.43337358947022     
           1          43   97.943738629410404        742.60527513427746        154.35660108400700     
           1          44   100.87421382053135        768.84241279437288        154.37588354108505     
           1          45   101.73442564518503        746.75895744697868        154.34541916065567     
           1          46   104.26303278050541        645.66787458766566        154.36933897933798     
           1          47   4093.1530308841352        780.95737460713883        3775.9300270985250     
           1          48   100.17793281619271        724.40778827638599        154.34310829184392     
           1          49   3521.8942088281729        897.42869186070800        3450.7311826058390     
           1          50   429.17714597194970        939.51210713427736        223.52294117097134     
           1          51   96.302837622087964        653.98189103348830        154.34856282755018     
           1          52   101.99459012584104        703.96686683670464        154.35895405566131     
           1          53   99.033122179820865        690.41634456144322        154.34310829184392     
           1          54   103.17616482316021        779.79519280667307        154.39866526764681     
           1          55   100.50438899548186        850.21512775618999        154.34310829184392     
           1          56   106.27487339548793        678.80737888842157        155.53403159135874     
           1          57   99.181565110724733        685.90784485070799        154.44466214461747     
           1          58   108.49541045906980        733.41183112553949        154.37776673833008     
           1          59   97.861194116578801        747.03310732668274        154.33855267218456     
           1          60   99.383884888229602        812.36731536013212        154.34310829184392     
           1          61   4346.0071081368042        779.64743786250006        4055.8280523629915     
           1          62   98.302182114224635        726.93088522777862        154.35984504476454     
           1          63   100.91736442521082        730.22546947510250        154.39844646278252     
           1          64   99.070359055715159        793.11584613427749        154.35664319820114     
           1          65   98.669546729060102        788.31316996072519        154.33404104835353     
           1          66   307.25642776001212        686.34832117505994        217.31977478629508     
           1          67   98.997628906401246        753.24348489750423        154.34310829184392     
           1          68   99.000602604909460        748.06798881068403        154.34310829184392     
           1          69   100.78342035347899        761.88395660213541        154.37925963250925     
           1          70   99.641154194482326        825.35939906754948        154.34310829184392     
           1          71   97.683260905216287        665.91443313427726        154.36788289870708     
           1          72   99.332962462909606        718.08906407965742        154.38823135485549     
           1          73   99.396993697905089        744.35692682139415        154.34310829184392     
           1          74   99.062935751199859        764.99475699637821        154.34310829184392     
           1          75   100.89973285820653        789.21875956510655        154.34310829184392     
           1          76   99.148412337786127        714.59768782959259        154.36566742739473     
           1          77   103.19169262312782        703.13223809192584        154.37836159012605     
           1          78   101.18022288250455        771.06643513427753        154.35783665401746     
           1          79   99.518581784438595        764.19878759381390        154.34310829184392     
           1          80   346.94660357410112        815.64476544048546        221.04939983353228     
           1          81   99.005410814458543        696.05650501216780        154.35664319820114     
           1          82   99.709752347054476        734.41128037112878        154.34310829184392     
           1          83   100.92602894404506        728.82572765161990        154.34310829184392     
           1          84   100.47245774055435        783.95991864255143        154.34761973564835     
           1          85   349.25235865565145        753.00845955212401        221.07153638466517     
           1          86   101.13452010951056        678.15190902461188        154.34541916065567     
           1          87   101.89320083875747        707.02572507277375        154.45487473854837     
           1          88   300.59316992585337        754.17214925185033        217.32717546449501     
           1          89   99.337702070760415        775.81572507601049        154.34761973564835     
           1          90   106.51581212465943        809.76308433265456        154.37776673833008     
           1          91   102.29255586187419        634.22207183756154        154.34993060067606     
           1          92   100.75981552416809        716.37480891784662        154.35332541139351     
           1          93   103.07794738807225        719.80155864692961        154.37836159012605     
           1          94   99.118674450840615        765.15175447177603        154.35664319820114     
           1          95   102.45169298375130        823.26747396179405        154.37925963250925     
           1          96   239.87141954735642        662.56630913008405        164.72460900365277     
           1          97   99.314354850691515        674.66849719635388        154.34310829184392     
           1          98   97.731574009627806        705.17085622101092        154.32774292376610     
           1          99   99.298941495976734        754.71075341784672        154.37694879207589     
           1         100   99.159913407210880        781.99127403642387        154.34310829184392     
           1         101   100.67837094417601        685.86941870384078        154.34310829184392     
           1         102   101.70352006523289        680.79624594590882        154.37925963250925     
           1         103   99.110164473204861        708.43069755601766        154.35664319820114     
           1         104   99.022178880330799        727.15202768721861        154.34310829184392     
           1         105   99.049321939675465        790.15410177513832        154.34310829184392     
           1         106   99.551032589830584        698.21857413427722        154.34310829184392     
           1         107   120.58354367280522        739.74089801343735        155.55643712079825     
           1         108   100.44016018506838        717.04908735891092        154.34541916065567     
           1         109   103.20647034707079        765.94808997378300        154.40994676585638     
           1         110   105.12456598134548        745.06469713643185        154.36482796142616     
           1         111   99.497408054104142        672.66705654672489        154.34310829184392     
           1         112   99.082816664542392        730.56216471392872        154.34310829184392     
           1         113   103.17167175889907        752.57325513427747        154.37836159012605     
           1         114   243.92948324891441        748.14114783220805        164.71979883080212     
           1         115   101.05735516542200        795.23876653916818        154.34993060067606     
           1         116   107.56169206363325        656.75228555633362        155.54747432803623     
           1         117   363.70782562562431        756.34916685448525        201.83589306479180     
           1         118   376.36427048897110        808.05841714251619        219.21105909973849     
           1         119   418.64323883713314        858.02244273141605        223.32303273506378     
           1         120   98.957521015716679        791.78420813427749        154.34761973564835     
           1         121   113.25084469783795        696.25576214205114        155.69006143062128     
           1         122   103.99709244757605        696.50793644934720        154.36933897933798     
           1         123   97.697903239932529        749.81535045767828        154.33404104835353     
           1         124   99.448912821765603        820.41058303739237        154.35664319820114     
           1         125   103.33310114990607        823.53825419950169        154.38981749704874     
           1         126   103.20936051290553        668.70988234657671        154.36951282673095     
           1         127   651.48365251539212        805.58441641784657        643.28912849652147     
           1         128   101.30221452701259        727.11268698078709        154.44358668615371     
           1         129   98.008424757168982        781.55605462731432        154.37916591148843     
           1         130   100.96680161338323        830.64044766562245        154.35332541139351     
           1         131   99.137396857080887        678.45860221286136        154.34310829184392     
           1         132   966.49108018465017        798.75571332984657        627.07710354692472     
           1         133   12015.375656879340        896.22677312799988        11779.924345292633     
           1         134   99.016957473032917        765.07901913427736        154.34310829184392     
           1         135   99.246160160765385        836.65971203352353        154.36566742739473     
           1         136   5205.5059114317446        802.98995001196931        5074.5689386907852     
           1         137   97.789367370492926        709.42348125254341        154.33404104835353     
           1         138   98.925721031634978        740.19905006127112        154.34310829184392     
           1         139   99.787525134933674        819.74743413840599        154.35664319820114     
           1         140   234.64333744924980        797.29683029911291        164.79777997323220     
           1         141   6635.5792221844240        767.54043899999988        6145.8827319766842     
           1         142   17035.359734331596        810.85646454863854        16687.028233484245     
           1         143   102.25400517291713        751.78048538641667        154.37588354108505     
           1         144   97.731630523198362        770.58198407694113        154.34757649478166     
           1         145   98.063082691653250        824.48145708165941        154.42430994588904     
           1         146   123.44597787803615        686.60584100215613        155.62368276569407     
           1         147   98.995510682621315        742.37711021466123        154.34310829184392     
           1         148   114.19044909815821        707.60722141784686        155.56764170121863     
           1         149   117.59785976232831        794.29375543646393        155.69901581332945     
           1         150   10638.620216741347        972.57894055500014        10039.308399358053     
           1         151   15288.185591914333        740.21102402827728        14947.108593772566     
           1         152   100.79336213105313        728.34961026271537        154.35332541139351     
           1         153   97.938768302524792        743.43560291536005        154.33404104835353     
           1         154   111.55700904878498        738.75472829203409        155.53403159135874     
           1         155   99.614273697141641        793.40482713427741        154.34310829184392     
           1         156   100.14547620273044        689.51266465377967        154.35664319820114     
           1         157   99.578505877495431        721.46954705388043        154.36566742739473     
           1         158   307.70955042630987        773.79841998704580        217.31977478629508     
           1         159   107.98937692047014        776.98553579631323        155.56764170121863     
           1         160   99.877749704916539        798.24291748991095        154.34310829184392     
           1         161   308.96934191861641        671.09948209169431        217.31977478629508     
           1         162   311.74901635612281        726.95555813427734        217.32609039485297     
           1         163   99.010525368774992        770.31871795293659        154.36566742739473     
           1         164   97.509544507879426        805.48630377175721        154.34757649478166     
           1         165   106.09670639826503        780.11629869771286        155.39610660881758     
           1         166   99.182612493513972        672.96415914353588        154.34761973564835     
           1         167   98.100861432738412        676.31048921081333        154.36788289870708     
           1         168   99.589136755701645        757.91438213693027        154.34310829184392     
           1         169   106.46313725861816        825.94205785070824        154.42288303403933     
           1         170   236.37905028197989        848.36732256432902        164.75150418490276     
           1         171   109.49194414026407        658.69031066092862        155.53403159135874     
           1         172   110.14207623324849        709.46869487790616        155.53403159135874     
           1         173   100.05371121721866        716.93002326736189        154.34310829184392     
           1         174   103.96247114951773        788.02516737629890        155.29957119313789     
           1         175   309.95411827042841        889.94930532541673        217.31977478629508     
           1         176   4451.5388349090472        903.36799156713857        4393.7106462574848     
           1         177   111.78408351601770        704.22059430157833        155.72140516345198     
           1         178   99.775994432522509        760.82360215759832        154.35664319820114     
           1         179   100.42842680533037        757.70394665939386        154.34310829184392     
           1         180   309.98812307055533        813.28110911937881        217.31977478629508     
           1         181   312.62065117117788        719.64430067176420        217.33872240890167     
           1         182   233.48851314938739        726.90650826472609        164.71596268640357     
           1         183   97.619187502036908        730.26835513427750        154.37916591148843     
           1         184   99.485391064722407        793.11373798656155        154.35664319820114     
           1         185   101.31614992100765        788.30868267380629        154.35895405566131     
           1         186   101.43326268509549        686.34365745600530        154.36797827728705     
           1         187   97.589214918119950        733.05997993129517        154.33855267218456     
           1         188   113.30787928302625        741.04903790572257        155.84154207309703     
           1         189   97.936297155632744        758.55048754291909        154.35660108400700     
           1         190   101.02619965937893        847.84532313427724        154.35332541139351     
           1         191   97.911522617547888        672.22405063065275        154.33404104835353     
           1         192   103.14835219194767        738.26145233201555        154.36048977467073     
           1         193   101.06364885284098        733.27972979816627        154.36797827728705     
           1         194   133.91236571245531        771.97837431167648        155.53403159135874     
           1         195   309.83883081354321        802.70386703693578        217.31977478629508     
           1         196   97.236010951699114        719.05643914253437        154.33051377166342     
           1         197   107.49178413602507        704.31075963427725        155.57884749228327     
           1         198   101.13244289972513        780.03750514923934        154.36685971422389     
           1         199   98.955972053319329        736.66003434273523        154.34310829184392     
           1         200   99.673183695675391        815.44356788784296        154.34310829184392     
           1         201   242.96217729281466        676.93521954827293        164.73422996136426     
           1         202   99.691245217532469        727.74855973078650        154.34310829184392     
           1         203   104.33170911374731        746.88861658646567        154.36482796142616     
           1         204   98.916452839163810        805.42378991784699        154.34310829184392     
           1         205   99.332080011544036        763.97716982479585        154.34310829184392     
           1         206   106.06271361153557        697.26203104083697        154.40032249007106     
           1         207   99.623351549930604        696.50211544004014        154.37694879207589     
           1         208   98.792048526959874        751.85367810060291        154.34757649478166     
           1         209   100.96998389972849        789.86806154433839        154.35664319820114     
           1         210   101.20325240024798        774.19725817859910        154.35783665401746     
           1         211   99.687573375782776        628.71030641784660        154.34310829184392     
           1         212   105.39304708521024        696.19515004031518        155.40740753226723     
           1         213   311.71736166383209        719.79666948672661        217.31977478629508     
           1         214   99.205595750037432        757.78660325622138        154.34310829184392     
           1         215   98.986192424968905        799.89822791802101        154.34310829184392     
           1         216   99.288752874899515        656.24876464893157        154.34310829184392     
           1         217   310.09697569385162        691.82897036909696        217.33872240890167     
           1         218   99.427434284774321        725.62392141784687        154.34310829184392     
           1         219   7540.1674607686764        936.18785653819998        7020.2206202021734     
           1         220   105.64996406550473        805.35344800590997        154.41160216296498     
           1         221   18752.717147322877        787.26202270199985        18043.183317284693     
           1         222   99.071302596351543        660.61311681715199        154.36566742739473     
           1         223   99.258232465682752        701.41241731334787        154.34761973564835     
           1         224   21162.133285198441        887.23725109599991        20807.090718258645     
           1         225   134.92009683936917        782.48503241784670        155.53403159135874     
           1         226   35326.041890516870        808.64531408500011        34275.201568177406     
           1         227   131.52796980037044        719.55817378524239        155.53403159135874     
           1         228   310.52951263894141        710.03066326271085        217.31977478629508     
           1         229   313.03920628438141        765.94259747877732        217.32304159258393     
           1         230   22473.737041402863        958.77848216499990        21168.564168830853     
           1         231   99.709701464967310        688.92128292867221        154.34761973564835     
           1         232   103.13107926430398        749.99650663427735        154.38738496758839     
           1         233   99.120818785896759        741.49800557901574        154.36566742739473     
           1         234   100.77309380840155        768.00460415999123        154.37588354108505     
           1         235   98.324025422267155        817.67813810403106        154.33404104835353     
           1         236   96.327227396020149        646.78222873122695        154.32600198680944     
           1         237   306.94904769636832        718.06852036803821        217.31327269167443     
           1         238   98.347922221522808        786.79462531902936        154.33404104835353     
           1         239   100.10828104871655        791.36037213427755        154.34310829184392     
           1         240   100.05327511150696        791.78206166499456        154.34310829184392     
           1         241   308.17613231884684        696.25144803564774        217.31977478629508     
           1         242   100.01066725529729        696.50324215992975        154.34310829184392     
           1         243   117.46083654145198        749.80916107635437        155.69901581332945     
           1         244   99.562620383058899        820.40402883149000        154.34310829184392     
           1         245   43941.590805377200        977.39782128000024        42323.677856768241     
           1         246   470.77743283273969        685.78196913427723        219.71775104996189     
           1         247   99.545074597837967        747.92457719521190        154.34310829184392     
           1         248   242.21801241633702        734.12141852319996        164.76790974039014     
           1         249   101.12909259694700        803.85233329683547        154.35332541139351     
           1         250   99.562041843709366        795.09173351671438        154.34310829184392     
           1         251   100.88821857512271        672.89402355294737        154.35783665401746     
           1         252   50679.246080446930        833.37757769999985        48992.810733433857     
           1         253   100.02581098226436        759.99390513427750        154.34310829184392     
           1         254   100.57307841178978        765.07673669609449        154.36566742739473     
           1         255   99.575695818317328        836.65484941973011        154.34310829184392     
           1         256   99.809715507224524        671.46140667133966        154.34310829184392     
           1         257   98.986051097336187        726.59844719808711        154.34310829184392     
           1         258   99.212712897183138        760.59512693088641        154.35664319820114     
           1         259   111.11169488941239        799.59934814985911        155.44104585417412     
           1         260   317.98758520792484        807.23648441784667        217.34053358095520     
           1         261   99.466934595653655        710.91639336753246        154.34310829184392     
           1         262   103.73756786054965        679.41502489322897        154.34541916065567     
           1         263   470.06988345770793        743.47876325427728        314.01928316275593     
           1         264   102.95467103838968        757.69624831856015        154.36685971422389     
           1         265   1391.6426748003623        750.43928018784663        1326.4751923755780     
           1         266   96.639837405288091        679.19909155147695        154.32600198680944     
           1         267   99.511282015920671        698.80628791784670        154.34310829184392     
           1         268   100.16006336425409        681.74115131283929        154.34310829184392     
           1         269   303.02356808097187        754.32805384973506        217.30695682861858     
           1         270   101.12446319796364        777.38347041983025        154.34310829184392     
           1         271   100.35514912509824        672.28533332980055        154.34310829184392     
           1         272   102.31518433533168        730.61027034546350        154.35597853612001     
           1         273   99.112530112580004        723.36705121173463        154.44466214461747     
           1         274   238.87835945155706        749.55228191784681        164.74619834476204     
           1         275   99.209558767799422        783.79501549262716        154.34310829184392     
           1         276   97.754337079764909        673.75541602496503        154.37916591148843     
           1         277   110.87992226053285        711.22816563225149        155.53851230993413     
           1         278   100.34503847034362        739.06589174179339        154.36566742739473     
           1         279   98.439167015938253        718.03053050994845        154.34127884347379     
           1         280   101.09774089218104        757.14742909712288        154.38716440287101     
           1         281   99.067205007837586        624.73428641784665        154.34310829184392     
           1         282   97.901803360188168        695.40123060370070        154.35660108400700     
           1         283   447.45783371881504        731.19112009204002        221.13677683052680     
           1         284   99.101902268125599        805.48079638352533        154.34310829184392     
           1         285   99.100803940716659        780.10985172155983        154.34310829184392     
           1         286   103.50530827538574        672.95881347570162        154.39866526764681     
           1         287   98.134674933601374        663.05589349223271        154.33855267218456     
           1         288   101.52983886982011        749.52954141784687        154.45487473854837     
           1         289   96.273896282035849        816.82401919646873        154.33051377166342     
           1         290   99.277476110255094        804.13167669739903        154.33404104835353     
           1         291   100.10066623580677        654.34117908095732        154.34310829184392     
           1         292   96.675442401105357        702.48563506874461        154.34856282755018     
           1         293   110.89444416262259        716.92439077562813        155.53403159135874     
           1         294   98.949405074577825        780.63652653769577        154.36566742739473     
           1         295   99.471090043378567        854.01620213427736        154.35664319820114     
           1         296   100.31074550630828        694.75068384362737        154.34310829184392     
           1         297   99.360793405017418        699.50399578540100        154.34761973564835     
           1         298   100.95938507896376        760.81919774314747        154.44358668615371     
           1         299   99.152377634528676        757.69804733263516        154.34761973564835     
           1         300   99.043727493716858        813.27487627021890        154.37694879207589     
           1         301   100.15425561130471        719.61856118718526        154.34310829184392     
           1         302   99.622621128994211        716.43665463427737        154.34310829184392     
           1         303   247.20893122867207        731.10228893106319        164.72226668520159     
           1         304   101.23919792267158        793.10947892426827        154.35895405566131     
           1         305   105.28325510501193        788.30426734682464        155.53403159135874     
           1         306   99.918775787122883        686.33761747462859        154.37916591148843     
           1         307   103.10658894673922        712.87605725800017        154.37925963250925     
           1         308   101.14184174134193        734.01182458268090        154.34056093610766     
           1         309   98.194021526490843        758.59293813427746        154.33855267218456     
           1         310   101.95188767884902        847.84302320380880        154.35332541139351     
           1         311   99.182875764203274        672.21953417792463        154.34761973564835     
           1         312   97.651672268397320        738.25663949737020        154.33404104835353     
           1         313   100.84795273168473        733.27345608080100        154.37588354108505     
           1         314   99.570579389992517        790.96172553600002        154.34761973564835     
           1         315   102.49682247571323        825.12159464583920        154.37588354108505     
           1         316   100.38299832815812        701.81734113427729        154.34310829184392     
           1         317   98.995741430485978        699.59631004122400        154.34310829184392     
           1         318   101.26100010334717        753.51280842655251        154.37588354108505     
           1         319   102.55600355462914        728.41902543595324        154.35783665401746     
           1         320   98.012019189399354        803.25630031178594        154.36788289870708     
           1         321   308.10348003260202        675.85348492926505        217.31977478629508     
           1         322   98.977372179577984        722.21346410456931        154.36566742739473     
           1         323   377.52151306628082        675.61249770141603        220.42702564228901     
           1         324   101.56194322032434        779.51736950932752        154.35895405566131     
           1         325   101.50899949966107        743.23653853080395        154.44697292830165     
           1         326   99.955471070110093        686.23166196084424        154.34310829184392     
           1         327   99.410219032277936        690.98991013596822        154.36566742739473     
           1         328   99.425008423476370        734.19265625927346        154.34310829184392     
           1         329   99.737794081061978        792.34711609363592        154.34310829184392     
           1         330   100.79025206206083        784.24555613427754        154.34541916065567     
           1         331   99.569937594028829        646.74958959569744        154.35664319820114     
           1         332   243.55045288320341        677.14660163832127        164.73422996136426     
           1         333   312.89991436082835        725.61235358810211        217.36714832589172     
           1         334   99.024800225691223        751.67497190037705        154.37694879207589     
           1         335   99.753311118766064        806.29358170449404        154.34310829184392     
           1         336   361.87952988860644        650.98636038080349        219.03459111589800     
           1         337   99.658014619208842        680.21742891784675        154.36566742739473     
           1         338   314.12774823772742        699.39838329478380        217.32304159258393     
           1         339   98.954269854072109        760.81486892144051        154.34761973564835     
           1         340   112.70350385990182        827.78429565583542        155.54747432803623     
           1         341   98.922316720089597        706.84747922797692        154.34310829184392     
           1         342   98.969594887615756        685.49449104471796        154.34310829184392     
           1         343   351.01441894919645        734.92243649230011        219.02204487816365     
           1         344   96.735003944769744        717.75450191784682        154.37112846003842     
           1         345   99.419788114130114        790.19739463073472        154.37694879207589     
           1         346   99.376062529761043        698.21087314622503        154.38823135485549     
           1         347   98.973702144399923        720.68573891092569        154.34761973564835     
           1         348   99.768239282556792        716.61224871195748        154.34310829184392     
           1         349   100.86974921322427        764.31161481724644        154.37588354108505     
           1         350   99.186961835855911        777.08329182250270        154.35664319820114     
           1         351   99.517859272068108        691.91508213427733        154.34761973564835     
           1         352   100.21438053652015        773.43102883510130        154.34310829184392     
           1         353   311.93097857558780        766.16393765691373        217.31977478629508     
           1         354   99.350256393687417        761.01586385913652        154.35664319820114     
           1         355   99.479530414026087        825.38623969257981        154.34310829184392     
           1         356   318.22994945752112        665.89192418451046        217.34053358095520     
           1         357   306.59105772269811        718.04352092788099        217.31977478629508     
           1         358   101.23684412545450        786.84289513427757        154.35783665401746     
           1         359   99.197083347275196        791.35791964079965        154.34310829184392     
           1         360   99.161052928504731        791.77781516612231        154.34310829184392     
           1         361   99.572643521045080        696.24730239569851        154.37694879207589     
           1         362   99.451231817167965        696.49775298309942        154.34310829184392     
           1         363   99.193368582507347        749.80348177773351        154.34761973564835     
           1         364   97.581103701040746        798.07751575965813        154.33855267218456     
           1         365   244.90225726816760        803.66852013427729        164.72226668520159     
           1         366   102.94164113730881        666.66465660470931        154.36482796142616     
           1         367   313.78797288892156        747.92004641728488        217.34198919914292     
           1         368   101.86419774682054        734.11697261615404        154.35332541139351     
           1         369   102.48468491297602        803.84638487862287        154.34541916065567     
           1         370   98.818478907932544        795.08552846205555        154.36158595726670     
           1         371   98.738458295019768        678.10948560734130        154.43559895093000     
           1         372   310.61698127430134        708.96130413427738        217.31977478629508     
           1         373   99.477175417457559        786.21450318469010        154.34310829184392     
           1         374   99.385776278960208        766.32506225900261        154.34761973564835     
           1         375   96.465297780597112        846.52142020908673        154.33051377166342     
           1         376   108.20662987283268        647.85564190542209        154.42635981915572     
           1         377   105.29265607022067        719.93019814140860        154.36786790839503     
           1         378   98.965566976695357        739.33164490493198        154.36566742739473     
           1         379   99.239026367094965        792.23810913427747        154.34310829184392     
           1         380   103.07031118078028        807.23431467627756        154.37925963250925     
           1         381   103.41449918925444        710.91209401236893        154.34541916065567     
           1         382   102.78128280267917        679.41099645259226        154.34541916065567     
           1         383   107.08918747970111        761.93501490067638        155.57884749228327     
           1         384   110.30484849359090        757.69005374580297        155.53403159135874     
           1         385   243.22707773575777        678.26021043569335        96.656736402340655     
           1         386   310.94546919354269        697.60463141784669        217.31977478629508     
           1         387   101.63458515238541        712.04082091238558        154.36685971422389     
           1         388   105.71873770649384        709.09363268294078        155.53403159135874     
           1         389   240.39869958798545        762.55951905870188        164.73422996136426     
           1         390   99.283591673471904        817.14173503054451        154.34761973564835     
           1         391   104.06336749468791        688.03583619461619        154.37836159012605     
           1         392   377.35541572511738        651.47492767433619        218.46378486896359     
           1         393   97.858531819786819        744.11598885070828        154.33404104835353     
           1         394   98.928975260877181        767.20977716984078        154.34310829184392     
           1         395   296.44484128527438        745.30731853648967        165.60968743533485     
           1         396   112.22956200393368        694.74082534033755        155.63489461200382     
           1         397   99.374650352102876        736.11500611742213        154.34761973564835     
           1         398   315.63623087199250        772.59150392587685        217.46057522453410     
           1         399   99.911162236971478        748.54071173872762        154.34310829184392     
           1         400   98.111005625326229        796.95185413427737        154.33855267218456     
           1         401   99.360440133019168        646.79653764193108        154.37694879207589     
           1         402   104.12744184713981        725.81443668467523        154.45508474269568     
           1         403   101.46136317029872        790.70734813098784        154.34541916065567     
           1         404   366.77851868490995        813.70977770286549        219.02204487816365     
           1         405   99.214361617237330        792.25881687977187        154.34761973564835     
           1         406   99.355061479594340        676.63775295949995        154.35664319820114     
           1         407   101.63198692058128        686.85644763427729        154.39054218582996     
           1         408   376.69535206829079        756.00214270847960        219.03459111589800     
           1         409   101.76187845158135        853.46765327191440        154.37588354108505     
           1         410   103.22400328805132        843.89035184696502        154.35597853612001     
           1         411   101.29951217111376        671.68558473223436        154.36797827728705     
           2           1   99.563539312282472        746.02634913427732        226.98948181779778     
           2           2   106.75808430195021        730.00205520171698        227.00501253417070     
           2           3   100.46927851405970        812.13131781794505        226.97232417485208     
           2           4   103.99541014199413        879.73257045303069        227.00645133196750     
           2           5   99.402283998291523        892.08531921217389        226.97232417485208     
           2           6   99.542367855172898        719.57133198657971        226.97232417485208     
           2           7   99.954047405857978        770.51415193997877        226.97232417485208     
           2           8   718.73425871880761        847.81994000000009        633.91953820374283     
           2           9   99.269405094350390        839.62383399145313        226.97232417485208     
           2          10   99.926152906269635        892.78563188813780        226.98948181779778     
           2          11   99.644794399107170        734.54369391175521        227.00092133507692     
           2          12   235.54758266282960        750.95830325015083        241.33029567514680     
           2          13   97.974561632088594        843.51970419447957        226.99375556911329     
           2          14   97.227522817596736        824.34636712880501        226.95875556158558     
           2          15   101.04692186750025        905.20474613427723        226.98033884543813     
           2          16   98.480146776938454        722.31364423035450        226.98231578609543     
           2          17   99.606514997182998        763.09433259513492        227.01522195652166     
           2          18   99.692650572714044        784.43033082992019        226.97232417485208     
           2          19   99.479777629800822        857.64608070867075        226.97804317144829     
           2          20   99.453393670481645        858.14572420330421        227.10105427176237     
           2          21   96.483545816131894        745.22438740673249        226.95875556158558     
           2          22   99.654459161221752        736.66703763427734        227.00092133507692     
           2          23   100.27445233198451        814.09646003950354        227.01522195652166     
           2          24   100.17107790517669        829.90240306341491        226.97804317144829     
           2          25   99.308919919136102        832.19614438817291        226.97232417485208     
           2          26   99.210637837353531        686.61110849241607        226.97232417485208     
           2          27   104.64263824314411        742.39850241470356        227.03457713733553     
           2          28   100.45961198395649        707.56589125372864        226.97804317144829     
           2          29   99.942003881755213        794.29629813427755        227.01522195652166     
           2          30   479.19224745059017        818.09641973827740        388.12695791987267     
           2          31   3428.2750036873354        831.96290993549997        3240.1527331298071     
           2          32   98.315111686106178        708.97303045125409        226.99375556911329     
           2          33   98.807748458721733        727.99354100676146        227.00805652271555     
           2          34   99.357525679461688        708.61200586777238        227.01522195652166     
           2          35   100.27890836837561        783.35426596376840        226.97232417485208     
           2          36   101.45005011498172        662.21232041784663        226.98605769467608     
           2          37   101.35118759564772        703.24412809368050        226.98033884543813     
           2          38   100.14178118049612        761.50972104613186        226.97232417485208     
           2          39   99.371730096146948        753.81829965364170        226.97232417485208     
           2          40   99.909246743647230        778.37803636699721        227.00092133507692     
           2          41   99.754333366650258        667.42455816565223        226.97232417485208     
           2          42   101.16252449874570        703.15502213196885        226.98605769467608     
           2          43   99.763773398003863        742.60527513427746        226.98948181779778     
           2          44   99.356991029545227        768.84241279437288        227.00092133507692     
           2          45   102.02210550449990        746.75895744697868        227.00103985702668     
           2          46   100.46725569259220        645.66787458766566        227.08674548210377     
           2          47   4776.7228650106781        780.95737460713883        4500.3771998355560     
           2          48   100.45607225388038        724.40778827638599        226.97232417485208     
           2          49   3707.9843373225058        897.42869186070800        3601.0393043943677     
           2          50   427.06847007597634        939.51210713427736        275.04093626076178     
           2          51   99.341222957250977        653.98189103348830        226.97232417485208     
           2          52   106.90948468820571        703.96686683670464        227.03234371814855     
           2          53   99.328842009571488        690.41634456144322        226.97804317144829     
           2          54   101.31364836123970        779.79519280667307        227.03753713613636     
           2          55   100.78008623150258        850.21512775618999        226.97804317144829     
           2          56   106.48947818768448        678.80737888842157        227.00157506020801     
           2          57   99.320869323932939        685.90784485070799        226.97232417485208     
           2          58   101.49992571235303        733.41183112553949        227.02952393902683     
           2          59   99.683803036654467        747.03310732668274        226.97232417485208     
           2          60   96.869023114030838        812.36731536013212        226.98735398496279     
           2          61   5302.0366282316509        779.64743786250006        5048.4848277420260     
           2          62   101.84387719618800        726.93088522777862        227.10105427176237     
           2          63   105.87217700861109        730.22546947510250        227.00501253417070     
           2          64   103.32470118900200        793.11584613427749        227.00645133196750     
           2          65   97.598754281486549        788.31316996072519        226.97591396243280     
           2          66   299.55581957439716        686.34832117505994        271.96886666311758     
           2          67   96.533210953584032        753.24348489750423        226.97591396243280     
           2          68   99.290348872896004        748.06798881068403        226.97232417485208     
           2          69   99.353199877689448        761.88395660213541        226.97098062877944     
           2          70   101.82094093898162        825.35939906754948        227.00893526889558     
           2          71   99.444814910163288        665.91443313427726        226.97232417485208     
           2          72   103.59642355939303        718.08906407965742        227.01789022786141     
           2          73   99.679889008416438        744.35692682139415        226.97232417485208     
           2          74   97.886106054506186        764.99475699637821        227.00805652271555     
           2          75   101.17276662337389        789.21875956510655        226.97804317144829     
           2          76   99.403164944018457        714.59768782959259        226.97232417485208     
           2          77   99.484326718479352        703.13223809192584        226.98948181779778     
           2          78   103.65411827991271        771.06643513427753        226.99501330702753     
           2          79   99.836265755494566        764.19878759381390        227.00092133507692     
           2          80   347.97993259211188        815.64476544048546        275.03362657066816     
           2          81   99.275351388451341        696.05650501216780        226.97232417485208     
           2          82   98.428905103495026        734.41128037112878        226.97087687399741     
           2          83   101.20198410150910        728.82572765161990        226.97804317144829     
           2          84   100.74476577396413        783.95991864255143        226.97804317144829     
           2          85   374.66163141745329        753.00845955212401        275.14054165504007     
           2          86   101.40238390288310        678.15190902461188        226.97244269775931     
           2          87   100.12527660223182        707.02572507277375        226.97232417485208     
           2          88   310.53433138947747        754.17214925185033        272.01588976998408     
           2          89   99.623508698674868        775.81572507601049        226.97804317144829     
           2          90   100.02427201373955        809.76308433265456        226.97232417485208     
           2          91   102.55050233298078        634.22207183756154        226.97816169416461     
           2          92   97.776400168804599        716.37480891784662        226.99375556911329     
           2          93   99.441186492959474        719.80155864692961        227.02952393902683     
           2          94   99.386627768759041        765.15175447177603        226.97232417485208     
           2          95   100.89927502911063        823.26747396179405        226.99385932318089     
           2          96   240.55235420537926        662.56630913008405        241.29918315570123     
           2          97   101.43400771203792        674.66849719635388        226.98033884543813     
           2          98   101.08653606957867        705.17085622101092        227.00103985702668     
           2          99   99.534551174193950        754.71075341784672        226.97232417485208     
           2         100   99.514350330496882        781.99127403642387        227.02952393902683     
           2         101   97.920093469970467        685.86941870384078        226.98735398496279     
           2         102   101.91821783623111        680.79624594590882        226.97244269775931     
           2         103   99.428808207674138        708.43069755601766        227.01522195652166     
           2         104   96.601106194640835        727.15202768721861        227.01595785195548     
           2         105   97.843700821776054        790.15410177513832        226.98231578609543     
           2         106   99.833579256261956        698.21857413427722        226.97232417485208     
           2         107   120.65026387291394        739.74089801343735        227.04446832488534     
           2         108   102.68883421736739        717.04908735891092        227.00907035319383     
           2         109   99.441124911428986        765.94808997378300        226.97232417485208     
           2         110   103.08655278440247        745.06469713643185        227.02323552198030     
           2         111   99.831754321517764        672.66705654672489        227.01522195652166     
           2         112   101.18985583933305        730.56216471392872        226.98605769467608     
           2         113   99.497889967157690        752.57325513427747        227.01522195652166     
           2         114   244.62958190683756        748.14114783220805        241.32954720360229     
           2         115   99.652715059479988        795.23876653916818        226.98241954052037     
           2         116   110.49347107488623        656.75228555633362        227.12702528463555     
           2         117   324.89587022656684        756.34916685448525        253.16910738670001     
           2         118   375.53015238893664        808.05841714251619        272.04723439499941     
           2         119   419.55813382998429        858.02244273141605        275.05884205700357     
           2         120   101.10639961999233        791.78420813427749        227.03753713613636     
           2         121   110.15949493532932        696.25576214205114        227.01873089597271     
           2         122   107.06828310998281        696.50793644934720        227.11370550362869     
           2         123   101.34737914904375        749.81535045767828        226.98605769467608     
           2         124   99.720224271398095        820.41058303739237        226.97804317144829     
           2         125   103.54491315454773        823.53825419950169        226.98047393076325     
           2         126   101.45748501995044        668.70988234657671        227.00103985702668     
           2         127   583.16665818543504        805.58441641784657        645.51984132003611     
           2         128   98.141991340507985        727.11268698078709        227.02235883736196     
           2         129   98.257368896202223        781.55605462731432        226.99375556911329     
           2         130   96.688290865025053        830.64044766562245        227.00165523794476     
           2         131   97.903064223274782        678.45860221286136        226.96515774453104     
           2         132   966.25848374190446        798.75571332984657        705.02622535917578     
           2         133   12014.839714443566        896.22677312799988        11542.373416391483     
           2         134   97.844677380579540        765.07901913427736        227.00805652271555     
           2         135   99.518898661759621        836.65971203352353        226.98948181779778     
           2         136   4943.0940718651682        802.98995001196931        4653.1195329123475     
           2         137   98.108633177002787        709.42348125254341        226.99375556911329     
           2         138   99.216471994280909        740.19905006127112        226.97232417485208     
           2         139   102.06044906412116        819.74743413840599        227.09475720598974     
           2         140   241.99538566141669        797.29683029911291        241.29918315570123     
           2         141   6633.5622713975517        767.54043899999988        6046.2979123033792     
           2         142   17035.513331727539        810.85646454863854        16425.816648025702     
           2         143   102.55395726855242        751.78048538641667        227.03753713613636     
           2         144   96.723285889203339        770.58198407694113        226.96447481082186     
           2         145   101.63540076958326        824.48145708165941        226.99749604631546     
           2         146   123.50977443053947        686.60584100215613        227.13029161567511     
           2         147   99.285377907606289        742.37711021466123        226.97232417485208     
           2         148   114.21543405715794        707.60722141784686        227.00729345435312     
           2         149   111.76080852390676        794.29375543646393        227.03457713733553     
           2         150   10635.401542489792        972.57894055500014        9957.7107816633088     
           2         151   16070.530854164313        740.21102402827728        15462.983492833670     
           2         152   101.08338289333066        728.34961026271537        226.98033884543813     
           2         153   99.775792166133272        743.43560291536005        226.97232417485208     
           2         154   111.66472375720755        738.75472829203409        227.00157506020801     
           2         155   99.896951297932233        793.40482713427741        226.97232417485208     
           2         156   102.37787077651825        689.51266465377967        227.03753713613636     
           2         157   99.834632801909777        721.46954705388043        226.97804317144829     
           2         158   303.84715312578908        773.79841998704580        271.95608050010549     
           2         159   110.73482939857861        776.98553579631323        227.01262040150456     
           2         160   102.04337336861208        798.24291748991095        226.98033884543813     
           2         161   310.29916259594671        671.09948209169431        272.11833047649759     
           2         162   312.63190337866132        726.95555813427734        271.99882196649600     
           2         163   99.267376710295011        770.31871795293659        226.97232417485208     
           2         164   99.296529736853159        805.48630377175721        226.97804317144829     
           2         165   110.53633038128763        780.11629869771286        227.00157506020801     
           2         166   99.463397540473878        672.96415914353588        226.97232417485208     
           2         167   99.894681696994951        676.31048921081333        226.97232417485208     
           2         168   99.922514337950560        757.91438213693027        227.01522195652166     
           2         169   104.02802199426522        825.94205785070824        226.98929462114509     
           2         170   244.27137412535109        848.36732256432902        241.31752700667718     
           2         171   109.68328915545423        658.69031066092862        227.00157506020801     
           2         172   110.32843741763216        709.46869487790616        227.00729345435312     
           2         173   102.25853268454405        716.93002326736189        226.99749604631546     
           2         174   108.27682775589331        788.02516737629890        227.00157506020801     
           2         175   316.75684878654988        889.94930532541673        271.99479823709629     
           2         176   4451.4865181226069        903.36799156713857        4358.2292857847860     
           2         177   106.64475269292963        704.22059430157833        227.03457713733553     
           2         178   100.05217076565411        760.82360215759832        226.98948181779778     
           2         179   100.68983222746139        757.70394665939386        226.97232417485208     
           2         180   310.85252222858924        813.28110911937881        271.97151683633308     
           2         181   313.43859470970864        719.64430067176420        271.99882196649600     
           2         182   234.13386884680750        726.90650826472609        241.28474542449004     
           2         183   103.39286627691764        730.26835513427750        227.04649127842779     
           2         184   99.749295619914577        793.11373798656155        226.97232417485208     
           2         185   101.59467626440455        788.30868267380629        227.00103985702668     
           2         186   101.66427238561756        686.34365745600530        226.97244269775931     
           2         187   99.390277036684367        733.05997993129517        226.97232417485208     
           2         188   107.83134903179597        741.04903790572257        227.03016920875049     
           2         189   99.756577247782985        758.55048754291909        226.98948181779778     
           2         190   99.487864449360728        847.84532313427724        226.97232417485208     
           2         191   99.745614481810605        672.22405063065275        226.97232417485208     
           2         192   101.39197088313057        738.26145233201555        226.97816169416461     
           2         193   101.36489057407663        733.27972979816627        227.02964246001977     
           2         194   138.52054266467263        771.97837431167648        227.04121345329187     
           2         195   310.68521709322192        802.70386703693578        271.96469119900485     
           2         196   100.46314919877166        719.05643914253437        226.97232417485208     
           2         197   105.40749826333825        704.31075963427725        227.03457713733553     
           2         198   96.747714162685369        780.03750514923934        226.95875556158558     
           2         199   99.246306666177958        736.66003434273523        226.97232417485208     
           2         200   99.950949421411636        815.44356788784296        226.97232417485208     
           2         201   243.59336494442033        676.93521954827293        241.30525550393145     
           2         202   99.969737728440307        727.74855973078650        226.97232417485208     
           2         203   100.40919561841751        746.88861658646567        226.98948181779778     
           2         204   99.207228977502481        805.42378991784699        226.97232417485208     
           2         205   99.616706300563266        763.97716982479585        226.97232417485208     
           2         206   98.266027756001250        697.26203104083697        227.09389083058994     
           2         207   98.300643701180917        696.50211544004014        226.97087687399741     
           2         208   97.817677199718673        751.85367810060291        227.07318192078506     
           2         209   101.21756051312998        789.86806154433839        226.97232417485208     
           2         210   99.675204523463663        774.19725817859910        227.00092133507692     
           2         211   100.01845859340752        628.71030641784660        227.01522195652166     
           2         212   105.57418370458471        696.19515004031518        226.99740097924439     
           2         213   312.56391357558425        719.79666948672661        271.96469119900485     
           2         214   97.970644972854046        757.78660325622138        226.97087687399741     
           2         215   99.275916858027259        799.89822791802101        226.97232417485208     
           2         216   99.574730699185935        656.24876464893157        226.97232417485208     
           2         217   316.98751932619950        691.82897036909696        272.04258729943137     
           2         218   99.710043252468679        725.62392141784687        226.97232417485208     
           2         219   7538.6786050052897        936.18785653819998        7053.9129681843669     
           2         220   99.418608273982699        805.35344800590997        227.02952393902683     
           2         221   20760.162094404328        787.26202270199985        19948.258142412738     
           2         222   99.360315536128383        660.61311681715199        227.00092133507692     
           2         223   96.729250032467093        701.41241731334787        226.96447481082186     
           2         224   21161.693592707659        887.23725109599991        20767.350173180224     
           2         225   150.81257989384719        782.48503241784670        227.05583162541126     
           2         226   35324.500054979035        808.64531408500011        34060.449175729824     
           2         227   146.30783283335020        719.55817378524239        227.08156576634852     
           2         228   302.23506258177986        710.03066326271085        271.94838806625512     
           2         229   308.68233118246309        765.94259747877732        271.95620516561667     
           2         230   22472.100286623714        958.77848216499990        21309.771656703972     
           2         231   99.984998269725324        688.92128292867221        226.97232417485208     
           2         232   99.455500059887569        749.99650663427735        227.01522195652166     
           2         233   103.38271039263908        741.49800557901574        227.01789022786141     
           2         234   99.266173951255013        768.00460415999123        227.00092133507692     
           2         235   102.23856704014253        817.67813810403106        227.10906562738097     
           2         236   99.415979194776796        646.78222873122695        226.97804317144829     
           2         237   312.97924880932692        718.06852036803821        271.99882196649600     
           2         238   104.36894199589783        786.79462531902936        226.98929462114509     
           2         239   100.43265522376653        791.36037213427755        227.01522195652166     
           2         240   98.741085973456492        791.78206166499456        226.97087687399741     
           2         241   309.05484219163128        696.25144803564774        271.96469119900485     
           2         242   100.28916615572960        696.50324215992975        226.97232417485208     
           2         243   109.21584695210370        749.80916107635437        227.01142602480851     
           2         244   99.845755947845845        820.40402883149000        226.97232417485208     
           2         245   46154.639500493678        977.39782128000024        44324.769554207676     
           2         246   421.23575180563626        685.78196913427723        272.02031273457823     
           2         247   99.847355306107531        747.92457719521190        226.98948181779778     
           2         248   247.34220440468522        734.12141852319996        241.31378338422269     
           2         249   101.42081601348303        803.85233329683547        226.98605769467608     
           2         250   98.285902518995584        795.09173351671438        226.96515774453104     
           2         251   101.23668857928544        672.89402355294737        227.03753713613636     
           2         252   46013.686555430228        833.37757769999985        43970.752787771184     
           2         253   100.30458047086339        759.99390513427750        226.97232417485208     
           2         254   100.79933205764050        765.07673669609449        226.97232417485208     
           2         255   99.907952847730641        836.65484941973011        227.01522195652166     
           2         256   106.88504194228250        671.46140667133966        226.99929402930235     
           2         257   99.342787102313252        726.59844719808711        227.02952393902683     
           2         258   99.499046080226691        760.59512693088641        226.98948181779778     
           2         259   111.30434884820750        799.59934814985911        226.99740097924439     
           2         260   312.68270324720248        807.23648441784667        271.96469119900485     
           2         261   99.750659894416103        710.91639336753246        226.97232417485208     
           2         262   103.99116741898865        679.41502489322897        226.97816169416461     
           2         263   470.89179840260925        743.47876325427728        374.41961878741347     
           2         264   101.19363840417780        757.69624831856015        226.97232417485208     
           2         265   1391.4920855297555        750.43928018784663        1324.9536184666874     
           2         266   98.291984316281656        679.19909155147695        227.02235883736196     
           2         267   103.86542601051619        698.80628791784670        226.99501330702753     
           2         268   102.35433024765416        681.74115131283929        226.98605769467608     
           2         269   321.13237145718682        754.32805384973506        271.99190699193161     
           2         270   103.39184367241293        777.38347041983025        226.98033884543813     
           2         271   102.69660754037879        672.28533332980055        227.09475720598974     
           2         272   100.64738009616477        730.61027034546350        226.97244269775931     
           2         273   99.272953125774848        723.36705121173463        226.98948181779778     
           2         274   243.33093009271525        749.55228191784681        241.29918315570123     
           2         275   99.496405663760953        783.79501549262716        226.97232417485208     
           2         276   98.024574059525364        673.75541602496503        227.00805652271555     
           2         277   111.07350024358608        711.22816563225149        227.00157506020801     
           2         278   100.58353668911366        739.06589174179339        226.97232417485208     
           2         279   101.90438514728751        718.03053050994845        226.97244269775931     
           2         280   99.507107020950968        757.14742909712288        226.97232417485208     
           2         281   99.356159236286814        624.73428641784665        226.97232417485208     
           2         282   101.56518273090406        695.40123060370070        226.99749604631546     
           2         283   502.43956162212538        731.19112009204002        272.07980811073401     
           2         284   101.25368412063906        805.48079638352533        227.02323552198030     
           2         285   97.889533397227723        780.10985172155983        226.98231578609543     
           2         286   101.56038462118428        672.95881347570162        226.99749604631546     
           2         287   99.978013500626375        663.05589349223271        226.97232417485208     
           2         288   99.809260781801441        749.52954141784687        226.97232417485208     
           2         289   99.338751117689270        816.82401919646873        226.97232417485208     
           2         290   103.23914539706600        804.13167669739903        226.99749604631546     
           2         291   97.440354160137417        654.34117908095732        226.96447481082186     
           2         292   106.46561306831110        702.48563506874461        226.99929402930235     
           2         293   108.27586416415400        716.92439077562813        227.03457713733553     
           2         294   99.206898346280212        780.63652653769577        226.97232417485208     
           2         295   99.735942435762709        854.01620213427736        226.97232417485208     
           2         296   98.973580424292010        694.75068384362737        226.97087687399741     
           2         297   99.639860581449639        699.50399578540100        226.97232417485208     
           2         298   99.310997767504333        760.81919774314747        226.97232417485208     
           2         299   99.453141858768831        757.69804733263516        226.98948181779778     
           2         300   99.350500725636266        813.27487627021890        227.02952393902683     
           2         301   102.37476650448679        719.61856118718526        227.00893526889558     
           2         302   98.471781114483591        716.43665463427737        227.07958170885979     
           2         303   247.84326318745525        731.10228893106319        241.29930927059362     
           2         304   101.47925920346037        793.10947892426827        226.97244269775931     
           2         305   105.48809770784672        788.30426734682464        227.00157506020801     
           2         306   100.22033622816485        686.33761747462859        227.07958170885979     
           2         307   101.48306689881854        712.87605725800017        227.00816027633664     
           2         308   105.53351196958468        734.01182458268090        226.98619277979546     
           2         309   97.150752236171911        758.59293813427746        226.95875556158558     
           2         310   98.843369674609420        847.84302320380880        227.07958170885979     
           2         311   99.496397014510620        672.21953417792463        227.00092133507692     
           2         312   97.945631289610333        738.25663949737020        226.97087687399741     
           2         313   99.299926391383437        733.27345608080100        226.97232417485208     
           2         314   99.846803796870375        790.96172553600002        226.97232417485208     
           2         315   100.80455908522910        825.12159464583920        226.98948181779778     
           2         316   100.65702890765803        701.81734113427729        226.97804317144829     
           2         317   103.23948982166733        699.59631004122400        226.98929462114509     
           2         318   101.56264862197976        753.51280842655251        227.02323552198030     
           2         319   100.85034749218592        728.41902543595324        226.97232417485208     
           2         320   99.799019270736878        803.25630031178594        226.97232417485208     
           2         321   304.35401234232114        675.85348492926505        272.00728026842017     
           2         322   103.24321882928908        722.21346410456931        227.04649127842779     
           2         323   394.18159474744795        675.61249770141603        272.02638709823242     
           2         324   101.79251578001632        779.51736950932752        226.97816169416461     
           2         325   101.60510614619217        743.23653853080395        226.97816169416461     
           2         326   100.23362378453474        686.23166196084424        226.97232417485208     
           2         327   98.120064382048525        690.98991013596822        226.96515774453104     
           2         328   98.165570673804993        734.19265625927346        226.97087687399741     
           2         329   100.02148406781095        792.34711609363592        226.97804317144829     
           2         330   103.09195351380662        784.24555613427754        227.02337060576571     
           2         331   99.830436834422414        646.74958959569744        226.97232417485208     
           2         332   236.87453023595390        677.14660163832127        241.33029567514680     
           2         333   313.57691185710951        725.61235358810211        271.98516888522391     
           2         334   99.264913503564074        751.67497190037705        226.97232417485208     
           2         335   98.454955237544112        806.29358170449404        226.96515774453104     
           2         336   362.04563446699240        650.98636038080349        271.99983721974746     
           2         337   99.907766692901689        680.21742891784675        226.97232417485208     
           2         338   328.91057268518955        699.39838329478380        272.01939524043638     
           2         339   97.731639145983365        760.81486892144051        226.96515774453104     
           2         340   110.10528730862566        827.78429565583542        227.02027752602146     
           2         341   97.728858301601264        706.84747922797692        226.98231578609543     
           2         342   99.259807422933150        685.49449104471796        226.97232417485208     
           2         343   361.89592587141004        734.92243649230011        272.01993321382696     
           2         344   103.95072545865320        717.75450191784682        227.04649127842779     
           2         345   99.654648487355274        790.19739463073472        226.97232417485208     
           2         346   101.43524996083956        698.21087314622503        226.98605769467608     
           2         347   99.307219596259685        720.68573891092569        227.01522195652166     
           2         348   100.06903021920398        716.61224871195748        226.98948181779778     
           2         349   96.560471140551499        764.31161481724644        226.97591396243280     
           2         350   101.27442192690282        777.08329182250270        226.98033884543813     
           2         351   98.289758601809467        691.91508213427733        227.00805652271555     
           2         352   100.48190630121024        773.43102883510130        226.97232417485208     
           2         353   312.77740202582498        766.16393765691373        271.96469119900485     
           2         354   99.615035918491742        761.01586385913652        226.97232417485208     
           2         355   101.62045893410266        825.38623969257981        226.98605769467608     
           2         356   312.95904333928985        665.89192418451046        271.96469119900485     
           2         357   307.49338492649593        718.04352092788099        271.96469119900485     
           2         358   98.159081609467336        786.84289513427757        226.99375556911329     
           2         359   96.678209883965707        791.35791964079965        226.95875556158558     
           2         360   103.58612324209558        791.77781516612231        227.11801772829676     
           2         361   106.53624183695196        696.24730239569851        227.02788873097919     
           2         362   99.754946793667102        696.49775298309942        226.98948181779778     
           2         363   101.30242686623234        749.80348177773351        226.98605769467608     
           2         364   96.591871800052104        798.07751575965813        226.95875556158558     
           2         365   245.51500540327325        803.66852013427729        241.29930927059362     
           2         366   101.08232495317343        666.66465660470931        226.98033884543813     
           2         367   314.53378725053733        747.92004641728488        271.96483360876221     
           2         368   100.23087902834450        734.11697261615404        226.97232417485208     
           2         369   100.93259119979258        803.84638487862287        226.98241954052037     
           2         370   99.068170606475789        795.08552846205555        226.98744458109385     
           2         371   102.45009713742515        678.10948560734130        227.02323552198030     
           2         372   306.50889145721209        708.96130413427738        271.96290629708574     
           2         373   99.761058777719853        786.21450318469010        226.97232417485208     
           2         374   99.664232531021796        766.32506225900261        226.97232417485208     
           2         375   103.60067091502414        846.52142020908673        227.00645133196750     
           2         376   101.20715773010588        647.85564190542209        226.97816169416461     
           2         377   108.42484753535419        719.93019814140860        227.04236255740801     
           2         378   101.03988316988411        739.33164490493198        226.99749604631546     
           2         379   103.58261158477139        792.23810913427747        227.03219007259838     
           2         380   103.31088554707178        807.23431467627756        227.00103985702668     
           2         381   103.72980971453789        710.91209401236893        227.01534047799302     
           2         382   101.23854874873568        679.41099645259226        227.00816027633664     
           2         383   107.25153035420566        761.93501490067638        227.03016920875049     
           2         384   110.63542152559465        757.69005374580297        227.13029161567511     
           2         385   220.80240167145669        678.26021043569335        146.12515267249518     
           2         386   311.79658687684997        697.60463141784669        271.96469119900485     
           2         387   100.06521029940264        712.04082091238558        227.01522195652166     
           2         388   108.36182813596943        709.09363268294078        227.01833857628097     
           2         389   241.03890734604948        762.55951905870188        241.29918315570123     
           2         390   106.17901136255293        817.14173503054451        226.99929402930235     
           2         391   102.06963678073780        688.03583619461619        226.98605769467608     
           2         392   378.01498444602134        651.47492767433619        271.98383853289221     
           2         393   99.688577689597338        744.11598885070828        226.97232417485208     
           2         394   99.219637246354438        767.20977716984078        226.97232417485208     
           2         395   308.75109380865848        745.30731853648967        241.32586795677236     
           2         396   111.95858408254108        694.74082534033755        227.00157506020801     
           2         397   101.52567616556108        736.11500611742213        227.00893526889558     
           2         398   316.13394716703311        772.59150392587685        271.99479823709629     
           2         399   98.621778894513952        748.54071173872762        226.98231578609543     
           2         400   99.953114056759517        796.95185413427737        226.97232417485208     
           2         401   99.596239636572093        646.79653764193108        226.97232417485208     
           2         402   102.02481201201208        725.81443668467523        226.98605769467608     
           2         403   99.990088388460336        790.70734813098784        226.96526149949113     
           2         404   366.83654223966755        813.70977770286549        271.99983721974746     
           2         405   97.973193393139525        792.25881687977187        226.97087687399741     
           2         406   103.65344541626779        676.63775295949995        226.99501330702753     
           2         407   101.83579547209226        686.85644763427729        226.97816169416461     
           2         408   378.53648205125239        756.00214270847960        272.03396436859038     
           2         409   104.29915587987644        853.46765327191440        227.03219007259838     
           2         410   101.47042967506086        843.89035184696502        226.97816169416461     
           2         411   99.843899862388255        671.68558473223436        226.99385932318089     
