3.50437625039141 3.46636677027255 3.48081752056044 3.4798781319412 3.45599937085693 3.45053646245747 3.46358120609941 3.51946112467902 3.50001770437583 3.47351361745963 3.47990850564635 3.430546707427 3.47164389591818 3.4323596476151 3.43020176658993 3.21149775748353 3.47840426461695 3.45981259820638 3.47127686984373 3.48091236112296 3.45669296819746 3.49219805149306 3.47626833727972 3.47114642929501 3.4988866318346 3.44867996593302 3.46670124531524 3.50421575278513 3.53964440026144 3.46044166344551 3.4963154287382 3.4682305931622 3.50468633994427 3.4853688320684 3.47606315336491 3.43402521527111 3.49419880673189 3.48818740686401 3.43062499715488 3.49899357267256 3.43406732622429 3.47071689018401 3.4801582689995 3.47861164992374 3.50898261080932 3.47157663509484 3.50442928077021 3.4822860563947 3.46261634829484 3.43134631098318
-2.20498071447618 -2.20461906914482 -2.27692974077743 -2.26999753951677 -2.16523202165984 -2.13968233672178 -2.22350270755936 -2.24079092230507 -2.20134941999715 -2.09598978835826 -2.1969394756657 -2.21530194551447 -2.26720970284016 -2.1702241206239 -1.52491818465995 -2.08548374862754 -2.22844240922244 -2.12642291870207 -2.16961848956114 -2.22234273857047 -2.12808568652854 -2.11592065677238 -2.19242104602277 -2.26190470960872 -2.20726679565884 -2.14356360714645 -2.2700830727301 -2.286420355525 -2.22250060761165 -2.13216937664374 -2.22329949995552 -2.26778762765129 -2.21601911007239 -2.1814900045067 -2.22549305906722 -2.18956824459384 -2.20009811359336 -2.2066645460533 -2.14322788441364 -2.16253618711915 -2.13559381459638 -2.23841036817335 -2.2207893041053 -2.22799774228057 -2.21209696484244 -2.24714610398747 -2.19237327301463 -2.21067699477158 -2.23706968075886 -2.22304445830006
-0.265080791661264 -0.27218241980619 -0.263024515066714 -0.268329950525452 -0.259462719950582 -0.25020685865595 -0.270357306036727 -0.26537531879829 -0.259340587346154 -0.26182077178167 -0.257409767162543 -0.268265447955963 -0.266615828394904 -0.264745178724843 -0.273671304455887 -0.251331302477576 -0.270685913803 -0.254526984536942 -0.268974043472168 -0.265590646288105 -0.254396198565951 -0.261709985135621 -0.242125779264071 -0.26913571421829 -0.259498063939645 -0.25780013909436 -0.257437232497938 -0.269047589799943 -0.262564152579235 -0.26034960864375 -0.271770743653652 -0.263013054513271 -0.258392059267383 -0.262567127393499 -0.265353217179902 -0.25980084439645 -0.252114519940284 -0.251440016599438 -0.26538377554033 -0.259066393688878 -0.266858879268533 -0.259660021416332 -0.265325266623969 -0.273584310291815 -0.260245721268714 -0.260261524163327 -0.25964795236956 -0.258768285414404 -0.274194781545218 -0.265454854236023
0.575732609180964 0.585126530033878 0.576074796991796 0.559509703018508 0.789135972462418 0.564748161632271 0.567958038213541 0.583236450873638 0.594313827312267 0.550414796792149 0.588497719465861 0.564496352340237 0.56899495575758 0.564031890478657 0.562756582453483 0.604796784444788 0.583214701083127 0.586277161716602 0.582731066138895 0.57593257178274 0.788074705639542 0.583858329839213 0.577225657124795 0.574318710152774 0.587203097821381 0.582626660820521 0.576464860864212 0.5590914278815 0.576422375597514 0.588115825630623 0.561129725881681 0.554218633039201 0.582055428529411 0.789717663713072 0.578914087790588 0.566584298817032 0.592870081534432 0.56550171520188 0.576608407448798 0.789920487062638 0.570107286358013 0.558378707136001 0.578925994382983 0.561703467939406 0.580881936894643 0.575569696741016 0.593410915450592 0.591903295156298 0.57335374859527 0.568495822205657
-0.0690858745582935 -0.0692810251820841 -0.0703517910141528 -0.0678230959921379 -0.0686284647632443 -0.0645543517215503 -0.0709675874405929 -0.0720379829333994 -0.068225824845213 -0.066320501817259 -0.0691646605409905 -0.067326510003841 -0.0705821433074953 -0.0711190230470194 -0.0738884409450532 -0.0680517874137271 -0.0704846234944084 -0.065327473603541 -0.0706429162122173 -0.0698290804136569 -0.0683271661267364 -0.0695349656208025 -0.066322476339638 -0.0707148954270631 -0.0696019251129033 -0.0684337683048974 -0.0703139300545636 -0.0708614668718316 -0.0668273047492282 -0.0689895395336578 -0.0714898587589237 -0.0675831877248614 -0.066622228716429 -0.0681247216490318 -0.0689808811720347 -0.0697011071587975 -0.0687999999957478 -0.0709494155913155 -0.0692739012972135 -0.0668148332200478 -0.0705824844974032 -0.0675165939977154 -0.0691801040546192 -0.072327838785943 -0.0689986061421751 -0.070041473322861 -0.0683370811963003 -0.0685418797223065 -0.0711416047817569 -0.069519969516096
-0.331313631964362 -0.370324943422192 -0.343849463802649 -0.340445833657103 -0.357114997687357 -0.365726509374893 -0.372699423731887 -0.369664509605849 -0.362522806055176 -0.365367218739178 -0.365495344090312 -0.336157746573926 -0.343817300915861 -0.367423436877678 -0.379766458345877 -0.346657818378171 -0.383746262368514 -0.361345374203671 -0.378666253849362 -0.374043508309117 -0.365536785952706 -0.330045495199698 -0.342555544556585 -0.373780624327774 -0.35648997061037 -0.355988291297548 -0.372929694860283 -0.352251684058511 -0.366689704010095 -0.385838447327153 -0.35871449718449 -0.355035766365015 -0.363653385823113 -0.368928537299055 -0.382159661824392 -0.215542332797599 -0.363322405121513 -0.363710870882976 -0.375413603317639 -0.363054404934637 -0.334640477319893 -0.378829759104012 -0.370599573017288 -0.338931171563812 -0.366322742667891 -0.378283410478863 -0.369465193196414 -0.362258150149258 -0.369922984476634 -0.29235978505794
0.534105925343407 0.528584389600119 0.524163321470474 0.521088828200096 0.540097172695161 0.539313120919145 0.521406573084698 0.52567678799059 0.530312993732258 0.531777028096455 0.544193934795488 0.526663000713119 0.533560448434578 0.523632868289158 0.526094514054914 0.557739218865369 0.529201476911153 0.529773384090251 0.51840902349722 0.51360997196698 0.526660867816217 0.52652980900928 0.541051407652311 0.531346569926814 0.530568374933597 0.532844097734861 0.52187622679821 0.534183703325319 0.530350895200617 0.538940053219842 0.520450008033604 0.522688352103917 0.531943477839553 0.539954943686321 0.521270097590836 0.536337106928524 0.532222305295577 0.535762517021477 0.516498964101948 0.521601119829495 0.524349446799344 0.513662259031931 0.529076648080506 0.529252769648775 0.529815224258239 0.517175437947859 0.53137008499662 0.538004174694255 0.524498923135817 0.519166514479631
-0.110002133108441 -0.129398332362235 -0.113988732193622 -0.117757048908254 -0.122638237691157 -0.117487251420535 -0.123413631009074 -0.117043256443474 -0.123085868094487 -0.125542345657365 -0.123267084980699 -0.125089722371868 -0.126513817745533 -0.119165366992613 -0.106655297674087 -0.123058903171826 -0.117240711316747 -0.110479118698707 -0.113907083427175 -0.125823560467715 -0.117817494464386 -0.123105203387966 -0.111735709256015 -0.127015472762048 -0.111228743149664 -0.113575474466492 -0.126960645344846 -0.11860072254437 -0.116182447557137 -0.126278226266494 -0.117378594090598 -0.117326359701196 -0.121199554932731 -0.121773257590905 -0.129490070326748 -0.128826377228117 -0.0749204037469803 -0.123893870906502 -0.113349636513014 -0.123018733292581 -0.115382807055228 -0.0748449388210516 -0.126671515356831 -0.124860591903004 -0.114826476894547 -0.125653869931938 -0.0748007676745563 -0.123239669397651 -0.125495556715955 -0.133502424328396
2.18910367560988 2.11214702818015 2.13175152847961 2.09611098072827 2.20097521697973 3.07930777504473 2.12799348253007 2.09490624948151 2.22784930304213 3.02491660482547 2.19440133648179 2.14839931793322 2.12142342166717 2.10429093911714 2.13483124508091 2.22596767055953 2.15884549721009 2.19676630555679 2.04849325110559 2.15846260296008 2.22435591892966 2.18756461756055 2.17425280042405 2.15213047994935 2.20368883657921 2.1987036991085 2.1635928885188 2.12985069804012 2.15745594392528 2.20432959442899 2.12825479892089 2.15453256177755 2.18458384795487 2.23059049212565 2.17013917855838 2.07378916315316 2.19459033707041 2.09137025480819 2.15542130856967 2.21211280214834 2.12447730392395 2.05983862062381 2.14234079430986 2.10443571414324 2.16724891316246 2.15744813602329 2.22442300131122 2.21832956627544 2.12119565689629 2.17177910452603
5.8912091925965 5.62864977734714 5.46145701492384 5.59105601774285 5.28122845908217 5.92782526083337 5.88443412739689 5.42791878583555 7.75240555714785 5.58208092435733 5.98418417688825 5.81457722511579 5.7875446796996 5.80914189951314 6.13984789032498 5.52487764076586 5.41239765128334 5.77958848587588 5.79049411522706 5.6689949570203 6.12292063110534 6.0108397937698 5.79871598409801 5.66126221227016 5.94712247464125 5.53364779358254 5.72948297414861 7.72936423668151 6.1490871839455 7.69205848289364 5.46793323991129 5.60553527280357 6.09496837249734 5.28689211761265 5.36335042089715 5.53326003816139 6.09580114349697 5.42053806231855 7.52782545230854 6.14089215068826 5.48148413360342 5.8196041636558 6.92949323992217 5.85644858237084 5.7276058237258 5.91877212955283 5.34139098938491 5.83341195588776 5.93696966252342 5.9183535654224
0.870604346317067 0.795330096686329 0.821034717131825 0.822459739146341 0.841679339767373 0.874483698470178 0.871529649922658 0.842867157258715 0.807076391061871 0.85289352372246 0.875113902793629 0.860991717901003 0.855446689451006 0.849441521827483 0.938628634377937 0.839750516314215 0.865865069739645 0.882460752619423 0.889636335987235 0.888914098772133 0.936414179363221 0.888650653864477 0.903721063594636 0.863266002679732 0.912322336192178 0.876006475690794 0.880432789361855 0.807663754809205 0.895815132416098 0.821453702016329 0.845791689416277 0.835048971316237 0.90423022485814 0.821009744793187 1.13896093206009 0.865860536799435 0.860175070239068 0.841720051346279 0.78281902580118 0.912424284827814 0.847676997694717 0.86028287100999 0.860769879870527 0.865840861231689 0.874763305077586 0.90640938614812 0.920347555261227 1.17652023370962 0.879454649168367 1.13398568643999
7.47568169435554 7.37725083895336 7.5293595806613 7.41020739235693 7.5730337290233 7.80441539183295 10.0544464500987 7.21569426748281 7.49102185169223 7.50289384893176 10.3938657394398 7.42392824692867 7.43917468767991 7.55860313586817 7.75144996362063 7.51378090791574 7.62155368352669 10.365192759112 7.25833846442843 7.52752309583097 7.71833306676502 7.63433477885244 7.58356574139898 7.59870413356825 7.40880973457794 7.86036397401229 7.45296014742851 7.67159066699676 7.7261100009138 7.58444784936436 7.43112595829007 7.5260331884941 10.2614274304661 7.58054482473446 7.29703259905868 7.14383802344035 7.95059291123188 7.60008246140507 7.08305752679154 7.01405026208441 9.99017859757506 7.20414045700435 7.09484117589112 7.53055445661399 7.78369414317986 9.96992564228992 7.2901363285925 7.36393155420365 7.40804109397077 7.06909006531177
-0.659540324700114 -0.674190980169082 -0.674089217376922 -0.678812602559108 -0.652325196439618 -0.652685871281902 -0.652724366584156 -0.685741831500686 -0.66381451268178 -0.64533737514307 -0.632637816946261 -0.672877033579895 -0.682176419629439 -0.653499872294375 -0.719763488857953 -0.650683957122936 -0.685689467712153 -0.644263353147356 -0.677626963204712 -0.680352537122303 -0.660208182736027 -0.666593362598451 -0.667163777548741 -0.687900478603047 -0.655941003083983 -0.652240396427757 -0.678428061720953 -0.681180320943126 -0.650319681278572 -0.645407945196932 -0.661257866436026 -0.676509066102671 -0.658484558070055 -0.662777139130348 -0.672980517083319 -0.66566501522281 -0.668029379992977 -0.698221505821833 -0.671845199188975 -0.654929597337809 -0.675222829441763 -0.67453225556368 -0.682143839531381 -0.675199847670184 -0.633941085195943 -0.641614419016751 -0.664882767076052 -0.661485749243985 -0.650825229966174 -0.662611114256096
-5.60543231599039 -4.0651952285845 -4.04843024608389 -4.08932675638058 -5.53465415119259 -5.64740538862846 -4.0402144169723 -4.23925394723253 -5.61472331520753 -5.62511832397915 -5.71339493756016 -3.98069285048767 -4.04881670106708 -4.06721861001292 -4.09768202921169 -4.19825788303332 -4.10766300162569 -5.52493589189515 -4.05132976730831 -4.04725034353449 -5.52265538957058 -5.74434745989735 -4.2955703804008 -4.09298265044419 -5.54273916112671 -5.64701631190666 -3.99934523075683 -4.33564601595602 -5.66027600825584 -5.54464824727196 -4.1027664912844 -4.10462144546564 -5.5974332037671 -5.54123079573073 -4.01365671097876 -4.23341363595143 -5.59840021807719 -4.33232337808286 -3.99452875095357 -5.54352393160417 -3.99892368492531 -4.07613298111172 -4.01611513093226 -4.10752626433104 -5.71069613992249 -3.98591159074445 -5.60451492655313 -5.66912932984648 -4.0849773143344 -3.98555495321969
-5.60806314809262 -5.63679878331873 -5.70396352750533 -5.64674906313137 -5.61953462606288 -5.97470503246976 -5.66514746390574 -5.6664803112516 -5.61076226635802 -5.57883683608531 -5.56635986467938 -5.67603301081125 -5.66869448896334 -5.63763309482814 -5.83882116883292 -5.73232805304749 -5.65430974360065 -6.06803198189762 -5.70515910234626 -5.70347701207964 -5.6160488786315 -5.53376408578722 -5.7508691104825 -5.68690566722801 -5.62188339366895 -5.6201436703597 -5.6837240448982 -5.59371010892746 -5.62399573059279 -5.62243800024725 -5.72636827735301 -5.6530556027475 -5.63777250161626 -5.62144520004781 -5.68962517283111 -5.56782566392598 -5.60602026083388 -5.73761927111987 -5.68173804044132 -5.59007820942527 -5.68355022668773 -5.59914609520165 -6.14298497357639 -5.61209065283221 -5.56557583985838 -5.67818488143724 -5.60779663826641 -5.59162242642271 -5.6027929256496 -5.67803782721036
-5.98856762061515 -6.03398310601687 -5.97286332648807 -5.95589044296792 -5.9307546192311 -5.87326646418271 -6.05594599396607 -6.00233030228625 -5.919116249536 -5.96564718145666 -5.9571767626396 -6.06321315961029 -6.05896797664947 -6.03469391997874 -6.14405414991206 -6.0854974529028 -5.96233196652129 -5.91638532421804 -6.01528500513103 -5.97244882668393 -5.9277848436571 -5.93176192236555 -5.79914823384914 -5.9499605862092 -5.93275571449194 -5.88627049778225 -5.99702283574293 -5.97944482549515 -5.9303908526497 -5.93322822637119 -5.99195165120136 -5.96126346774294 -5.94629286415726 -5.9981540942643 -6.00205045921224 -5.97458419997218 -5.9868271282815 -5.9085634456327 -5.99533080623077 -5.97324487202103 -6.06961765234356 -6.00429246841759 -6.02937865205396 -6.01532092983771 -5.95650879176426 -6.06504650323291 -5.98834056045441 -5.89826643524423 -6.04880255970968 -5.99217831079382
-6.9631539465136 -7.21417755778495 -7.09079594525158 -7.12635928370021 -7.06672742534553 -6.96815625870609 -7.02387210718128 -6.98686097873295 -7.06125513323107 -7.07839824396021 -7.07620362606774 -7.02831035949783 -7.09261726787223 -7.14268778325071 -7.30285859707289 -6.72578297505666 -7.16183824064232 -6.94451513908207 -7.04275129899374 -7.08361944484496 -7.04698137623744 -7.04844334912491 -8.37088629874068 -7.08535836914782 -7.06765551337803 -6.97369308878905 -7.13907676114721 -7.05207462640066 -7.0940360899241 -7.08027351207703 -6.9590724518037 -7.02949974418855 -6.95435533470088 -6.98751422319567 -7.16870711629985 -6.9298017785844 -6.95093490032916 -6.88836909906315 -7.14031781934016 -7.06134764026763 -7.05589608179549 -7.10757077738253 -7.05521633391027 -7.16120907432478 -6.90554564548119 -7.11569108234142 -6.9609693028741 -7.0479818998438 -7.06894484415255 -7.12011198091671
0.909742160105539 1.1537580060562 0.859604546301193 0.866880799143973 0.942607287058768 0.916807616560138 0.906921223539311 1.17602375118277 0.940227282172724 0.941584357991021 0.923836757448447 0.89633122541481 0.908451730510318 0.89685879734592 0.917145784850073 0.899692133329111 0.850315561145911 0.920559178498886 0.840819046462044 0.908173046256659 0.91420801263304 0.852280720932146 0.89879565513741 0.901442701230861 0.943662790879236 0.930443419851147 0.913277893846976 0.820092495068118 0.916902043295118 0.94391202343879 0.869271978943679 0.850300631122339 0.937970045777169 0.943465872699654 0.915824173416888 0.860985630501903 0.938096290185903 0.794948679425854 0.89879289046562 0.943765243225477 0.884707854900926 0.898444830422549 0.908243126850313 0.85081745264021 0.923484427489618 0.866174240678534 0.867662364030049 0.933330290134275 0.825749523770537 0.910824345967107
31.4015655284598 31.3015651620373 41.7593244352438 31.1195651945571 32.0728239393293 30.9525208524805 28.8422473043473 30.3077368734187 31.7925943089733 31.8418398690536 29.8993359818487 41.3219906846597 31.2346055701451 41.880627972117 29.2132761308405 31.4687670076378 42.1417495773754 29.7803992143505 30.4925416338815 41.7517066164198 28.995721942017 32.0596654123206 31.7563643901835 42.0469686519266 31.491417947412 31.5985665329097 41.4424162686172 30.2020291784306 42.8625595611391 32.1201702061519 31.2063363144178 31.5948984032749 29.3499761252113 32.1039802905018 30.9688164195493 30.0096740528388 30.210834094257 31.942179862833 30.1449120127988 29.9508618785656 28.5756614613056 30.2680404207275 30.2632530842552 31.6136528197682 43.1014210837986 28.4916513233164 31.0247224701793 31.3308282705057 31.0914838402878 30.0869743760562
11.6901115003703 11.2410314023714 11.9938817975472 11.4354888644166 11.2680693951539 11.7187666644174 11.7466228147616 12.0083043124056 11.4109776875943 11.4295308094076 12.1688885385801 11.5872305044804 11.4890579315753 11.7976954809519 12.3354114908791 11.9031436748375 12.359689175765 12.3575526878614 11.2073050993921 11.9910118064178 12.2897047961128 11.9380487213229 11.7452134326042 12.1022509212266 12.0977735315272 11.7643310569543 12.2994697130054 12.1422769215412 12.0590705495976 11.5816234503826 11.4681796319502 11.3276617017872 12.1953920384339 11.5755239466566 10.8016340725977 12.0427211259856 11.0592442472533 11.7201066480168 11.5623016692806 12.3269511910818 11.8734621989606 11.5555019624446 15.9340447043739 11.6246687255441 12.149060934907 12.0635414393325 12.836000087429 11.1854823154677 11.840891695671 11.6136693126396
0.256818181919781 0.25 0.25 0.25 0.256818181919781 0.256818181919781 0.25 0.25 0.256818181919781 0.256818181919781 0.256818181919781 0.25 0.25 0.25 0.25 0.25 0.25 0.256818181919781 0.25 0.25 0.256818181919781 0.256818181919781 0.25 0.25 0.256818181919781 0.256818181919781 0.25 0.25 0.256818181919781 0.256818181919781 0.25 0.25 0.256818181919781 0.256818181919781 0.25 0.25 0.256818181919781 0.25 0.25 0.256818181919781 0.25 0.25 0.25 0.25 0.256818181919781 0.25 0.256818181919781 0.256818181919781 0.25 0.25
-0.0972727272320878 -0.1 -0.1 -0.1 -0.0972727272320878 -0.0972727272320878 -0.1 -0.1 -0.0972727272320878 -0.0972727272320878 -0.0972727272320878 -0.1 -0.1 -0.1 -0.1 -0.1 -0.1 -0.0972727272320878 -0.1 -0.1 -0.0972727272320878 -0.0972727272320878 -0.1 -0.1 -0.0972727272320878 -0.0972727272320878 -0.1 -0.1 -0.0972727272320878 -0.0972727272320878 -0.1 -0.1 -0.0972727272320878 -0.0972727272320878 -0.1 -0.1 -0.0972727272320878 -0.1 -0.1 -0.0972727272320878 -0.1 -0.1 -0.1 -0.1 -0.0972727272320878 -0.1 -0.0972727272320878 -0.0972727272320878 -0.1 -0.1
