3.4806445824303 3.46636677027255 3.48081752056044 3.4798781319412 3.43259531156569 3.42716939803178 3.46358120609941 3.51946112467902 3.47631555252813 3.4499909515305 3.45634253347603 3.430546707427 3.47164389591818 3.4323596476151 3.43020176658993 3.21149775748353 3.47840426461695 3.43638271570472 3.47127686984373 3.48091236112296 3.43328421185869 3.46854885440607 3.47626833727972 3.47114642929501 3.47519213962047 3.42532547371875 3.46670124531524 3.50421575278513 3.51567389606742 3.4370075209083 3.4963154287382 3.4682305931622 3.48095257205388 3.46176588251771 3.47606315336491 3.43402521527111 3.47053606051216 3.48818740686401 3.43062499715488 3.4752983562541 3.43406732622429 3.47071689018401 3.4801582689995 3.47861164992374 3.48521974853341 3.47157663509484 3.48069725368689 3.45870398342901 3.46261634829484 3.43134631098318
-2.26680260461415 -2.20461906914482 -2.27692974077743 -2.26999753951677 -2.22593946244943 -2.19967343119373 -2.22350270755936 -2.24079092230507 -2.26306949813882 -2.15475585809097 -2.25853591050647 -2.21530194551447 -2.26720970284016 -2.1702241206239 -1.52491818465995 -2.08548374862754 -2.22844240922244 -2.18604225378459 -2.16961848956114 -2.22234273857047 -2.18775164127047 -2.17524553590844 -2.19242104602277 -2.26190470960872 -2.26915278153189 -2.20366352228617 -2.2700830727301 -2.286420355525 -2.28481370971421 -2.19194982737196 -2.22329949995552 -2.26778762765129 -2.2781504879421 -2.24265327659805 -2.22549305906722 -2.18956824459384 -2.26178310837737 -2.2066645460533 -2.14322788441364 -2.22316804376159 -2.13559381459638 -2.23841036817335 -2.2207893041053 -2.22799774228057 -2.27411837602177 -2.24714610398747 -2.25384168348004 -2.27265859370532 -2.23706968075886 -2.22304445830006
-0.272512963503938 -0.27218241980619 -0.263024515066714 -0.268329950525452 -0.266737375761571 -0.257222004333207 -0.270357306036727 -0.26537531879829 -0.266611818878462 -0.269161541196413 -0.264626863548687 -0.268265447955963 -0.266615828394904 -0.264745178724843 -0.273671304455887 -0.251331302477576 -0.270685913803 -0.261663255240756 -0.268974043472168 -0.265590646288105 -0.261528802373325 -0.26904764838267 -0.242125779264071 -0.26913571421829 -0.266773710703614 -0.265028180488105 -0.257437232497938 -0.269047589799943 -0.269925764446565 -0.267649130493247 -0.271770743653652 -0.263013054513271 -0.265636696554084 -0.269928822666838 -0.265353217179902 -0.25980084439645 -0.259183151448762 -0.251440016599438 -0.26538377554033 -0.266329937548434 -0.266858879268533 -0.259660021416332 -0.265325266623969 -0.273584310291815 -0.267542330388024 -0.260261524163327 -0.266927801612937 -0.266023471097912 -0.274194781545218 -0.265454854236023
0.560447672432319 0.585126530033878 0.576074796991796 0.559509703018508 0.76818545961527 0.54975484738915 0.567958038213541 0.583236450873638 0.578535583880415 0.535802014364462 0.572873885979072 0.564496352340237 0.56899495575758 0.564031890478657 0.562756582453483 0.604796784444788 0.583214701083127 0.57071228109127 0.582731066138895 0.57593257178274 0.767152368018188 0.568357665990317 0.577225657124795 0.574318710152774 0.571613634821227 0.567158696149587 0.576464860864212 0.5590914278815 0.561119126465864 0.57250213091837 0.561129725881681 0.554218633039201 0.566602629317754 0.76875170773515 0.578914087790588 0.566584298817032 0.57713016763706 0.56550171520188 0.576608407448798 0.768949146393942 0.570107286358013 0.558378707136001 0.578925994382983 0.561703467939406 0.565460292328607 0.575569696741016 0.577656643130458 0.576189048154292 0.57335374859527 0.568495822205657
-0.0710228617251144 -0.0692810251820841 -0.0703517910141528 -0.0678230959921379 -0.0705526273561758 -0.0663642868442733 -0.0709675874405929 -0.0720379829333994 -0.0701386984683072 -0.0681799551677232 -0.0711038566606313 -0.067326510003841 -0.0705821433074953 -0.0711190230470194 -0.0738884409450532 -0.0680517874137271 -0.0704846234944084 -0.0671590850410444 -0.0706429162122173 -0.0698290804136569 -0.070242881094216 -0.0714845441260174 -0.066322476339638 -0.0707148954270631 -0.0715533809870845 -0.0703524721185393 -0.0703139300545636 -0.0708614668718316 -0.0687009675279092 -0.0709238257184384 -0.0714898587589237 -0.0675831877248614 -0.0684901416997096 -0.0700347606030308 -0.0689808811720347 -0.0697011071587975 -0.0707289719877953 -0.0709494155913155 -0.0692739012972135 -0.0686881463296809 -0.0705824844974032 -0.0675165939977154 -0.0691801040546192 -0.072327838785943 -0.0709331465309367 -0.070041473322861 -0.0702530741563888 -0.0704636146972306 -0.0711416047817569 -0.069519969516096
-0.340602799358 -0.370324943422192 -0.343849463802649 -0.340445833657103 -0.367127567869356 -0.375980523813513 -0.372699423731887 -0.369664509605849 -0.372686997034858 -0.375611159608418 -0.375742877259171 -0.336157746573926 -0.343817300915861 -0.367423436877678 -0.379766458345877 -0.346657818378171 -0.383746262368514 -0.371476553074861 -0.378666253849362 -0.374043508309117 -0.375785481042959 -0.339299107356398 -0.342555544556585 -0.373780624327774 -0.366485016668447 -0.365969271580283 -0.372929694860283 -0.352251684058511 -0.37697072390619 -0.396656347885221 -0.35871449718449 -0.355035766365015 -0.373849275301446 -0.379272328222905 -0.382159661824392 -0.215542332797599 -0.37350901476695 -0.363710870882976 -0.375413603317639 -0.373233500556027 -0.334640477319893 -0.378829759104012 -0.370599573017288 -0.338931171563812 -0.376593473928065 -0.378283410478863 -0.379824030547523 -0.372414920869781 -0.369922984476634 -0.365449732683832
0.526920643730917 0.528584389600119 0.524163321470474 0.521088828200096 0.532831291341328 0.532057787347207 0.521406573084698 0.52567678799059 0.523178738106317 0.524623076940662 0.536872940049359 0.526663000713119 0.533560448434578 0.523632868289158 0.526094514054914 0.557739218865369 0.529201476911153 0.522646387786954 0.51840902349722 0.51360997196698 0.51957574392978 0.519446448245832 0.541051407652311 0.531346569926814 0.523430683686063 0.525675791381928 0.52187622679821 0.534183703325319 0.523216129689445 0.531689738495951 0.520450008033604 0.522688352103917 0.524787287449515 0.532690975727252 0.521270097590836 0.536337106928524 0.525062363863475 0.535762517021477 0.516498964101948 0.514584064302625 0.524349446799344 0.513662259031931 0.529076648080506 0.529252769648775 0.52268766508272 0.517175437947859 0.524221608411758 0.530766450264614 0.524498923135817 0.519166514479631
-0.113086305111999 -0.129398332362235 -0.113988732193622 -0.117757048908254 -0.126076693006199 -0.120781286557553 -0.123413631009074 -0.117043256443474 -0.126536873794862 -0.129062224561492 -0.126723171528429 -0.125089722371868 -0.126513817745533 -0.119165366992613 -0.106655297674087 -0.123058903171826 -0.117240711316747 -0.113576664130234 -0.113907083427175 -0.125823560467715 -0.121120788752308 -0.126556751199381 -0.111735709256015 -0.127015472762048 -0.114347306089484 -0.116759833612464 -0.126960645344846 -0.11860072254437 -0.119439899407705 -0.129818737337548 -0.117378594090598 -0.117326359701196 -0.124597673347387 -0.125187461127064 -0.129490070326748 -0.128826377228117 -0.0770209758468312 -0.123893870906502 -0.113349636513014 -0.126467856708761 -0.115382807055228 -0.0748449388210516 -0.126671515356831 -0.124860591903004 -0.118045910875488 -0.125653869931938 -0.0768979854919513 -0.126694987284162 -0.125495556715955 -0.133502424328396
2.13098587806924 2.11214702818015 2.13175152847961 2.09611098072827 2.14254224576983 2.99755624000814 2.12799348253007 2.09490624948151 2.16870286051049 2.94460908317848 2.13614289307526 2.14839931793322 2.12142342166717 2.10429093911714 2.13483124508091 2.22596767055953 2.15884549721009 2.13844507535974 2.04849325110559 2.15846260296008 2.16530222111032 2.12948767996872 2.17425280042405 2.15213047994935 2.14518382237005 2.14033103368367 2.1635928885188 2.12985069804012 2.10017835166279 2.14580756894924 2.12825479892089 2.15453256177755 2.12658604584044 2.17137127466153 2.17013917855838 2.07378916315316 2.13632687594906 2.09137025480819 2.15542130856967 2.15338414283233 2.12447730392395 2.05983862062381 2.14234079430986 2.10443571414324 2.10971133056247 2.15744813602329 2.16536752254367 2.1594358601218 2.12119565689629 2.17177910452603
5.73480540645353 5.62864977734714 5.46145701492384 5.59105601774285 5.14101885193998 5.77044936667001 5.88443412739689 5.42791878583555 7.54658947742395 5.43388408350791 5.82531202829465 5.81457722511579 5.7875446796996 5.80914189951314 6.13984789032498 5.52487764076586 5.41239765128334 5.62614808137024 5.79049411522706 5.6689949570203 5.96036521376229 5.85125997392128 5.79871598409801 5.66126221227016 5.78923426505963 5.38673678808206 5.72948297414861 7.72936423668151 5.98583707934883 7.48784453790769 5.46793323991129 5.60553527280357 5.93315505052632 5.14653214785243 5.36335042089715 5.53326003816139 5.93396571256105 5.42053806231855 7.52782545230854 5.97785961334935 5.48148413360342 5.8196041636558 5.77457768559382 5.85644858237084 5.57554548991674 5.91877212955283 5.19958414690177 5.67854260967967 5.93696966252342 5.9183535654224
0.847490956256562 0.795330096686329 0.821034717131825 0.822459739146341 0.819333870245875 0.851267316758098 0.871529649922658 0.842867157258715 0.785649583908712 0.830250332498721 0.851880789993071 0.860991717901003 0.855446689451006 0.849441521827483 0.938628634377937 0.839750516314215 0.865865069739645 0.859032590705617 0.889636335987235 0.888914098772133 0.911553625568181 0.865058158286913 0.903721063594636 0.863266002679732 0.888101388862287 0.852749666264305 0.880432789361855 0.807663754809205 0.8720324294406 0.799645196336718 0.845791689416277 0.835048971316237 0.880224112345542 0.799213025588698 1.13896093206009 0.865860536799435 0.837338563618278 0.841720051346279 0.78281902580118 0.888200630896937 0.847676997694717 0.86028287100999 0.860769879870527 0.865840861231689 0.851539500181129 0.90640938614812 0.895913549014908 1.14528518280407 0.879454649168367 1.13398568643999
7.27721226596277 7.37725083895336 7.5293595806613 7.41020739235693 7.37197973330097 7.59721852001772 10.0544464500987 7.21569426748281 7.2921451624793 7.30370197394683 10.1179223972219 7.42392824692867 7.43917468767991 7.55860313586817 7.75144996362063 7.51378090791574 7.62155368352669 10.0900106464713 7.25833846442843 7.52752309583097 7.51342156644493 7.4316533216066 7.58356574139898 7.59870413356825 7.21211566797494 7.65168174158669 7.45296014742851 7.67159066699676 7.52099203331242 7.38309082389406 7.43112595829007 7.5260331884941 9.98900014959941 7.37929141938859 7.29703259905868 7.14383802344035 7.73951522026127 7.60008246140507 7.08305752679154 6.82783653561112 9.99017859757506 7.20414045700435 7.09484117589112 7.53055445661399 7.57704739301826 9.96992564228992 7.09659288343302 7.16842894373406 7.40804109397077 7.06909006531177
-0.678032109788064 -0.674190980169082 -0.674089217376922 -0.678812602559108 -0.670614688208754 -0.670985475429949 -0.652724366584156 -0.685741831500686 -0.682426134817781 -0.663430946685939 -0.650375326104325 -0.672877033579895 -0.682176419629439 -0.653499872294375 -0.719763488857953 -0.650683957122936 -0.685689467712153 -0.662326811923527 -0.677626963204712 -0.680352537122303 -0.678718692815925 -0.685282896415552 -0.667163777548741 -0.687900478603047 -0.674331872611058 -0.670527510626431 -0.678428061720953 -0.681180320943126 -0.668552943649809 -0.663503495339472 -0.661257866436026 -0.676509066102671 -0.676946742223998 -0.681359676026144 -0.672980517083319 -0.66566501522281 -0.686759175980635 -0.698221505821833 -0.671845199188975 -0.673292109693994 -0.675222829441763 -0.67453225556368 -0.682143839531381 -0.675199847670184 -0.651715134585868 -0.641614419016751 -0.683524340270295 -0.680032078946149 -0.650825229966174 -0.662611114256096
-4.003880208661 -4.0651952285845 -4.04843024608389 -4.08932675638058 -3.95332437687782 -4.03386097470341 -4.0402144169723 -4.23925394723253 -4.01051663664499 -4.01794164287882 -4.08099636659681 -3.98069285048767 -4.04881670106708 -4.06721861001292 -4.09768202921169 -4.19825788303332 -4.10766300162569 -3.94638276312348 -4.05132976730831 -4.04725034353449 -3.94475383289858 -4.10310531102924 -4.2955703804008 -4.09298265044419 -3.95909938394903 -4.03358306276045 -3.99934523075683 -4.33564601595602 -4.04305427439811 -3.96046301690411 -4.1027664912844 -4.10462144546564 -3.99816655709726 -3.95802198009934 -4.01365671097876 -4.23341363595143 -3.99885728160153 -4.33232337808286 -3.99452875095357 -3.95965993428768 -3.99892368492531 -4.07613298111172 -4.01611513093226 -4.10752626433104 -4.07906865400668 -3.98591159074445 -4.00322493049432 -4.04937807550736 -4.0849773143344 -3.98555495321969
-5.68559397619604 -5.63679878331873 -5.70396352750533 -5.64674906313137 -5.69722404603005 -6.05730464246143 -5.66514746390574 -5.6664803112516 -5.68833040946107 -5.65596361378621 -5.64331414968544 -5.67603301081125 -5.66869448896334 -5.63763309482814 -5.83882116883292 -5.73232805304749 -5.65430974360065 -6.15192182623267 -5.70515910234626 -5.70347701207964 -5.69369010854127 -5.61026773789855 -5.7508691104825 -5.68690566722801 -5.69960528507817 -5.69784151029423 -5.6837240448982 -5.59371010892746 -5.70174682481705 -5.70016755902863 -5.72636827735301 -5.6530556027475 -5.71571405811562 -5.69916103348059 -5.68962517283111 -5.56782566392598 -5.68352284625588 -5.73761927111987 -5.68173804044132 -5.66736039781987 -5.68355022668773 -5.59914609520165 -6.14298497357639 -5.61209065283221 -5.64251928581144 -5.67818488143724 -5.68532378190214 -5.6689259634397 -5.6027929256496 -5.67803782721036
-6.07135887929376 -6.03398310601687 -5.97286332648807 -5.95589044296792 -6.01274661981397 -5.9544636976331 -6.05594599396607 -6.00233030228625 -6.00094735099624 -6.04812156769971 -6.03953404631659 -6.06321315961029 -6.05896797664947 -6.03469391997874 -6.14405414991206 -6.0854974529028 -5.96233196652129 -5.99817867094981 -6.01528500513103 -5.97244882668393 -6.00973578743418 -6.01376784879842 -5.79914823384914 -5.9499605862092 -6.01477537998667 -5.96764751050171 -5.99702283574293 -5.97944482549515 -6.01237782420143 -6.01525442428831 -5.99195165120136 -5.96126346774294 -6.02849967918937 -6.08107788483867 -6.00205045921224 -5.97458419997218 -6.06959432485374 -5.9085634456327 -5.99533080623077 -6.05582429546241 -6.06961765234356 -6.00429246841759 -6.02937865205396 -6.01532092983771 -6.03885684082071 -6.06504650323291 -6.0711286800524 -5.97980929041958 -6.04880255970968 -5.99217831079382
-7.05941874907177 -7.21417755778495 -7.09079594525158 -7.12635928370021 -7.16442411933774 -7.06449021765506 -7.02387210718128 -6.98686097873295 -7.15887617341412 -7.17625628567764 -7.17403132744518 -7.02831035949783 -7.09261726787223 -7.14268778325071 -7.30285859707289 -6.72578297505666 -7.16183824064232 -7.04052226227093 -7.04275129899374 -7.08361944484496 -7.1444050833715 -7.14588726786601 -8.37088629874068 -7.08535836914782 -7.16536503808056 -7.07010359377718 -7.13907676114721 -7.05207462640066 -7.19211032306368 -7.17815747916053 -6.9590724518037 -7.02949974418855 -7.05049849746256 -7.08411580377756 -7.16870711629985 -6.9298017785844 -7.04703077597899 -6.88836909906315 -7.14031781934016 -7.1589699593498 -7.05589608179549 -7.10757077738253 -7.05521633391027 -7.16120907432478 -7.00101401990245 -7.11569108234142 -7.05720390298517 -7.14541943910167 -7.06894484415255 -7.12011198091671
0.885589713026729 1.1537580060562 0.859604546301193 0.866880799143973 0.917582314472968 0.892467590988661 0.906921223539311 1.17602375118277 0.915265495558267 0.916586542814492 0.899310117514398 0.89633122541481 0.908451730510318 0.89685879734592 0.917145784850073 0.899692133329111 0.850315561145911 0.896119553936442 0.840819046462044 0.908173046256659 0.889937003096028 0.829653798809271 0.89879565513741 0.901442701230861 0.918609796067707 0.905741381797667 0.913277893846976 0.820092495068118 0.892559510819135 0.918852411833549 0.869271978943679 0.850300631122339 0.913068185793551 0.918418105804474 0.915824173416888 0.860985630501903 0.913191078580765 0.794948679425854 0.89879289046562 0.918709528440115 0.884707854900926 0.898444830422549 0.908243126850313 0.85081745264021 0.898967141448416 0.866174240678534 0.844627079695112 0.908551609505797 0.825749523770537 0.910824345967107
30.5678956350804 31.3015651620373 41.7593244352438 31.1195651945571 31.2213330259338 30.1307724993443 28.8422473043473 30.3077368734187 30.9485431203855 30.9964812761969 29.1055482894003 41.3219906846597 31.2346055701451 41.880627972117 29.2132761308405 31.4687670076378 42.1417495773754 28.9897691352444 30.4925416338815 41.7517066164198 28.2259240031865 31.2085238403551 31.7563643901835 42.0469686519266 30.6553625915479 30.759666524292 41.4424162686172 30.2020291784306 41.7246154854873 31.2674223122031 31.2063363144178 31.5948984032749 28.5707732079295 31.2516622173286 30.9688164195493 30.0096740528388 29.4087765402972 31.942179862833 30.1449120127988 29.1557062419367 28.5756614613056 30.2680404207275 30.2632530842552 31.6136528197682 41.9571355517009 28.4916513233164 30.2010572599082 30.4990363574532 31.0914838402878 30.0869743760562
11.3797545533807 11.2410314023714 11.9938817975472 11.4354888644166 10.9689171059874 11.4076489608491 11.7466228147616 12.0083043124056 11.1080313729098 11.1260919339598 11.8458206965864 11.5872305044804 11.4890579315753 11.7976954809519 12.3354114908791 11.9031436748375 12.359689175765 12.0294760630707 11.2073050993921 11.9910118064178 11.9634294428106 11.6211093701417 11.7452134326042 12.1022509212266 11.7765936985977 11.4520036792304 12.2994697130054 12.1422769215412 11.7389182294776 11.2741467171513 11.4681796319502 11.3276617017872 11.8716205636905 11.2682091471548 10.8016340725977 12.0427211259856 10.7656359886425 11.7201066480168 11.5623016692806 11.999686995421 11.8734621989606 11.5555019624446 15.9340447043739 11.6246687255441 11.8265194894786 12.0635414393325 12.4952213191027 10.8885226036698 11.840891695671 11.6136693126396
0.25 0.25 0.25 0.25 0.25 0.25 0.25 0.25 0.25 0.25 0.25 0.25 0.25 0.25 0.25 0.25 0.25 0.25 0.25 0.25 0.25 0.25 0.25 0.25 0.25 0.25 0.25 0.25 0.25 0.25 0.25 0.25 0.25 0.25 0.25 0.25 0.25 0.25 0.25 0.25 0.25 0.25 0.25 0.25 0.25 0.25 0.25 0.25 0.25 0.25
-0.1 -0.1 -0.1 -0.1 -0.1 -0.1 -0.1 -0.1 -0.1 -0.1 -0.1 -0.1 -0.1 -0.1 -0.1 -0.1 -0.1 -0.1 -0.1 -0.1 -0.1 -0.1 -0.1 -0.1 -0.1 -0.1 -0.1 -0.1 -0.1 -0.1 -0.1 -0.1 -0.1 -0.1 -0.1 -0.1 -0.1 -0.1 -0.1 -0.1 -0.1 -0.1 -0.1 -0.1 -0.1 -0.1 -0.1 -0.1 -0.1 -0.1
