34.1179194296353 34.2055613308615 34.0014710513135 34.0318687723417 33.9942216345306 34.0827684221951 33.982335576562 34.0352794568668 34.2761063410849 34.2069576620021 34.3490038704983 34.2664569202955 34.0660554768337 34.1387406985509 33.8775198238349 34.0972419757001 34.1936219280678 34.2418820960258 34.0750744367798 34.1952778569706 33.9504267947129 34.2370776596491 34.3392307987642 33.9998059301908 34.1293542601282 34.1768394222205 33.9529765274297 34.1127337071975 34.1914444433795 34.0058403649752 34.0361539487656 33.8724553064313 34.2200759531126 34.0538410056353 33.946752500142 34.3564438986559 34.1533060542941 34.2710763467978 34.1579690038075 33.9363155112474 34.1313463578521 34.090795243436 34.1376409215356 34.2405632784142 34.2217599116756 34.3430467925754 34.2603424458681 33.9768274469369 34.3802904663213 33.87349206039
36.0032913144149 36.1156698451966 35.8918591356223 36.2243404266594 35.95021651168 36.2571522764365 35.9960935130046 36.2101457705522 36.100258887897 36.2066070629604 35.9150668726773 36.2584246872674 35.9605505590886 36.0395675879498 36.0794972571757 36.0703369048762 36.0791695362052 36.0864395208773 35.9811346826362 36.1230884001805 35.8662592688658 36.3148918863148 36.3333609226156 36.0274430521079 36.2486528445133 36.0282057482256 36.2001388956694 36.0211501921158 36.2020376470839 36.0901031064651 36.0872880765126 36.0762062653719 36.0819389503426 36.1237747032622 36.080146328114 36.2538339358104 36.0111988296932 36.1279207386246 36.0610659354306 36.0521863517816 35.9587446445213 35.9786409350885 36.1626269927247 36.3347898990067 36.149902454117 36.2547924858445 36.0627267950927 36.0978440358719 36.1493637008597 35.9960286067123
38.4618905408534 38.5010831041722 38.4264608503469 38.798865653688 38.7065663000093 38.6649224785574 38.6504776325627 38.6963091844774 38.5036803665563 38.7871776265951 38.3989920365648 38.6714091104116 38.4315063252872 38.6383393532163 38.6798604936038 38.5640655509694 38.5312777782954 38.5220643682965 38.4900166221722 38.4709153317691 38.4503740604259 38.8395268922916 38.6259074680767 38.5204086768757 38.7427828704447 38.5418562694469 38.6869020200144 38.6012644274586 38.6722150183154 38.6049212898211 38.5504685533576 38.6321398595168 38.2866169782571 38.4902957156028 38.5565238952287 38.6991345427828 38.4507632442945 38.4656999591602 38.5413493378643 38.6129295658075 38.6073188318793 38.3193665083934 38.5999082441784 38.6079938239168 38.4749677935463 38.6552340247815 38.4916761926839 38.3678036971016 38.8023616869883 38.5299146623794
42.4439502048048 42.499818914917 42.3901392966755 42.5713229742108 42.592134000541 42.6444905451586 42.3737266453235 42.6050075509951 42.5598179547392 42.6083767679105 42.6392732600009 42.6187521539654 42.4021322794807 42.5501585561418 42.6007132752149 42.4893497682922 42.5048915621047 42.3737400106608 42.6002383543468 42.7525662095436 42.3369182923264 42.7039582353773 42.71755469235 42.4466456691209 42.6013134335805 42.504834624885 42.5815914958819 42.5036220435113 42.6130592459678 42.4272691580793 42.3101815078427 43.1026902147343 42.5023211853074 42.5689725789392 42.499575454951 42.7061602495986 42.5208576923529 42.602763677496 42.5024051935635 42.5186537619304 42.4986803415214 42.4780979059873 42.6581027712479 42.7479105464616 42.5282910954466 42.6769392391627 42.4947819126877 42.5696920766445 42.7414556766994 42.4420217999101
48.2674867371156 48.4043352358614 48.2988488472358 48.5066024679146 48.4089041285366 48.4895766930025 48.2758179590774 48.4808803271684 48.3537663337499 48.4861385929501 48.442642936526 48.4486107958344 48.3636502511013 48.388195110722 48.4705309183457 48.298537577656 48.3488120755639 48.2596137584332 48.3519079947962 48.2482726870845 48.1856791571886 48.5303122907723 48.5302894718611 48.3313877013126 48.3823878667102 48.3950762695266 48.4550260172376 48.3580804487314 48.5382116720326 48.3887986063812 48.1199516062274 48.3964234245414 48.455651928206 48.4548583845486 48.408815592117 48.5346017210997 48.2816377448102 48.4738477184836 48.3538686036813 48.240077631289 48.3499520093556 48.3652867531632 48.4546659258951 48.5668930504364 48.4551521125576 48.5927948181117 48.3368153740861 48.3286494735116 48.5158852482746 48.2301259696476
54.3038572489817 54.1423508828261 54.0383853043555 54.3922956274539 54.2855850499033 54.177626690774 54.5148410725463 54.2937649945295 54.1055077958424 54.2277870040202 54.2294271918857 54.3251320272649 54.0647951979796 54.1411345302712 54.214068013009 54.1333026714953 54.1325603627656 54.1470794116847 54.157838773057 54.0266488724456 54.0550273648547 54.3721549602839 54.341868220216 54.0515196864045 54.2318974234576 54.132229153031 54.300540489328 54.1579950112075 54.3469470447317 54.1607909038899 54.4144973332522 54.268610768121 54.2310748785588 54.2776485292515 54.2483456845663 54.1933662375288 54.4452428160242 54.28183148115 54.224030426336 54.1438750878598 54.0817746932427 54.2175380121427 54.3948447307041 54.4011905928577 54.256227842671 54.3765991758589 54.1651376108473 54.2808938811076 54.2200634990291 54.1366017433325
5.67247797772216 5.88210610929492 6.44226937665195 5.9057880188832 6.25736354390854 5.9247363667289 5.69117466690126 5.84869272090628 5.89008197603865 5.80834580286951 5.89881631037407 5.8943713083979 5.75726783016999 5.77262315936172 5.85678863156595 5.77981231123379 5.80870285997701 5.75434104764743 5.79990957832676 5.83824399664712 6.38815212226277 5.99839350028615 5.94628841622899 5.78846238151718 5.89379870378798 5.85318791204427 5.86372174967303 5.87034603749833 5.94436887091365 5.79764801282557 5.67547850720202 5.79937060048456 5.84342362220579 5.83083839293688 5.83269396209343 5.95111776399881 5.79166565035656 5.83820475744955 5.81297974833338 5.80835190822944 5.78975225213065 5.79388863430397 5.877736699457 5.97401649809095 5.89051891598257 5.94716828289248 5.86026015000638 5.76673320857436 5.96844819158588 5.80253376165554
10.0944519354354 20.560719520591 21.0191495559744 22.7863301143353 22.1514826034676 19.2098403167044 12.2077717617741 21.6544197323524 21.8557203642609 12.8260666193536 20.5866381008658 18.3549255755999 21.985461452281 21.0757867596064 20.1438108632401 19.6616098902907 18.4111436112626 16.5544341543582 16.8695285845166 20.8668197975152 21.5544426528914 18.4891469727448 17.2393973565959 20.7718486512551 12.8231621108317 20.0684794528297 22.5631794137055 18.6612645238113 17.3425166342865 15.2140629358756 21.1596162585287 22.695298760716 17.4841598511402 19.880338244129 18.7151736975937 14.7535816316169 21.7460533911027 17.4360981053636 20.4685200738929 18.6663322740617 21.2302824365878 20.3431863722442 22.6073639615978 18.294969592406 18.6297616328426 22.0393146842378 13.9430586752115 21.5209573166778 18.2385447613834 22.1647264246091
15.6043400532768 15.2393898143535 15.5122962110203 15.7442816499193 15.5159757471228 13.8966220800716 16.9409646341098 15.1169975957206 13.1092261375174 17.78021255865 14.611130904912 15.5128690213769 15.2176118604845 15.1481996960815 11.77714104051 14.9194586074163 16.6208944988759 16.3157544835169 16.4500495491169 14.5881441742371 15.5617524196097 15.6294932460508 16.0316516298112 15.4299520289576 17.7856841120209 14.8744201028392 15.6409725703383 17.2729420734257 16.1398074983767 16.8966630897874 15.3318863210758 16.06385929779 15.0007633089182 15.3897350601847 14.8791255050712 15.5591252443058 15.1354007600967 14.2895640860561 15.82098466966 14.9974307095786 14.9658537512658 15.2771404012992 16.2703722834489 14.5646127675556 14.9652330275666 16.0141437006147 15.0637664858313 16.1761819286872 15.2014800965954 15.3725413043033
28.826178498148 27.4860297426071 27.9391988829926 28.4222930112727 28.3520906208756 23.8977161014774 29.7336380055293 28.0699921581396 26.3845449272592 29.5044254353052 27.3025634522154 25.5138515001536 27.3661835388834 14.5096328752547 27.2411828536915 29.0556248670325 27.4571079056655 27.82693443852 27.8790060829042 27.0509526445477 28.0711431012796 27.4377292619495 29.4126535928557 28.058151262226 28.7258835628374 27.792608734365 28.9394935011654 28.2692599233863 28.6888631678071 29.6558829242563 27.1310042290692 28.3830870034379 27.2161073144423 27.5276643694096 25.6971801369401 26.6871436400213 27.3547863897557 28.1494346268516 28.4819936333053 26.047422011129 41.0301169076858 27.2658874074529 27.0992226784998 26.3352093055841 25.9104306435306 24.6595720955072 35.4622438408946 27.374566902059 24.1039155281932 28.59882116641
23.0252560653017 21.9336610767294 22.2903431733914 22.6687785702598 22.6780039125671 21.8231782061396 23.6378045389757 21.8229073764894 13.6707701356451 23.5200233026012 21.7589748002756 20.5615130292852 21.8794792696755 23.1745103152182 21.888865944022 23.1940329351532 21.793467385922 22.2636635234604 22.0707217024965 11.1998594812995 22.3737903523099 21.9987653479538 23.1906607284252 22.4003860560116 22.9290645547619 11.5488351034185 23.0756034131533 22.5511392639758 11.736153160699 23.5759903939084 21.774440519198 11.6608730010953 31.9519271344612 22.4723238181003 20.6713262806518 21.2246961814271 32.1737514446295 22.4825399239644 22.746075784641 20.9446588678045 20.4205366651951 21.7951683184326 21.5356902280839 20.6019658441526 20.8525933562228 19.9269282825587 21.2584017608562 21.7244269055895 10.1239310625569 22.8039670795636
10.4992500576928 11.3024084494486 10.410892407261 10.5269364502146 10.3737863071862 10.0322640295439 10.3086834416889 10.6570503326046 11.2943858124617 10.3338483795068 10.375941329349 10.6784331726257 10.1383369471891 10.8922741000572 11.3208289199426 10.1089290284638 10.1642737116677 12.8852670918508 10.3112465437666 10.5605241786122 12.0231534278098 11.0418029779044 10.2943787404486 10.5938809992902 10.2372235585309 10.7754951775267 12.8096940589543 10.5106937997532 10.8748908101531 10.2817256735652 11.7957076986538 10.2209715364514 12.2895002273569 9.97306468365819 9.82874170478308 10.1212998455515 10.3779753393653 12.5504837024555 10.1484747132699 10.4528169245273 10.3208193837255 9.82304649775625 10.1062744015137 11.0748430949957 10.450610308965 11.0952158699993 9.95234107916407 12.4423412749196 10.8009010834738 10.1008912093061
12.4537746331732 13.6856215312435 12.2249906851305 12.3612554056439 12.4275290335698 12.8184016607242 12.1049718045989 12.5169124759652 13.7089706191759 12.5016682085486 13.1549741037629 12.9290844416329 12.4721482613336 12.6270923146331 13.4985804404889 12.8531560009973 12.42768220478 12.8982904441618 12.7352070249799 12.9004526604178 12.048067838956 13.5911522411588 13.6107088284011 12.4398650441702 11.8926724903094 12.0779957670927 12.5251210306331 12.3421824729094 12.7698408220231 12.073316644665 11.0319856570981 12.0019760975492 12.1820255106284 12.9125468332392 12.1792267027508 12.9167622147779 12.6410565282936 12.4476338800262 12.7064221171246 12.084046967368 12.8444481635865 12.3820945698365 12.4941318913935 12.7502242738485 12.5639503213916 12.7638391237618 13.3793568932708 12.8181805191701 13.0769008509368 12.3777517529949
16.7690685219013 18.322629888002 15.8838231614413 16.0608707175112 16.2862429327642 17.0391622555188 15.7278836827537 17.1196250089751 18.3805870663466 16.2497794534468 16.9557456621177 16.409657127477 16.2049528321738 16.6182637244998 16.3829480237436 16.6999928461769 17.5504653640181 16.5192898057106 16.8962927108858 16.7198797912289 15.653948859347 17.5376252215777 17.9451296309781 16.1630075312967 15.6599612511437 15.5860807124116 16.2737798866554 16.0360894233137 16.5917421649639 15.6867544111259 16.2244660326371 15.5940622640467 16.2169439799274 16.8754339618712 16.0293264700525 17.6409839387894 16.4684928603497 16.5140514521598 16.5093427979884 16.5152564335185 16.8485340880027 16.0879468607487 17.8244162070762 16.7419308894351 19.9636391177322 16.9680526169626 17.7678800617718 16.5064524669693 17.6121755301228 16.0823042769207
24.0630223954015 25.3285145008477 22.1897389362283 23.4522330155879 21.8157602899042 21.9799940139367 23.3082045405028 23.435412073733 23.6217842594759 21.8394898125327 21.5349079480405 22.5938479439605 22.4658193854441 21.5942755496438 23.1902778079106 23.4226736732752 22.9858485365784 22.6882168656371 23.1237821527826 21.909825236694 22.9745420602527 24.002756969652 23.6411976426157 23.5488935538564 21.1060970371879 21.9851960074707 23.0306599230123 23.5430262258304 22.8236110973809 21.8550578290373 21.341179113772 22.9424883198132 23.7473653992567 23.0188617445944 21.8480761794449 25.4053472187883 23.2782391503243 23.226094729944 22.1575019623209 23.5388457971522 23.204471318638 23.3919322630924 22.9032160187155 21.1460988856685 23.7522328987584 22.6688294932949 23.2292989422083 23.0950427117599 21.3594681443776 23.3299024816607
29.6454435520763 31.0617838792037 31.0356692434024 31.4562711726267 29.3231183456884 29.2414390290592 30.1061634340413 31.1405284457452 30.0606969075214 30.723053615066 25.8410651059807 29.8525541274563 28.9813991302484 28.9812562004169 31.1175990300614 31.7284210549077 29.6875450506926 30.6551260377455 31.3741005416485 29.4130969027745 29.9784210407741 31.0055825777285 31.9671446013895 31.1165607297508 29.4902481147497 30.1481457575433 30.6033908748056 31.4099734312484 30.6107830769453 29.5121247250401 27.7648505243235 30.7730148050499 31.6066290865918 31.1544646019895 28.9452896825109 33.1821997081029 30.8179234590228 30.951952695743 28.8233878168274 29.9886380953144 30.9025050338057 30.5282478117937 31.2167017147402 28.2791060400183 31.2071837207402 30.3908647910563 27.0009688335826 29.6199790620592 30.0221767990033 30.1327027901494
37.1887789592951 37.8141573794041 38.9884564325069 38.3783675395626 37.0529724027102 36.2566642084262 36.5175864003086 37.635676039067 36.5475793560174 38.7396981648156 35.9018507568527 37.652597985303 38.1797206489987 36.4779467651107 39.0264071386229 39.5357508173062 36.8056844143033 39.7739597102096 36.5190876057573 36.2232434652767 39.2199565501319 37.5050450992504 39.9514920728641 34.0166615985933 38.3516970924464 38.2442684067968 34.6426455663805 39.4953043232062 39.8092461011643 39.214213440028 34.5457661399685 34.862955873449 38.0016869485971 40.2313237915289 36.9185237914958 38.9458486703859 37.7229463079496 37.8231038068089 38.0157398872617 36.5619078427556 38.7133831532445 39.3368966688678 36.8883391797467 36.7610485832846 38.5300042845791 36.7247567170595 38.0825126207219 36.6033887940105 38.132535103508 38.80298029053
17.5873267570714 18.8543238794043 18.1079830978335 13.3338583038345 16.4548427205995 17.965028824939 13.9869955169344 17.3107653447492 17.8402903486032 14.6558306922597 19.6058447930556 17.7809286876273 17.4164583776656 17.1354223436343 19.3211703472867 19.2011713783993 17.8898582561688 18.8610499111068 17.7290096784684 17.4754641685996 18.2450391542526 17.9266110793847 20.1895158505966 18.1754370821922 17.415559225879 17.5784583755521 18.4105139067772 14.4704300350279 19.3602957445727 17.9040173159453 16.2583080858549 18.5824665788386 18.0164537128892 19.0319494619478 17.0829306408613 15.5817866128758 18.3621552048775 18.2573556593241 17.2279283282037 16.1389630692778 17.9712927355016 18.8857096398612 19.0614493109618 17.1294911808263 19.2515910424033 17.5819950359006 19.0351643245088 16.7712633123403 18.7507554273466 18.0743845351061
-60.5288520282046 -56.6464076320741 -64.2514408773707 -47.6495373210518 -59.7688950022092 -56.3491377289478 -65.1065169683593 -43.5517072855861 -39.5913204093782 -61.8982080262279 -43.9676945978195 -45.0153295813468 -62.7215813175794 -45.9041251576576 -56.5976171971459 -61.0232742026053 -28.4970838087124 -60.7884478476685 -29.4027307564522 -44.42112542171 -65.3136704111373 -57.292587719244 -28.3159035092322 -47.2753297907656 -61.8193224593274 -61.9906064333533 -62.7446668953873 -47.8146040755175 -61.5491826138546 -65.2443407903242 -46.3838828144618 -65.6570634225387 -61.7026628537006 -45.3056436522309 -35.2992299723282 -57.7436561754438 -61.970039752873 -60.2870976175344 -61.617687769525 -46.5337258324639 -44.6677025337248 -47.4498248250771 -63.1897244577041 -59.9172524043921 -61.2745169297702 -59.6283603338486 -55.1525459505243 -30.4137995227802 -55.465913436759 -63.5020898420562
-45.2145096409496 -33.2635298031873 -47.9952501270141 -47.4583694089234 -44.646828557843 -41.8449950739905 -48.6339842986402 -43.3769796928435 -36.1630365882797 -46.237406291056 -44.0442551450782 -45.0493795572655 -46.8524587556657 -45.7199597647102 -54.5539741140906 -45.5838385712374 -34.5928189777551 -45.4084253900267 -47.4545841316386 -44.1408302855076 -48.7887260626393 -42.9703263210526 -45.9927508247924 -47.0856631832933 -46.1784794800288 -46.306427072548 -46.8697034752559 -47.6227739226071 -45.9766874380814 -48.7369374576412 -46.0659355063597 -49.0452375625994 -46.3582365855482 -45.8866027352586 -47.0129015370863 -43.8680461217513 -46.866890071763 -45.3022513460581 -46.0278601750117 -46.4657410095417 -44.6957937112163 -47.259458150967 -48.1339977729739 -44.6195595946802 -45.8835647471685 -46.5199050595957 -32.6812281885846 -36.511021885178 -41.6215239875742 -47.4354916238312
1396.07811099406 1441.11690156178 1322.37862858196 1337.11839885073 1341.0175441231 1437.2886957906 1309.3961726661 1453.2488994348 1539.72144183134 1374.26308219841 1399.84084633414 1395.38188051441 1349.11369162465 1383.52313357178 1442.2819627178 1390.32734202589 1362.61563183539 1395.20953986073 1325.79277269668 1422.00486871417 1303.24086425029 1442.83601021964 1356.26744050086 1345.62161236355 1374.68598793002 1368.69001981148 1354.84376208626 1335.0552775542 1381.3151296693 1305.97203042675 1343.81181203435 1298.25511535604 1341.95910635821 1373.32008697395 1322.01140355107 1427.60153446689 1357.64268823035 1379.30651809917 1374.45512116946 1355.32067384386 1405.66334750336 1339.37257360435 1989.19631546909 1389.08402851852 1368.29421830905 1392.13644609907 1504.92386763506 1293.66532441657 1402.05833058722 1338.90281061418
653.517363731715 650.353503581468 619.017939183008 625.917765010948 632.119515005099 681.565187794853 612.940728819151 680.279550352957 563.436993666584 643.305542490496 644.154804295624 624.798209887823 631.532874974392 647.640260092517 669.689575907671 650.825374403961 623.290802922467 653.110777371829 611.647164406863 662.546339337013 610.059370751011 667.16506318953 625.346792701523 629.898199654522 643.50350866205 640.696739293634 634.215175135531 624.951998425145 646.606672589008 611.337855461504 622.392068998578 607.725494553155 619.337206829699 630.32470659436 614.448011826786 635.6251524861 628.307815356998 631.897454740886 643.395437748576 629.432950180201 646.686586947946 626.972965526432 623.021725709885 645.472568129758 632.454507210074 645.22482148452 701.194908606919 584.88438416307 667.168710068181 626.753065029105
-35.9443867645766 -17.4295848765821 -35.6280704666811 -54.7986898631022 -36.5027568009306 -24.8916569891046 -36.1022187629385 -32.1998132114866 -31.8422302515586 -34.3231791724135 -36.5538038991247 -35.2015502696572 -36.5057780941086 -35.5027876160776 -35.9449525349754 -33.8380195636017 -36.0980282918333 -33.7078059869577 -45.3902612910185 -34.0069976959836 -36.2170874313441 -53.3917690937711 -36.0256341209787 -54.6104487913474 -34.2794363318179 -34.3744150188807 -34.7925491324604 -35.3515720960577 -34.129641069347 -36.1786434590062 -36.5236528887863 -36.4075023113983 -36.5011817273812 -36.2089321860802 -36.7776956105627 -35.8226468287396 -36.3066750789126 -35.8294802443149 -34.1676278674675 -38.1379623937245 -37.2314458892403 -36.5544759524174 -36.6777620259708 -36.3317584873102 -35.7051789488563 -34.8964051995952 -43.4584884931474 -37.9080426462372 -33.6795920349846 -35.2125477776036
-7.20998532934193 -7.01159072536872 -7.49005099642052 -7.40608881801497 -7.37814615271603 -8.23792737788008 -7.19281682156613 -7.4420273962221 -7.57946524137163 -6.83837029912421 -7.58543218226071 -7.42055189605992 -7.50282439130471 -7.41941001252872 -7.50919119712465 -7.0330595234206 -7.43294334059408 -7.10352193815973 -7.74249263711342 -6.9890315475936 -11.160600635759 -7.33852809713069 -7.55959629434736 -7.4140150867053 -6.82965520486025 -7.2077784184664 -10.7363250453524 -7.35633690407087 -6.79981078197952 -7.20804327739889 -7.97967686541686 -7.25363991549084 -7.92930443791257 -7.86102788509123 -7.67855361171183 -7.53583084949094 -7.9265860555859 -7.72832129753844 -7.20894706577733 -7.56983935596845 -8.29655584696151 -7.58425871123009 -7.35720381370066 -7.40512209703106 -7.61833122298845 -11.6001177992996 -8.31748358724921 -7.71902899490834 -7.42378494234754 -7.34579633292277
-728.128657522322 -547.172891121597 -491.055873654736 -485.562862796937 -481.986915793914 -460.666390298345 -497.590982146751 -443.804764079852 -413.814247521994 -473.070770163658 -513.332190514234 -476.687572831052 -479.363582984768 -467.77659719045 -707.169810758264 -466.383894549938 -477.328424092692 -464.589182099815 -511.159762462055 -456.121519851202 -499.174198233965 -459.247607845361 -477.627196814898 -481.7495775081 -472.467869739254 -473.776945463627 -479.54001962844 -487.244941791971 -470.403266112996 -498.644331244942 -486.192064000455 -501.798655412173 -495.171292454003 -491.370100173483 -499.393623648933 -482.887279738186 -484.749004946055 -485.681389550013 -470.926831944488 -484.081102742624 -473.502829307208 -483.52773346024 -493.597068926576 -468.021481945061 -483.831222413551 -474.186279725892 -444.262670256277 -509.614029829538 -455.877006926232 -485.328792327133
834.460972603589 782.388996589335 811.144630278388 827.298731078588 401.662466349679 785.895074094663 878.395167608209 394.414584751537 728.33109128218 435.437388910091 802.245719106512 734.900793459787 822.303381897325 800.729653116509 785.516669487159 208.568529601596 646.031093330761 856.459624902276 822.368267886075 799.575825504622 822.190847835418 372.048319405008 414.490969955549 817.265155202441 827.929205452567 807.901624835688 846.430766482047 855.629018340588 431.033022280252 839.146924457015 760.788398478857 835.173516410764 795.857427397421 419.569645561349 869.869379983608 818.760498786209 662.740956051062 820.69779131605 826.363344749859 809.590688772031 332.429164917728 468.643286956677 660.913426190156 744.414326559966 595.817162326626 811.650951311489 791.053991134757 902.433931167212 474.602387706364 444.810621265102
29.8642913191662 19.8504117033062 28.7580959570552 28.843826296692 29.3425051936252 30.3708329271237 29.5403774065597 29.7439273783586 28.7434406461561 29.8019330409429 23.83571809502 27.8897998080981 28.7539358642514 29.9270215344183 29.17731788667 16.103854341233 28.4954201833751 29.9514757833538 27.8592641475347 30.9514631858312 29.4015117695181 29.0327256209218 28.5032897274803 28.9065460385571 31.013335571523 29.587562725291 29.07306451099 27.784611840515 31.1628910330006 29.4631277122685 29.3361554076918 29.289031752343 27.2939611523222 27.5308462081623 28.0908015629294 27.9614844990975 27.6533022259414 27.9784231895471 29.7342946692992 28.4650586250129 28.3349892336444 28.3409995353539 28.9223404165397 29.1528776831573 28.3107498526887 27.7461258892759 27.8926934884279 27.3336835256042 28.5938842862821 29.1052362810058
48.5606123640661 47.7312239306568 24.8509474215761 46.9789155842477 48.5248394406953 49.5593773676787 47.9092689245533 50.8781048750243 36.6461082222709 25.2289853516003 46.8354820094597 48.0584133244737 47.2244890307732 48.7301948248448 47.6426227894669 50.8704454104608 48.3631151369902 48.8059214791581 47.1131105152278 48.5367718331297 47.6840534150204 56.2106379338925 49.225321101817 47.2017523008251 50.2981466246794 25.6783437018997 47.4809882794023 46.4440560381579 50.540699139309 47.783983579441 47.8242375909971 47.5016307154958 45.0137708256435 45.6093441960453 46.3979335181276 45.943944203918 46.1684909899869 45.7691803136795 48.5050705691438 46.5245647164944 46.3186387454929 45.3394048945863 23.4421084469094 49.4715906260562 46.2318269333486 46.0553806834338 45.5350208685215 43.9977498128591 48.1432147726574 48.9888821707376
8.29379754459864 8.11516686385749 7.78160485410395 7.91855967639189 7.82252398212742 8.29645602090145 8.37404072018978 7.76928849620411 9.34909716663644 8.46440979255263 7.82052548332496 7.65791434419304 7.90660380040323 7.96981901161085 7.8136229840453 8.36290363682568 7.80528590810875 8.06641012062769 7.76204976775383 8.14132480873314 7.99865874865608 8.04010060758582 5.9471294406634 8.05446482181549 8.40031447167163 8.28634500154364 8.28090612748555 8.13794643941406 8.49388255444904 8.35214214805199 7.48419622391325 8.30278981116159 7.39356647880565 7.44747568680338 7.62768441752002 7.84897184117564 7.43177905820114 7.6202865292502 8.1879113491613 7.78398446741331 7.61284943342894 7.88714305958738 7.58560490131668 7.8516009545428 7.01750341560438 7.50590677294752 7.69890239067533 7.78974106142515 7.84561433339346 8.1644720115186
32.0484199307024 31.8766264083645 31.6409017189666 31.9935840841788 31.8279139584023 34.2071922344482 31.3302670770981 18.1116562186514 31.8318181632148 32.8823547053791 31.2299150937075 31.5967050273746 16.9484700536187 17.2068573633824 32.0906274866899 31.8088416036417 30.8382853220107 32.116371436264 29.5162537614135 33.3665485657629 31.1829873915183 31.0571907867238 29.8466206853527 30.9308940065483 32.8924736821989 32.7490065738771 32.4177035186177 30.7710730081667 33.0510909025018 31.2483367239258 31.4193486008138 31.0636920646365 30.2826269775793 30.8025666161626 28.9647741782503 45.0004243953036 30.7371722839602 30.4087808948503 17.1364094396845 30.9186757562681 30.9891763660891 30.7323942901529 31.3933438785109 32.7242682166941 30.7974766095349 31.8248603464307 29.8068020737354 29.6806345315449 32.3512869316185 32.0362801744008
35.2519090146384 35.268549868593 34.6672955359868 35.0537113181202 35.0659274029865 15.9881857652026 34.3269492642836 38.0981724864069 37.2790856930745 36.0274912079131 34.5233481229728 34.9629747805658 33.9787241187567 36.270251436111 35.5081285335214 34.9998032626736 33.7656063892527 18.7314266158124 32.4699200876151 36.7828930659342 34.1655825487651 34.4293915036147 33.1044853156678 33.955436587187 36.0385780461785 35.8813885738925 35.5183969932266 17.6525505909763 36.2123667106794 34.2371824241342 34.7193178111279 34.0348768441737 33.6696334635891 33.9851444690016 33.8404244829017 27.0361459908405 32.1622306940867 31.9600661155407 36.0325256750617 34.4124548932542 34.5597542891371 33.8058537058797 33.2340694116229 34.5625961741722 32.6273218174831 35.0554186977727 18.3855183937752 32.7049058447535 36.083400950958 35.1004912105236
9.68130542725871 9.07606672434395 9.3372565854579 9.43482395121121 9.76677308534932 9.71049064124576 9.73948610862936 9.52072373605933 8.68821312935622 10.2219759596676 9.13990597488731 4.70228161149392 9.27384012376774 9.68019558316715 8.46618361216075 9.75581548943685 4.72394623761431 4.92372858575334 9.02939571316423 9.8999362130704 9.32150533744909 9.40761022059669 9.39372233390336 9.39833139447829 9.74729009647904 9.66334964688344 9.69194365781341 9.50816790441689 5.19017512025948 9.351518588317 9.23393392723895 9.6566172449714 7.79467070904055 8.7724075486558 8.9914115787925 9.16230117594962 8.73819816355529 8.76082861496686 9.55635930678709 9.12619095250771 8.95146810581962 9.21078015633532 9.2930640383007 9.17968760036753 9.08349199109651 8.85782208539762 8.9381044960392 9.06990142910811 9.0662943030999 9.51780363404634
69.6844712582936 70.7692789774712 65.924059814753 67.0736341825798 65.5622252999065 70.9787279485042 68.2673690749863 70.0240520753017 37.3625489897397 71.6493044634021 65.2914695227903 69.1984378957424 66.9793394981902 68.856350518078 68.2361862781301 72.4868391816577 66.7111750838891 70.111740272314 64.3743491822725 69.7788320868944 67.9464526707951 67.5955384431699 67.8211804474461 66.0799062786971 67.9787683281637 68.5184293867044 68.062828859843 69.6051456930138 69.3763806886189 68.0888461902403 66.6965429255675 67.6865130383267 62.6033816134109 65.5615180544582 65.7343129991498 34.0916134909905 64.411440486346 67.2042471040432 68.4137686662036 67.0291275357623 67.9459855456124 67.1010861706844 68.1736815365178 67.9555266813004 68.6231948812899 68.5464090158967 62.719279567726 50.5003352846933 65.0628478131447 69.805742704765
42.299044901145 41.8579394021131 40.2875776507152 40.7359272059052 42.0310115398827 45.0033524932383 41.6288072295596 22.5646985305315 41.8470816278713 43.6910799999155 40.265709449008 39.0484616908031 40.7409716380927 42.0830824655123 42.8452294076718 42.0661399937173 40.3659100067829 42.5007312478311 38.9385736909389 43.3868857865602 41.4331153886717 40.7999779687604 39.8688233062379 40.8329773039111 43.7045251752904 41.942926200734 41.343195145209 42.4445709788104 43.9152813003832 41.5199456335167 40.905274769285 41.2746066165014 39.9760365425406 39.2645371108575 39.8411814080517 42.5181076633773 35.2505372132542 40.0945881479262 42.0689707644223 40.655146792514 40.9055016571488 40.5589712481972 33.2854097962617 42.4820015733575 41.1473469185415 38.3743748317066 39.6220879646406 38.5004095599843 42.3771784505956 21.6307263188399
0.355965552257942 0.33133361433783 0.34351068286697 0.342463979574869 0.339475462315956 0.353937434872707 0.360789849221395 0.352216184137488 0.172187968920542 0.363250401527491 0.330793783838658 0.325501762459532 0.339096500867432 0.349384374008742 0.345218657241935 0.359171038778183 0.263091677419396 0.345737372719288 0.334600567294407 0.173798565251186 0.343892919837438 0.343674231771093 0.342171410242528 0.345833627211309 0.360193900105254 0.35494964022001 0.355950447201383 0.347424875881273 0.365028171088432 0.359846364134115 0.31881711484326 0.357720052263853 0.314777866128792 0.316568694451678 0.325589168322142 0.321917723545226 0.316512939673619 0.320569072327158 0.351473314768113 0.329548939699067 0.324210194493088 0.338350328392488 0.327606815965081 0.3167794929969 0.32884371081208 0.319336130922976 0.328372741003264 0.335428724352425 0.327499863941842 0.350902756042043
61.0185683482702 63.7725917728009 60.5507923504956 61.3394608635177 61.3650129392302 67.8163227155747 62.3143892377625 66.7050218451048 72.9390014187135 65.4014166276603 61.289266320863 61.6000695028496 60.477961689662 62.5455263901711 63.3954176397804 66.1659175179196 59.8234718139833 61.4042278329734 58.5718303303435 64.655584254835 62.0214570507674 54.9226200068626 59.6649514257499 60.8242932185178 65.4215427842195 65.136193629399 64.47724784096 63.5355104559739 65.737024780637 62.151433719209 59.5163444816899 61.7841844027151 59.0001497702297 60.3412114062837 58.855541262473 63.4915962210805 59.2337783792052 60.9233018714283 62.5890956518623 59.6619259960582 60.696764017474 60.857137591921 60.9941053868886 32.2184222652169 60.5250102220643 62.9424944292203 59.7088827698909 57.6730195925867 62.9239088583751 61.2803672619027
26.050288863216 25.7975235382061 25.0800097949185 25.3590708063749 25.5150165954926 26.8929659513002 26.0311214106903 26.4046725262698 24.9477633654788 27.3206916972245 24.8318841285281 25.3917557075661 25.0635445001236 26.0588209293969 26.0200949627151 26.6435116252981 25.195084332009 26.4573703661406 19.0470355683034 26.8817158059238 25.9087523492578 25.7325607403039 18.4131520068027 25.3415188253815 27.3290991682973 26.0158415138692 26.9346307860158 25.5177723141954 27.4608881539887 25.9630486117768 25.2782826535691 25.8096344218508 23.8330549294195 24.0054868870859 24.2256385436137 25.0485370504402 23.8251535996056 24.4304385170474 25.1755565144051 24.57769503254 24.7610932215351 24.8915821222559 25.4393746410753 24.9899757403768 24.7668324478161 24.1461264576562 24.4859385080565 25.2985705905642 25.1549833453633 25.5482430837127
5.26923572621434 2.66490247384056 5.33276938516993 4.91957356697171 5.11653212341145 5.4898164573792 5.4989046093737 5.46565135752424 4.94636480104048 5.77131792114987 4.80513774296904 7.5338678783786 4.99909565193464 5.07535001868678 5.51432877291239 5.57010721422008 5.5153418731337 5.5404957409138 5.19548755652417 5.23405146783607 5.27291981904717 5.44760401867964 5.4601308161642 5.14168764956005 5.44517076537268 5.23596205808878 2.63437584077091 5.6066618894749 5.4827527456127 5.2696252078355 7.46198611060094 5.4521169276357 5.12469854192756 5.3665280228727 7.45655969340876 5.45832448786837 5.36444946634208 5.05878968470583 2.57499930203739 7.56742781527478 5.11191492271115 5.29226813420391 5.37547794923726 7.04356594857477 5.37398226942987 5.00900419041075 5.45571222025425 5.11778651055204 5.4786098813187 5.25021972791607
250.530948302418 238.625336622432 242.263242265395 246.304477139622 247.07531632114 231.59851102658 256.04292728803 245.872745471412 238.741609003211 255.431894112087 237.259505442147 225.604929203601 238.2736664296 251.953766502021 239.509744025148 252.218521966205 235.886595146401 242.624038468234 237.992178279472 230.988174463812 242.945890870945 240.272849568922 249.49082049581 243.614886174882 249.321100030239 250.285026782268 250.66638144679 245.071685168211 257.917572023879 255.373361101173 237.981046111072 253.864374313534 217.632159160717 351.759426145854 226.411362336454 230.10366161878 218.999006285115 244.650208964296 247.449547520182 229.319421318214 224.302615334073 225.875341233181 229.81252278859 232.816097805426 228.495904326272 193.593558014394 231.545169305992 235.093239803117 224.331266853935 247.715713559137
258.766169979722 128.669592585716 249.962110206933 247.155335443623 255.511631703784 128.879255058775 263.335048480191 254.68895218929 244.764139418846 263.357752927015 244.88357360746 234.866785851648 246.310336506606 260.039591357738 248.704352941965 260.36408284025 242.604939218173 250.973682180868 244.274512273515 256.241535828278 250.447490164948 249.121320992025 252.716329267669 251.508644269639 69.5453612154996 258.26299966803 258.503936208944 252.834394739124 265.860022169766 262.646412999632 246.837212371097 261.094450158528 226.86317925453 193.154812650614 235.309419056734 239.498007449013 228.19756907711 369.960897221476 255.540844985996 238.248719909301 233.735945400088 245.836438213914 197.544693785568 222.715463956181 237.571918203273 229.986395579218 240.572623501398 190.924749699297 234.962277690937 255.461080197014
