34.0175389752192 34.3688158230053 34.0320513361108 34.0318687723417 34.1589369192554 33.8099260882323 33.9878015247005 33.9483716320071 34.4868364302197 33.9514731797574 34.2720991924643 34.1099434243633 34.0660554768337 34.1387406985509 34.0707124866802 34.0351966663428 34.0438402671146 34.0712393569581 33.9992623459372 34.0834738115652 33.9225280418867 34.0877366562536 34.363032427709 34.0922565254276 34.009709741855 34.1768394222205 33.8275642175648 33.7942332511611 34.0025572785294 34.0058403649752 33.9429176536577 33.7701764559387 34.2200759531126 34.0538410056353 33.946752500142 34.1357607142298 34.1472238781489 34.165967065006 34.1579690038075 33.8163999233946 34.0481255736368 34.090795243436 34.2495392386702 34.2405632784142 34.1321888634885 34.1725511646047 34.1944119526578 33.9768274469369 33.9403857331967 33.87349206039
36.1107804145846 36.034290450256 35.8761756518916 36.2243404266594 35.8268905075629 36.147560885401 35.9097920493993 36.1466674109349 36.1668390130714 36.0236581838437 35.8502840245968 36.1466560211683 35.9605505590886 36.0395675879498 35.8958868679837 35.9984100491956 35.9557337985057 35.9444038482958 35.9280076817604 36.038671290191 35.8477583269507 35.9501736802571 36.1539801093916 35.9547882485389 36.1515986377502 36.0282057482256 36.1186460123898 35.9367933829841 36.0671583428358 36.0901031064651 36.0512910148566 36.044678552947 36.0819389503426 36.1237747032622 36.080146328114 36.1018723538141 35.9784927429913 36.0507908099819 36.0610659354306 36.093026727019 35.8610749378671 35.9786409350885 36.061525893082 36.3347898990067 36.0821202353397 36.1011596442924 36.0259791399181 36.0978440358719 35.9731593938461 35.9960286067123
38.5654117963144 38.3832799661847 38.3886261851533 38.798865653688 38.5421272231152 38.4927695117803 38.5359129150776 38.6241044745249 38.3306386137712 38.5744221223048 38.3299621829359 38.5362825693271 38.4315063252872 38.6383393532163 38.4148641738108 38.477144899646 38.3765014085564 38.3562305988923 38.4305976487681 38.3585886266928 38.4295703620107 38.5000363570672 38.3608028096492 38.4261778662494 38.6334363091828 38.5418562694469 38.5958856885689 38.4873791425311 38.4617145727996 38.6049212898211 38.4780073499451 38.5622367344857 38.2866169782571 38.4902957156028 38.5565238952287 38.513150920816 38.3804309585776 38.3235472599241 38.5413493378643 38.5235051140245 38.5228767740753 38.3193665083934 38.3858292157984 38.6079938239168 38.3468407574047 38.3791040166869 38.4238597545902 38.3678036971016 38.3633726420597 38.5299146623794
42.3527866500514 42.3879856917287 42.3676036969276 42.5713229742108 42.4306327130123 42.4893346511189 42.2641941691267 42.5317691441859 42.6545234461964 42.4068042774949 42.5801157979915 42.4879439913754 42.4021322794807 42.5501585561418 42.3488395750837 42.4313573537786 42.3656203336007 42.1988969708392 42.5595485911135 42.8374818074422 42.3159318984772 42.4033049697473 42.5567002660401 42.3816427507033 42.4988927247935 42.504834624885 42.4910757414416 42.2730108432534 42.451662061738 42.4272691580793 42.2326876747875 42.4289392363767 42.5023211853074 42.5689725789392 42.499575454951 42.6343704487223 42.4715173618433 42.5157004012672 42.5024051935635 42.4264156080677 42.4350295891806 42.4780979059873 42.5202171188646 42.7479105464616 42.4476579951801 42.4990068886508 42.4357972274539 42.5696920766445 42.4808174753551 42.4420217999101
48.1708958431895 48.3306891586522 48.2747679823879 48.5066024679146 48.2335791565824 48.3709929015363 48.1803521256276 48.4037348677469 48.4624806499152 48.3177561548194 48.3788491956771 48.360833909629 48.3636502511013 48.388195110722 48.2052669886115 48.2403870666297 48.2075361502523 48.0781081991763 48.350402956277 48.1437409391598 48.1629271481331 48.2218715263163 48.3611651453365 48.2715970219791 48.2746312464098 48.3950762695266 48.3618473800341 48.1504278267727 48.3994634150359 48.3887986063812 48.0640281508721 48.3522344538748 48.455651928206 48.4548583845486 48.408815592117 48.4143692411556 48.2271877061338 48.3807968936299 48.3538686036813 48.1816662291993 48.2881081336992 48.3652867531632 48.3159003267361 48.5668930504364 48.3729940826501 48.4485872147246 48.2978430140639 48.3286494735116 48.2083238820624 48.2301259696476
54.3917106498208 54.07711177087 54.0239964022049 54.3922956274539 54.1781879370021 54.0734868862949 54.0598835101344 54.2496062915012 54.0353632930283 54.0968770737871 54.1848834988571 54.2462612159551 54.0647951979796 54.1411345302712 54.0423202179163 54.0807620712198 54.0451616269768 53.9890399362732 54.1259970535902 53.9630913479948 54.041094729681 54.0582480370371 54.20569861979 54.0119732017567 54.1616142705463 54.132229153031 54.2435604991342 54.0743211783299 54.2487852004978 54.1607909038899 53.9840001201655 54.2373096662016 54.2310748785588 54.2776485292515 54.2483456845663 54.082013217521 54.0159962695123 54.2267550372911 54.224030426336 54.0900261972002 54.0262159832572 54.2175380121427 54.3132981271612 54.4011905928577 54.2048723536176 54.2714217660137 54.1427445562446 54.2808938811076 54.0094858119401 54.1366017433325
5.69916656259088 5.82102485491292 5.72328197870122 5.9057880188832 5.42924668957722 5.83157684987374 5.62804718975299 5.80816205466591 5.8970801615087 5.66070345390341 5.85978288414859 5.82315186028109 5.75726783016999 5.77262315936172 5.62436300499754 5.73126140290428 5.68285468252317 5.60835364057748 5.76641841422715 5.78130332566971 5.67536544870208 5.71987609964696 5.82468033410414 5.73561882313881 5.79415245633126 5.85318791204427 5.81101752534611 5.68267145384069 5.82495801884659 5.79764801282557 5.64323575817644 5.77032955624688 5.84342362220579 5.83083839293688 5.83269396209343 5.8467330714471 5.76069766796574 5.78779683655857 5.81297974833338 5.75933958885077 5.73450919380575 5.79388863430397 5.79768242130228 5.97401649809095 5.81660388109608 5.84391849976879 5.82815169916458 5.76673320857436 5.77904215871488 5.80253376165554
20.0054012844161 20.7314800251521 20.9406218603947 22.7863301143353 21.5530986222164 19.8260846932206 12.0072621116607 21.164758962822 22.1590793287152 12.030640922988 20.3422228375367 18.7464915509847 21.985461452281 21.0757867596064 19.6714088274537 20.034253548247 17.6766870798301 15.8599826501575 22.3307902138939 21.2819628367326 21.4745982019805 16.9525623401798 16.4404601340885 20.5479503417598 12.4266788421319 20.0684794528297 22.9025177373883 17.5558811936448 16.5122029324861 12.1712503487005 21.1395552037191 22.5404706897865 17.4841598511402 19.880338244129 18.7151736975937 13.939900907121 21.5880286347961 17.6645850016912 20.4685200738929 18.3830691244135 21.5402408436488 20.3431863722442 21.7534997709474 18.294969592406 18.190458866016 20.9697426340738 13.7709042495547 21.5209573166778 17.4833967984325 22.1647264246091
15.2484961746392 14.7926412997298 15.4543421595799 15.7442816499193 15.0968385044036 14.2828121655984 16.6627134546434 14.7751643456404 13.219812945432 16.6775488679241 14.4376599675903 14.8803664978069 15.2176118604845 15.1481996960815 11.3709400129972 15.1333930292168 15.9578545063205 15.6313154904593 16.1601676747979 14.8156551950035 15.5041067825981 14.8676853608004 15.2886857963549 15.263633650999 17.2357631087732 14.8744201028392 15.8045029931824 16.2497947831371 15.9739709286407 16.8966630897874 15.3073085619794 15.9542711239139 15.0007633089182 15.3897350601847 14.8791255050712 14.7010176594885 15.0254144571248 14.4486855769143 15.82098466966 14.7698434472791 15.1146562248464 15.2771404012992 15.6558517986642 14.5646127675556 14.6123423999364 15.2369743214898 14.8777747226175 16.1761819286872 14.4519378285724 15.3725413043033
28.1688216904868 26.6802663157244 27.8348178328088 28.4222930112727 27.5862079408669 24.2240408566494 29.2452703107992 27.4352591968896 25.2927167883131 29.2713084271448 26.9784132338535 25.9022222112629 27.3661835388834 14.5096328752547 27.8706473500296 28.2565599556235 27.5998426123307 28.0435294434657 27.3877237610284 27.2583301898086 27.9671587374314 27.519563420754 28.0495628025005 27.7557144045034 29.0298708005017 27.792608734365 28.1487823226998 28.5205433209575 28.3792098644045 29.6558829242563 26.9153617820833 28.1894566549636 27.2161073144423 27.5276643694096 25.6971801369401 27.2191414078543 27.1560039543724 27.3980531469594 28.4819936333053 25.6521502088939 39.8709466477721 27.2658874074529 27.4355306630498 26.3352093055841 25.2994446257972 24.892793940354 35.0243928382459 27.374566902059 25.6364959038934 28.59882116641
22.5001844251728 21.2906674512852 22.2070662892137 22.6687785702598 22.065396869014 22.0495397326602 23.2495594103764 21.3294366785239 13.1050551856124 23.2702593295933 21.5006409465632 20.8166343554378 21.8794792696755 23.1745103152182 22.2853371375279 22.5561689085711 21.8578774422682 22.3816298221873 21.6817926506059 21.8713235104193 22.2909107792101 21.9661646142475 22.115920023328 22.158933855286 23.1245494090592 11.5488351034185 22.4451107762354 22.6734121213426 22.6173011699209 23.5759903939084 21.6013730722409 11.5813221438385 31.9519271344612 22.4723238181003 20.6713262806518 21.5661907710677 31.9399504353123 21.8824225736967 22.746075784641 20.6268219220085 19.8436219357775 21.7951683184326 21.7489443873578 20.6019658441526 20.3608746677372 20.0571810668224 20.9959250668415 21.7244269055895 10.6769169642204 22.8039670795636
10.2598234718481 10.9710740424958 10.3719972375258 10.5269364502146 10.093556416381 9.51976443157581 10.1393658503742 10.41606768189 10.8270088584094 10.1483932925854 10.2527527630627 10.2430439535102 10.1383369471891 10.8922741000572 10.5007217684003 10.2176349765672 10.3511641345844 10.5234935846974 10.1295423205819 10.6838986695989 9.58289270164337 10.124147620593 9.81729928179882 10.4796902940449 9.92069571432088 10.7754951775267 10.3750461998009 9.88810224386439 10.3542298798126 10.2817256735652 11.7019531420369 10.1512437341123 9.83160018188548 9.97306468365819 9.82874170478308 10.454013841966 10.3025604125984 12.7547998885306 10.1484747132699 10.294194555587 10.0292387646775 9.82304649775625 9.72456754586274 11.0748430949957 10.2041776323567 10.5567629754737 9.82945989488919 12.4423412749196 9.74829828131491 10.1008912093061
12.1697767547613 13.7041758989584 12.1793180310381 12.3612554056439 12.0918208359136 12.1635718358344 11.9061506185104 12.23387367507 14.0007082852453 11.9167510927661 12.9987914165313 12.4019299529621 12.4721482613336 12.6270923146331 12.7293204270885 12.4996786275708 12.1138927222349 12.3572126207192 12.5107879026411 12.6528796213266 12.003437997367 12.4616271363286 13.1027950675704 12.3057766055097 11.5249593145903 12.0779957670927 12.1828982750705 11.6111043219073 12.1584547107725 12.073316644665 10.9443013103587 11.9200982238046 12.1820255106284 12.9125468332392 12.1792267027508 13.1390666572901 12.5491961874118 12.2431986000117 12.7064221171246 11.9006705464291 12.6131048751699 12.3820945698365 12.022237342633 12.7502242738485 12.2676836139996 12.3653979972884 13.2983028596269 12.8181805191701 12.5968496112858 12.3777517529949
16.38666398806 18.3718846080184 15.8244810826126 16.0608707175112 15.8462982545599 16.4621300965281 15.469557059698 16.7325073277083 18.8332943088839 15.4833301629127 16.7809949689014 15.7405900754866 16.2049528321738 16.6182637244998 16.1330560649803 16.2407227955334 16.8503429713822 16.0556179625212 16.598547163953 16.3967717655124 15.5959616976565 16.0801190723278 17.1134861733589 15.9887875991484 15.1757661227578 15.5860807124116 15.8291328622785 15.0862059946226 15.7973735536014 15.6867544111259 16.2036393329081 15.4876790609106 16.2169439799274 16.8754339618712 16.0293264700525 17.0693703681833 16.3488192108746 16.2407154299874 16.5093427979884 16.2646360392214 16.3725344782064 16.0879468607487 17.1512005794461 16.7419308894351 20.3142992885918 16.1445898603009 17.5485007090469 16.5064524669693 16.3754545711218 16.0823042769207
23.7371832427545 25.5589896823091 22.1068379102122 23.4522330155879 21.2264452661663 22.484203931416 23.170136780565 23.1281647208506 23.8876876009631 22.3235528247059 21.313812986368 22.0558302656074 22.4658193854441 21.5942755496438 22.2320373548402 23.4578056436308 23.2052694933888 22.8970188871615 23.3656534188561 21.5139494358478 22.8894371134317 22.8345198429095 23.479708802396 23.2950616708249 21.3293942393792 21.9851960074707 23.2132128021339 22.5959576635745 22.1963822875416 21.8550578290373 21.3024541522577 22.8970805255488 23.7473653992567 23.0188617445944 21.8480761794449 25.2295415606835 23.2274791115804 22.8663192863923 22.1575019623209 23.1816418482623 23.3762218059203 23.3919322630924 23.1363845596677 21.1460988856685 23.4202294734049 22.9030388603015 23.10780923909 23.0950427117599 21.6491892840195 23.3299024816607
28.969404092446 31.2684767720822 30.9197197574364 31.4562711726267 28.578875265418 28.3862548702345 29.9241710725302 30.7249340823987 30.4462238753801 29.8631057432485 29.4575830795409 29.8066262746919 28.9813991302484 28.9812562004169 29.7952249962966 31.3977135243162 30.0563934982831 31.5422712016638 31.5925492142528 28.9133604953805 29.8673715181433 30.152637473652 31.1197633624833 30.7811574894486 28.9538113404464 30.1481457575433 30.9123031550755 30.1169438694906 29.7539908566854 29.5121247250401 27.7358930329593 30.716498406484 31.6066290865918 31.1544646019895 28.9452896825109 32.1775236082128 30.7634855127649 30.4903811131662 28.8233878168274 29.533558010174 30.860839974386 30.5282478117937 30.7601743350365 28.2791060400183 30.7747599592912 30.90038827993 30.7971752831002 29.6199790620592 30.1243777016111 30.1327027901494
36.7075009814881 38.3266917676644 39.0351745616737 38.3783675395626 37.4143619861613 35.2167050815943 38.7374562285786 37.3577339481164 37.188725352965 38.618985404965 36.0684661624184 37.1610953543448 38.1797206489987 36.4779467651107 38.1034609770288 39.3077077892129 37.1960491772731 40.712430706554 36.8461368050819 35.8721710535967 39.2747852079349 36.8800086058703 39.8350727857418 38.834447195859 38.6488035040208 38.2442684067968 34.1303729803247 39.5581849301407 39.2103597235943 39.214213440028 34.4563609255789 34.6853037380185 38.0016869485971 40.2313237915289 36.9185237914958 38.2710807035288 37.6381064104272 37.4985757607768 38.0157398872617 37.0668333012079 39.226462386923 39.3368966688678 37.1750626113939 36.7610485832846 38.2173022364907 37.549868290693 38.2846826044089 36.6033887940105 36.5907210032463 38.80298029053
17.1862625309178 19.2752311619366 18.0403315413097 13.3338583038345 16.7417646923743 17.0472828382752 13.7572625540344 16.9193255008448 18.2325920946912 13.7469297267356 19.7615710168956 17.2492116021947 17.4164583776656 17.1354223436343 17.921499873505 18.9050512071421 18.1993526127032 19.4789453394184 17.9468368138074 17.1545728280122 18.1774537772341 16.9549125894091 19.6394346449672 17.9795253121151 17.566177699617 17.5784583755521 17.9074850909205 18.35831758427 18.433376130389 17.9040173159453 16.2247577862428 18.4556963836609 18.0164537128892 19.0319494619478 17.0829306408613 14.7224292217907 18.2588531330197 17.7700194447227 17.2279283282037 17.1483830223421 18.1905720122871 18.8857096398612 18.6515139092772 17.1294911808263 18.797625104598 17.8483510866641 19.1921187151682 16.7712633123403 16.923398843587 18.0743845351061
-61.9751237229373 -58.4104455241371 -64.4932918416081 -63.5327164280691 -61.4638086227333 -59.5553175144227 -66.2030709075213 -59.4442247062148 -41.3774910871281 -66.1406291422436 -59.3365313013496 -62.6849145856743 -62.7215813175794 -61.2055002102102 -61.3923655122802 -62.799166617994 -29.7324506200833 -63.5720383885832 -29.9397922063173 -61.1122354812908 -65.5574186781951 -62.7817915054708 -29.7262426546599 -63.7281796227675 -63.8567230059662 -61.9906064333533 -64.5581320787225 -50.9483661167345 -64.724014849834 -65.2443407903242 -62.3446746706879 -66.1111739721301 -61.7026628537006 -60.4075248696412 -47.0656399631043 -61.3231253096026 -62.4270065591219 -61.987070101612 -61.617687769525 -47.2619816912586 -46.0052147118537 -63.2664331001028 -65.7713696124335 -59.9172524043921 -62.7909288565655 -62.8331985708512 -55.850753873648 -30.4137995227802 -59.6113209222293 -63.5020898420562
-46.2948616267175 -45.7325286628167 -48.1759106283745 -47.4583694089234 -45.9129138323505 -44.2259113175516 -49.4531002572736 -44.404302758385 -37.7945395264107 -49.4064568185905 -44.5798900982774 -47.0492474888202 -46.8524587556657 -45.7199597647102 -59.1755922743788 -46.9104142792892 -36.0924398078632 -47.4877425607868 -48.3213753139809 -45.5449651906373 -48.9708038321915 -47.0873140035222 -48.2835262850547 -47.6043786624443 -47.7003994169136 -46.306427072548 -48.2243457040103 -50.7439634441268 -48.3482586463903 -48.7369374576412 -46.4379907677131 -49.3844540706705 -46.3582365855482 -45.8866027352586 -47.0129015370863 -46.5873806334341 -47.2124863173087 -46.579681904146 -46.0278601750117 -47.1929329014023 -46.0341470405541 -47.259458150967 -50.1005343134451 -44.6195595946802 -47.0190838554829 -49.0202047438736 -33.0949587256871 -48.6813625135707 -44.6400259736574 -47.4354916238312
1364.24172136136 1398.87001090443 1317.43821241004 1337.11839885073 1304.79227508155 1363.86460362283 1287.88966242291 1420.38729505049 1539.32025077 1289.03631692513 1383.22120851862 1338.48830656926 1349.11369162465 1383.52313357178 1337.79970611539 1352.09165446214 1308.2582289622 1336.68109034703 1302.42972489793 1379.4761159297 1298.4132492251 1322.92568423851 1293.41300774562 1331.11725074957 1332.18165169692 1368.69001981148 1317.82548781298 1255.97447106456 1315.18142469127 1305.97203042675 1333.13093693703 1289.39837646909 1341.95910635821 1373.32008697395 1322.01140355107 1348.86730708667 1347.77693690985 1342.48924675669 1374.45512116946 1334.75356953972 1365.95097837844 1339.37257360435 1914.06577372005 1389.08402851852 1336.02888675073 1324.57580484977 1486.34262874588 1293.66532441657 1317.7096120563 1338.90281061418
638.614448730287 631.288143009639 616.705283661096 625.917765010948 615.043899851645 646.747335742193 602.87332802938 664.896722632851 540.121209145593 603.410087843533 636.507063788155 599.323460895134 631.532874974392 647.640260092517 621.17570696759 632.92688753539 598.426513617368 625.713056765591 600.868751496266 642.731168451279 607.799518512422 611.718720262382 596.365917133171 623.10857084369 623.606826991104 640.696739293634 616.886570938917 587.9335251951 615.648859991913 611.337855461504 617.445176962801 603.579571339349 619.337206829699 630.32470659436 614.448011826786 600.56953362035 623.742012651486 615.030471407928 643.395437748576 619.881252645695 628.416596132135 626.972965526432 599.490634580267 645.472568129758 617.540789021669 613.911940615974 692.537281211339 584.88438416307 631.142231095085 626.753065029105
-36.8032391534821 -17.9723633059736 -35.7621792598634 -54.7986898631022 -37.5378942195875 -26.3079542153252 -36.7102689557668 -32.9624207294035 -33.2787991106264 -36.6756443686292 -36.9983453035886 -36.7642455213379 -36.5057780941086 -35.5027876160776 -35.7755922975425 -34.8227697770244 -37.6629009085195 -35.2513349504775 -46.2193461723048 -35.0887719212245 -36.352248298031 -37.6445749685501 -37.819974252951 -55.2120604751668 -35.4091954353226 -34.3744150188807 -35.798133823768 -37.6685088745575 -35.8901174894671 -36.1786434590062 -36.8186391312614 -36.6593111804225 -36.5011817273812 -36.2089321860802 -36.7776956105627 -38.0432554136503 -36.5744003445811 -36.8397980891138 -34.1676278674675 -38.7348240044994 -38.3462897128869 -36.5544759524174 -38.1762488042136 -36.3317584873102 -36.5888049963445 -36.7719780493506 -44.008654591012 -37.9080426462372 -35.313821399113 -35.2125477776036
-7.38226015947427 -7.22994017134808 -7.51824454400382 -7.40608881801497 -7.58737405308114 -8.3667572290932 -7.31396155463781 -7.6182814012881 -7.92141439656964 -7.30706313339565 -7.67768082169297 -7.74997094505046 -7.50282439130471 -7.41941001252872 -7.3582609098746 -7.23773482522677 -7.7551661889181 -7.42880243427953 -7.88391468242275 -7.21135503098879 -11.2022515956142 -7.58164896339399 -7.93611949354781 -7.49569099669859 -7.05474248654134 -7.2077784184664 -11.0466295322529 -7.50487625304549 -7.15055887565655 -7.20804327739889 -8.04412537230258 -7.30380899459453 -7.92930443791257 -7.86102788509123 -7.67855361171183 -7.64185713749001 -7.98503666702206 -7.94624410479105 -7.20894706577733 -7.68830783796721 -8.54498466358708 -7.58425871123009 -7.65778574756734 -7.40512209703106 -7.80686846338902 -7.90336311247735 -8.42277941432269 -7.71902899490834 -7.48000243658793 -7.34579633292277
-745.526507179331 -564.212519119147 -492.904273237938 -485.562862796937 -495.654998305114 -486.877603600788 -505.97163859977 -454.315658890069 -432.483563607346 -505.494413572872 -519.574972074191 -497.849067165589 -479.363582984768 -467.77659719045 -490.868599095638 -479.956545834443 -498.020916601974 -485.863389593073 -520.496453173351 -470.630901366261 -501.037098374374 -503.248128822946 -501.416525393778 -487.056733572891 -488.039154861465 -473.776945463627 -493.399829117301 -519.178902825112 -494.667624951604 -498.644331244942 -490.118833606918 -505.269295908641 -495.171292454003 -491.370100173483 -499.393623648933 -512.820959515046 -488.32354202084 -499.376608442481 -470.926831944488 -491.657003724062 -487.681212448778 -483.52773346024 -513.763203409975 -468.021481945061 -495.804999980248 -499.672312080622 -449.886847907102 -509.614029829538 -479.39557905454 -485.328792327133
815.431790462649 759.452965269038 808.114188041515 827.298731078588 792.290924959453 804.550714625927 863.9677429188 781.970250653322 724.902166835571 864.736964484201 792.721041122213 779.602050407731 822.303381897325 800.729653116509 812.243925041603 409.336001698705 620.259649360545 820.531506232992 807.876539203832 775.662431560991 819.14519372844 806.551392537147 801.793516315579 808.45591103109 840.379606053905 807.901624835688 823.303814767174 842.557759868833 831.463726783513 839.146924457015 754.741505761534 829.475935347805 795.857427397421 419.569645561349 869.869379983608 841.940239521629 657.924933750795 798.791236916017 826.363344749859 797.305082523281 651.409261421523 468.643286956677 694.291968217425 744.414326559966 1178.90177264908 857.828845785306 781.286876997208 902.433931167212 805.46460949046 444.810621265102
29.1832612198801 19.2684893264162 28.6506555014482 28.843826296692 28.5498681773157 30.1562919579869 29.0551839696578 29.0713425412232 27.5539982133182 29.0810528452949 23.5527280659396 27.8300634647557 28.7539358642514 29.9270215344183 29.0910001470214 15.6609788222446 27.3586821343172 28.6950240546607 27.3683297169651 30.0257792060441 29.2925993007064 28.3264912480363 27.1823422108037 28.5949643926457 30.0544247697719 29.587562725291 28.2787037838349 28.3351675090865 29.6708944584518 29.4631277122685 29.1029859944309 29.0892210191414 27.2939611523222 27.5308462081623 28.0908015629294 27.9967198711414 27.4523505283283 27.2316064488245 29.7342946692992 28.0330989854513 27.5344778212953 28.3409995353539 27.8299640194761 29.1528776831573 27.6431626346483 27.5666865653151 27.5483034417836 27.3336835256042 29.0488171949761 29.1052362810058
47.4532283546398 46.3319649280354 24.7581041013081 46.9789155842477 47.2140248494612 49.1008192886555 47.1223709601488 49.727623250798 35.1296427213402 47.1643257023857 46.279426833651 46.0989390541367 47.2244890307732 48.7301948248448 47.3328331500446 49.4714464854242 46.4338158743928 46.7585337358459 46.2828858560026 47.0851534767778 47.5074166481394 56.2694827397639 46.9440382643357 46.6929679011885 48.7429628555801 25.6783437018997 46.183669506508 45.9546315719598 48.1209445051415 47.783983579441 47.4441213397784 47.177573036096 45.0137708256435 45.6093441960453 46.3979335181276 45.8714246420891 45.8329926627033 44.5474820844463 48.5050705691438 45.8185505652345 45.0100587910595 45.3394048945863 45.037515909423 49.4715906260562 45.1416482242734 45.4837413641495 44.9728016634322 43.9977498128591 48.0235120763616 48.9888821707376
8.10466445234166 7.87726765749054 7.7525327217859 7.91855967639189 7.61121202944011 8.27720822300587 8.23649915997658 7.59360538713094 9.36675090978915 8.24383241151192 7.72767614162995 7.6569304336384 7.90660380040323 7.96981901161085 8.12611882353627 8.13291364747725 7.78107164382939 8.03886076414893 7.62526735086716 7.89783732303854 7.96902919496755 7.89641090491198 5.67151753968256 7.96764630663317 8.14058258096884 8.28634500154364 8.05464767404849 8.03239048942551 8.08721798464265 8.35214214805199 7.42471039088545 8.24614790733171 7.39356647880565 7.44747568680338 7.62768441752002 7.79548933889367 7.37777362312403 7.41688130120745 8.1879113491613 7.66586185367862 7.39777354962665 7.88714305958738 7.57943291044371 7.8516009545428 6.8520257928926 7.47823388088251 7.6038443298776 7.78974106142515 7.9114349471529 8.1644720115186
31.3175826115071 30.9421509685579 31.522691080071 31.9935840841788 30.9681379239816 32.4597130795792 30.8156751423717 17.7021062223407 30.5145744934744 30.8431114466391 30.8591373162009 30.3084200790024 16.9484700536187 17.2068573633824 31.4210333020148 30.9340598939261 29.6080857998544 30.7691032514733 28.9961199504066 32.368635178513 31.0674757753688 29.8525399554819 28.4634182602132 30.5974920549205 31.8754612348461 32.7490065738771 31.5319575206333 30.0520319532841 31.4686923259571 31.2483367239258 31.1696215668354 30.8517745407024 30.2826269775793 30.8025666161626 28.9647741782503 44.1209558789639 30.5138106434653 29.5970915983025 17.1364094396845 30.4494822720268 30.1136796741442 30.7323942901529 30.2076394236191 32.7242682166941 30.0712506409752 30.2803939410728 29.4387785997474 29.6806345315449 31.585046261672 32.0362801744008
34.4480188154808 34.2346389011154 34.5377782677848 35.0537113181202 34.1186820370092 29.8796940647748 33.7631375613162 37.2366772033204 35.7364267286657 33.7931980974191 34.1134689974383 33.5374377151945 33.9787241187567 36.270251436111 34.505971538023 34.037266238555 32.4186303037912 17.9456511995171 31.8977369299971 35.6828050139761 34.0390224598504 33.1741150351716 31.570301434204 33.589433301794 34.92429023639 35.8813885738925 34.5479310262741 32.9264533114398 34.4786146325611 34.2371824241342 34.4433619862989 33.8026898004311 33.6696334635891 33.9851444690016 33.8404244829017 26.6105558936418 31.9285134040432 31.1069689896595 36.0325256750617 33.8902430191125 33.5833827264622 33.8058537058797 31.9788420517072 34.5625961741722 31.8579468232645 33.3541726933881 18.158513083591 32.7049058447535 34.841008384183 35.1004912105236
9.46053138223346 8.80999837271566 9.30237252695975 9.43482395121121 9.50294060662068 9.66431213254775 9.57951744358262 9.30543628117915 8.66824303968179 9.58804643261504 9.03139226251184 8.97800315447777 9.27384012376774 9.68019558316715 9.4887906946519 9.48751873535001 9.03586697719205 9.37788048499377 8.87028019527569 9.60385288097298 9.2869755429507 9.20828290548763 8.95838261319189 9.29702743513266 9.44591065473019 9.66334964688344 9.42713155282676 9.34212743941293 4.94168330053276 9.351518588317 9.16054084194939 9.59073948607928 7.79467070904055 8.7724075486558 8.9914115787925 9.12320639162084 8.67469920995116 8.52697935806152 9.55635930678709 8.98770024337731 8.69857397846002 9.21078015633532 9.30336814427829 9.17968760036753 8.86929691749442 8.78204925827059 8.82774605304478 9.06990142910811 9.28415342575855 9.51780363404634
68.0953753754364 68.6946506196878 65.6777670479252 67.0736341825798 63.7911752037607 70.1746680222338 67.1460943203047 68.4406325402308 35.816436201279 67.2058769038639 64.5162952744081 66.3770264253149 66.9793394981902 68.856350518078 66.0177353134437 70.493363219806 64.0499358206241 67.1705824507758 63.2399479184159 67.6919146897019 67.69475758908 64.5487989547001 64.6780969386059 65.3676355725213 65.8769120125384 68.5184293867044 66.2031543076503 65.4821470803157 66.0548235765907 68.0888461902403 66.166425956784 67.2247534310988 62.6033816134109 65.5615180544582 65.7343129991498 63.1770023775955 63.9433738444066 65.4103913014862 68.4137686662036 66.0119549329616 66.0263964325174 67.1010861706844 65.5988096714164 67.9555266813004 67.0050121061174 65.2198390080302 61.9448869611177 50.5003352846933 66.6544588334042 69.805742704765
41.3344506825557 40.630857971629 40.1370629676652 40.7359272059052 40.8956164752964 42.7043499956887 40.9450643045504 22.0544540731298 40.1153928161049 40.9815191684244 39.7876540263648 37.4563480381367 40.7409716380927 42.0830824655123 41.5416905024909 40.9092701421405 38.7556348996157 40.7178435653238 38.2524002729723 42.0892881620366 41.2796340669316 39.0419735139333 38.0211550671427 40.3928414862715 42.3532116031229 41.942926200734 40.2135787421615 39.9304047412447 41.8127341008587 41.5199456335167 40.5801517671506 40.9930298993062 39.9760365425406 39.2645371108575 39.8411814080517 40.1731743779172 34.9943777413438 39.0243595135821 42.0689707644223 40.038201547954 39.7498519890161 40.5589712481972 32.0282433462312 42.4820015733575 40.1770637928023 36.5120592674269 39.1328755216776 38.5004095599843 41.2130660246277 21.6307263188399
0.347848056590429 0.321620443282195 0.342227324457977 0.342463979574869 0.330305119982036 0.35402597640832 0.354863964642 0.344251692366408 0.328341267744771 0.355179912797035 0.32686642817289 0.327071440825958 0.339096500867432 0.349384374008742 0.345491416689063 0.349293399746314 0.265738561454096 0.34525089566013 0.328704254380218 0.168600667284391 0.342619032045545 0.338737249498249 0.326313925757085 0.342105910636859 0.34905695481476 0.35494964022001 0.346224845142363 0.346070081386172 0.347551590359736 0.359846364134115 0.316283095010993 0.355279674359656 0.314777866128792 0.316568694451678 0.325589168322142 0.333782119499516 0.314212895649067 0.312012251660392 0.351473314768113 0.324548007043855 0.31505070766387 0.338350328392488 0.328633973283156 0.3167794929969 0.321089346861518 0.318910319787478 0.32431833501204 0.335428724352425 0.337641913335401 0.350902756042043
59.6270911082311 61.9030739643276 60.3245741499854 61.3394608635177 59.7073432739791 64.351916473369 61.2908907134681 65.1966539122796 69.9206869321403 61.3454601985972 60.5616083082403 59.0884645019341 60.477961689662 62.5455263901711 61.7533859535533 64.3462745654205 57.4369965067201 61.0775303851698 57.5396807366442 62.7218909044065 61.7917100207625 52.6710388881032 56.8998576358039 60.1686723993737 63.3987541068024 65.136193629399 62.7155417965025 59.7720412633029 62.5897103774293 62.151433719209 59.0432971130292 61.362690674614 59.0001497702297 60.3412114062837 58.855541262473 59.9899456183647 58.8033368997724 59.2971008010733 62.5890956518623 58.7565512912907 58.9819776842949 60.857137591921 58.6904010488209 32.2184222652169 59.0977882867125 59.8878834409192 58.9716594203159 57.6730195925867 62.0869246478228 61.2803672619027
25.4562338889544 25.0412593135842 24.986310695958 25.3590708063749 24.8257725622418 26.5353765826255 25.6035666408295 25.8075966208326 23.9153911899762 25.6263624173764 24.5370670987394 24.3564636838421 25.0635445001236 26.0588209293969 25.5481968723572 25.9107827525264 24.1900031356233 25.3474948804164 18.7113897482544 26.0777482027986 25.8127781624776 24.8575987956863 17.559818667033 25.0683643594354 26.4841023979832 26.0158415138692 26.1986982912233 24.9690847029427 26.1461336590854 25.9630486117768 25.0773659944955 25.6335602511134 23.8330549294195 24.0054868870859 24.2256385436137 24.7600918048146 23.6520203867034 23.7783266970166 25.1755565144051 24.2047264598288 24.0615504215491 24.8915821222559 24.4785474046293 24.9899757403768 24.182813272784 23.8917718478337 24.1836115381488 25.2985705905642 25.2251519211373 25.5482430837127
5.1490752277972 5.21047744304676 5.31284611997026 4.91957356697171 4.97831785951714 5.20936842301332 5.40858645297718 5.34205926488035 4.97577803701357 5.41340191208667 4.74808865117338 7.50334170993439 4.99909565193464 5.07535001868678 5.31378289009128 5.4169225125302 5.74869754994887 5.61348960872988 5.10393295868608 5.07751355025633 5.25338726167935 5.19180820984429 5.20708822664906 5.08626575659243 5.27680986616359 5.23596205808878 5.17213189098274 5.27455628202275 5.22025308513866 5.2696252078355 7.40267680783137 5.41492240751557 5.12469854192756 5.3665280228727 7.45655969340876 5.15729023498541 5.3254669528537 4.92375745652275 2.57499930203739 7.45259146680429 4.96749467250939 5.29226813420391 5.17244993870578 7.04356594857477 5.24726002110674 5.0881629869688 5.38835074486317 5.11778651055204 5.30850954527097 5.25021972791607
244.817800289858 231.629944025595 241.3581450307 246.304477139622 240.401004082283 240.149874364291 251.837485151136 240.312945705722 228.86215846254 252.061705124788 234.442637325272 227.802760479378 238.2736664296 251.953766502021 242.719576682262 245.282206817833 236.082047260669 243.338144430285 233.798293117793 224.079872541618 242.045942699237 238.904009906374 237.928496184529 240.98897828877 250.960294581259 250.285026782268 243.817446448411 245.596700894287 245.569162706911 255.373361101173 236.089526921943 252.132503243358 217.632159160717 351.759426145854 226.411362336454 232.969449578756 217.407578913115 238.11985982925 247.449547520182 225.839479966888 217.965686743274 225.875341233181 231.541959172773 232.816097805426 223.107811608965 194.32343641409 228.686289732721 235.093239803117 234.701438589558 247.715713559137
252.865224648397 124.897594489653 249.028249945627 247.155335443623 248.609426999394 129.261140307417 259.00983504536 248.929795866408 234.635468427584 259.240440820171 241.976188592239 236.561618049245 246.310336506606 260.039591357738 250.931536481805 253.203754892016 242.31656562754 251.151953219437 239.969920165463 248.577966476221 249.519753704476 246.71021576886 241.004522989816 248.79765011496 135.524843918121 258.26299966803 251.440856406613 252.591312798961 253.131349404241 262.646412999632 244.875302666854 259.313255274308 226.86317925453 193.154812650614 235.309419056734 241.657412239266 226.539297362487 360.085680538036 255.540844985996 234.633275706857 227.132509265841 245.836438213914 198.586159676638 222.715463956181 231.969806751506 230.25079435934 237.602282287726 190.924749699297 243.97437034255 255.461080197014
