34.1179194296353 34.2055613308615 34.0014710513135 34.0318687723417 33.9648966347241 33.8099260882323 33.9477397510933 33.9483716320071 34.2761063410849 34.0466755052599 34.2720991924643 34.2664569202955 34.0660554768337 34.1387406985509 33.8775198238349 34.0972419757001 34.1936219280678 34.0712393569581 34.0750744367798 34.1952778569706 33.9225280418867 33.998242683056 34.2456464809473 33.9998059301908 34.009709741855 34.1768394222205 33.8275642175648 33.9305520757116 34.1008055470698 34.0058403649752 34.0361539487656 33.8724553064313 34.2200759531126 34.0538410056353 33.946752500142 34.3564438986559 34.1472238781489 34.165967065006 34.1579690038075 33.9363155112474 34.1313463578521 34.090795243436 34.1376409215356 34.2405632784142 34.2217599116756 34.3430467925754 34.2603424458681 33.9768274469369 34.3802904663213 33.87349206039
36.0032913144149 36.1156698451966 35.8918591356223 36.2243404266594 35.930532587267 36.147560885401 35.9629440339709 36.1466674109349 36.100258887897 36.0911436355973 35.8502840245968 36.2584246872674 35.9605505590886 36.0395675879498 36.0794972571757 36.0703369048762 36.0791695362052 35.9444038482958 35.9811346826362 36.1230884001805 35.8477583269507 36.0151541986041 36.2182864378159 36.0274430521079 36.1515986377502 36.0282057482256 36.1186460123898 35.8871798386959 36.1354767114741 36.0901031064651 36.0872880765126 36.0762062653719 36.0819389503426 36.1237747032622 36.080146328114 36.2538339358104 35.9784927429913 36.0507908099819 36.0610659354306 36.0521863517816 35.9587446445213 35.9786409350885 36.1626269927247 36.3347898990067 36.149902454117 36.2547924858445 36.0627267950927 36.0978440358719 36.1493637008597 35.9960286067123
38.4618905408534 38.5010831041722 38.4264608503469 38.798865653688 38.6840832672383 38.4927695117803 38.5813881278078 38.6241044745249 38.5036803665563 38.6578186771873 38.3299621829359 38.6714091104116 38.4315063252872 38.6383393532163 38.6798604936038 38.5640655509694 38.5312777782954 38.3562305988923 38.4900166221722 38.4709153317691 38.4295703620107 38.5932212750274 38.497699301349 38.5204086768757 38.6334363091828 38.5418562694469 38.5958856885689 38.4517570473246 38.5961758759118 38.6049212898211 38.5504685533576 38.6321398595168 38.2866169782571 38.4902957156028 38.5565238952287 38.6991345427828 38.3804309585776 38.3235472599241 38.5413493378643 38.6129295658075 38.6073188318793 38.3193665083934 38.5999082441784 38.6079938239168 38.4749677935463 38.6552340247815 38.4916761926839 38.3678036971016 38.8023616869883 38.5299146623794
42.4439502048048 42.499818914917 42.3901392966755 42.5713229742108 42.569959539362 42.4893346511189 42.3081540787132 42.5317691441859 42.5598179547392 42.4842578765847 42.5801157979915 42.6187521539654 42.4021322794807 42.5501585561418 42.6007132752149 42.4893497682922 42.5048915621047 42.1988969708392 42.6002383543468 42.7525662095436 42.3159318984772 42.4933983039993 42.6401739892099 42.4466456691209 42.4988927247935 42.504834624885 42.4910757414416 42.3584105617608 42.5385939120567 42.4272691580793 42.3101815078427 43.1026902147343 42.5023211853074 42.5689725789392 42.499575454951 42.7061602495986 42.4715173618433 42.5157004012672 42.5024051935635 42.5186537619304 42.4986803415214 42.4780979059873 42.6581027712479 42.7479105464616 42.5282910954466 42.6769392391627 42.4947819126877 42.5696920766445 42.7414556766994 42.4420217999101
48.2674867371156 48.4043352358614 48.2988488472358 48.5066024679146 48.3845839762909 48.3709929015363 48.2220361523795 48.4037348677469 48.3537663337499 48.3989677565053 48.3788491956771 48.4486107958344 48.3636502511013 48.388195110722 48.4705309183457 48.298537577656 48.3488120755639 48.0781081991763 48.3519079947962 48.2482726870845 48.1629271481331 48.3099825150853 48.4492898533164 48.3313877013126 48.2746312464098 48.3950762695266 48.3618473800341 48.2040455532211 48.4859027933847 48.3887986063812 48.1199516062274 48.3964234245414 48.455651928206 48.4548583845486 48.408815592117 48.5346017210997 48.2271877061338 48.3807968936299 48.3538686036813 48.240077631289 48.3499520093556 48.3652867531632 48.4546659258951 48.5668930504364 48.4551521125576 48.5927948181117 48.3368153740861 48.3286494735116 48.5158852482746 48.2301259696476
54.3038572489817 54.1423508828261 54.0383853043555 54.3922956274539 54.2702530831613 54.0734868862949 54.0864777061196 54.2496062915012 54.1055077958424 54.1470143262311 54.1848834988571 54.3251320272649 54.0647951979796 54.1411345302712 54.214068013009 54.1333026714953 54.1325603627656 53.9890399362732 54.157838773057 54.0266488724456 54.041094729681 54.1462488478703 54.2599706032267 54.0515196864045 54.1616142705463 54.132229153031 54.2435604991342 54.0644328804554 54.3011902587632 54.1607909038899 54.4144973332522 54.268610768121 54.2310748785588 54.2776485292515 54.2483456845663 54.1933662375288 54.0159962695123 54.2267550372911 54.224030426336 54.1438750878598 54.0817746932427 54.2175380121427 54.3948447307041 54.4011905928577 54.256227842671 54.3765991758589 54.1651376108473 54.2808938811076 54.2200634990291 54.1366017433325
5.67247797772216 5.88210610929492 6.44226937665195 5.9057880188832 5.55801716803919 5.83157684987374 5.66135265876976 5.80816205466591 5.89008197603865 5.7337255388753 5.85978288414859 5.8943713083979 5.75726783016999 5.77262315936172 5.85678863156595 5.77981231123379 5.80870285997701 5.60835364057748 5.79990957832676 5.83824399664712 5.67536544870208 5.79658739586277 5.87331986253672 5.78846238151718 5.79415245633126 5.85318791204427 5.81101752534611 5.72963644456503 5.90295319886574 5.79764801282557 5.67547850720202 5.79937060048456 5.84342362220579 5.83083839293688 5.83269396209343 5.95111776399881 5.76069766796574 5.78779683655857 5.81297974833338 5.80835190822944 5.78975225213065 5.79388863430397 5.877736699457 5.97401649809095 5.89051891598257 5.94716828289248 5.86026015000638 5.76673320857436 5.96844819158588 5.80253376165554
10.0944519354354 20.560719520591 21.0191495559744 22.7863301143353 22.0642934491616 19.8260846932206 12.12121109559 21.164758962822 21.8557203642609 12.3193752409023 20.3422228375367 18.3549255755999 21.985461452281 21.0757867596064 20.1438108632401 19.6616098902907 18.4111436112626 15.8599826501575 16.8695285845166 20.8668197975152 21.4745982019805 17.3775447798925 16.8490088346024 20.7718486512551 12.4266788421319 20.0684794528297 22.9025177373883 17.8297727211587 16.9302099686582 12.1712503487005 21.1596162585287 22.695298760716 17.4841598511402 19.880338244129 18.7151736975937 14.7535816316169 21.5880286347961 17.6645850016912 20.4685200738929 18.6663322740617 21.2302824365878 20.3431863722442 22.6073639615978 18.294969592406 18.6297616328426 22.0393146842378 13.9430586752115 21.5209573166778 18.2385447613834 22.1647264246091
15.6043400532768 15.2393898143535 15.5122962110203 15.7442816499193 15.4549042230248 14.2828121655984 16.820842697597 14.7751643456404 13.1092261375174 17.0778085654487 14.4376599675903 15.5128690213769 15.2176118604845 15.1481996960815 11.77714104051 14.9194586074163 16.6208944988759 15.6313154904593 16.4500495491169 14.5881441742371 15.5041067825981 15.2404021850022 15.6686126757562 15.4299520289576 17.2357631087732 14.8744201028392 15.8045029931824 16.5033098910288 16.3783526014606 16.8966630897874 15.3318863210758 16.06385929779 15.0007633089182 15.3897350601847 14.8791255050712 15.5591252443058 15.0254144571248 14.4486855769143 15.82098466966 14.9974307095786 14.9658537512658 15.2771404012992 16.2703722834489 14.5646127675556 14.9652330275666 16.0141437006147 15.0637664858313 16.1761819286872 15.2014800965954 15.3725413043033
28.826178498148 27.4860297426071 27.9391988829926 28.4222930112727 28.2404956162301 24.2240408566494 29.5228080879931 27.4352591968896 26.3845449272592 29.9738172400396 26.9784132338535 25.5138515001536 27.3661835388834 14.5096328752547 27.2411828536915 29.0556248670325 27.4571079056655 28.0435294434657 27.8790060829042 27.0509526445477 27.9671587374314 28.2094491718103 28.7466000106735 28.058151262226 29.0298708005017 27.792608734365 28.1487823226998 28.965495931968 28.0068047467128 29.6558829242563 27.1310042290692 28.3830870034379 27.2161073144423 27.5276643694096 25.6971801369401 26.6871436400213 27.1560039543724 27.3980531469594 28.4819936333053 26.047422011129 41.0301169076858 27.2658874074529 27.0992226784998 26.3352093055841 25.9104306435306 24.6595720955072 35.4622438408946 27.374566902059 24.1039155281932 28.59882116641
23.0252560653017 21.9336610767294 22.2903431733914 22.6687785702598 22.58874234855 22.0495397326602 23.4701978579243 21.3294366785239 13.6707701356451 23.828743495003 21.5006409465632 20.5615130292852 21.8794792696755 23.1745103152182 21.888865944022 23.1940329351532 21.793467385922 22.3816298221873 22.0707217024965 11.1998594812995 22.2909107792101 22.516832651419 22.6655050296178 22.4003860560116 23.1245494090592 11.5488351034185 22.4451107762354 23.0271428974494 11.457134014918 23.5759903939084 21.774440519198 11.6608730010953 31.9519271344612 22.4723238181003 20.6713262806518 21.2246961814271 31.9399504353123 21.8824225736967 22.746075784641 20.9446588678045 20.4205366651951 21.7951683184326 21.5356902280839 20.6019658441526 20.8525933562228 19.9269282825587 21.2584017608562 21.7244269055895 10.1239310625569 22.8039670795636
10.4992500576928 11.3024084494486 10.410892407261 10.5269364502146 10.3329546540068 9.51976443157581 10.2355884884405 10.41606768189 11.2943858124617 10.3919538338748 10.2527527630627 10.6784331726257 10.1383369471891 10.8922741000572 11.3208289199426 10.1089290284638 10.1642737116677 13.1543669808717 10.3112465437666 10.5605241786122 11.9786158770542 10.3779490736992 10.0612611193278 10.5938809992902 9.92069571432088 10.7754951775267 12.9688077497511 10.0423677801774 10.6163475973335 10.2817256735652 11.7957076986538 10.2209715364514 9.83160018188548 9.97306468365819 9.82874170478308 10.1212998455515 10.3025604125984 12.7547998885306 10.1484747132699 10.4528169245273 10.3208193837255 9.82304649775625 10.1062744015137 11.0748430949957 10.450610308965 11.0952158699993 9.95234107916407 12.4423412749196 10.8009010834738 10.1008912093061
12.4537746331732 13.6856215312435 12.2249906851305 12.3612554056439 12.3786137638361 12.1635718358344 12.0191400538099 12.23387367507 13.7089706191759 12.2027520648299 12.9987914165313 12.9290844416329 12.4721482613336 12.6270923146331 13.4985804404889 12.8531560009973 12.42768220478 12.3572126207192 12.7352070249799 12.9004526604178 12.003437997367 12.7740266778796 13.302492456744 12.4398650441702 11.5249593145903 12.0779957670927 12.1828982750705 11.7922506320112 12.4662464475179 12.073316644665 11.0319856570981 12.0019760975492 12.1820255106284 12.9125468332392 12.1792267027508 12.9167622147779 12.5491961874118 12.2431986000117 12.7064221171246 12.084046967368 12.8444481635865 12.3820945698365 12.4941318913935 12.7502242738485 12.5639503213916 12.7638391237618 13.3793568932708 12.8181805191701 13.0769008509368 12.3777517529949
16.7690685219013 18.322629888002 15.8838231614413 16.0608707175112 16.2221396050751 16.4621300965281 15.6163632418565 16.7325073277083 18.3805870663466 15.8549287171583 16.7809949689014 16.409657127477 16.2049528321738 16.6182637244998 16.3829480237436 16.6999928461769 17.5504653640181 16.0556179625212 16.8962927108858 16.7198797912289 15.5959616976565 16.4832303010081 17.538759704657 16.1630075312967 15.1757661227578 15.5860807124116 15.8291328622785 15.3215678063528 16.1972846572527 15.6867544111259 16.2244660326371 15.5940622640467 16.2169439799274 16.8754339618712 16.0293264700525 17.6409839387894 16.3488192108746 16.2407154299874 16.5093427979884 16.5152564335185 16.8485340880027 16.0879468607487 17.8244162070762 16.7419308894351 19.9636391177322 16.9680526169626 17.7678800617718 16.5064524669693 17.6121755301228 16.0823042769207
24.0630223954015 25.3285145008477 22.1897389362283 23.4522330155879 21.7298925525492 22.484203931416 23.2685458755574 23.1281647208506 23.6217842594759 22.1453927740512 21.313812986368 22.5938479439605 22.4658193854441 21.5942755496438 23.1902778079106 23.4226736732752 22.9858485365784 22.8970188871615 23.1237821527826 21.909825236694 22.8894371134317 23.179199405112 23.3276661348106 23.5488935538564 21.3293942393792 21.9851960074707 23.2132128021339 22.9484800628692 22.5111485084896 21.8550578290373 21.341179113772 22.9424883198132 23.7473653992567 23.0188617445944 21.8480761794449 25.4053472187883 23.2274791115804 22.8663192863923 22.1575019623209 23.5388457971522 23.204471318638 23.3919322630924 22.9032160187155 21.1460988856685 23.7522328987584 22.6688294932949 23.2292989422083 23.0950427117599 21.3594681443776 23.3299024816607
29.6454435520763 31.0617838792037 31.0356692434024 31.4562711726267 29.2567069522518 28.3862548702345 30.045211514389 30.7249340823987 30.0606969075214 30.2706455327278 29.4575830795409 29.8525541274563 28.9813991302484 28.9812562004169 31.1175990300614 31.7284210549077 29.6875450506926 31.5422712016638 31.3741005416485 29.4130969027745 29.8673715181433 29.9117019102601 31.5586289817521 31.1165607297508 28.9538113404464 30.1481457575433 30.9123031550755 30.5868021277848 30.1840606278107 29.5121247250401 27.7648505243235 30.7730148050499 31.6066290865918 31.1544646019895 28.9452896825109 33.1821997081029 30.7634855127649 30.4903811131662 28.8233878168274 29.9886380953144 30.9025050338057 30.5282478117937 31.2167017147402 28.2791060400183 31.2071837207402 30.3908647910563 27.0009688335826 29.6199790620592 30.0221767990033 30.1327027901494
37.1887789592951 37.8141573794041 38.9884564325069 38.3783675395626 37.1063986477789 35.2167050815943 36.3249329314336 37.3577339481164 36.5475793560174 38.4225447426028 36.0684661624184 37.652597985303 38.1797206489987 36.4779467651107 39.0264071386229 39.5357508173062 36.8056844143033 40.712430706554 36.5190876057573 36.2232434652767 39.2747852079349 36.7045109699708 39.6622852494696 34.0166615985933 38.6488035040208 38.2442684067968 34.1303729803247 38.9537234165417 39.511352527751 39.214213440028 34.5457661399685 34.862955873449 38.0016869485971 40.2313237915289 36.9185237914958 38.9458486703859 37.6381064104272 37.4985757607768 38.0157398872617 36.5619078427556 38.7133831532445 39.3368966688678 36.8883391797467 36.7610485832846 38.5300042845791 36.7247567170595 38.0825126207219 36.6033887940105 38.132535103508 38.80298029053
17.5873267570714 18.8543238794043 18.1079830978335 13.3338583038345 16.4953330704285 17.0472828382752 13.8878190518524 16.9193255008448 17.8402903486032 14.0768548241159 19.7615710168956 17.7809286876273 17.4164583776656 17.1354223436343 19.3211703472867 19.2011713783993 17.8898582561688 19.4789453394184 17.7290096784684 17.4754641685996 18.1774537772341 16.8488295994913 19.9241518431459 18.1754370821922 17.566177699617 17.5784583755521 17.9074850909205 13.8256696577431 18.9000177380784 17.9040173159453 16.2583080858549 18.5824665788386 18.0164537128892 19.0319494619478 17.0829306408613 15.5817866128758 18.2588531330197 17.7700194447227 17.2279283282037 12.9111704554222 17.9712927355016 18.8857096398612 19.0614493109618 17.1294911808263 19.2515910424033 17.5819950359006 19.0351643245088 16.7712633123403 18.7507554273466 18.0743845351061
-60.5288520282046 -56.6464076320741 -64.2514408773707 -47.6495373210518 -60.0060144761458 -59.5553175144227 -65.5748033980124 -44.5831685296611 -39.5913204093782 -64.5532598936678 -44.5023984760122 -60.0204394417957 -62.7215813175794 -61.2055002102102 -56.5976171971459 -61.0232742026053 -28.4970838087124 -63.5720383885832 -29.4027307564522 -59.2281672289466 -65.5574186781951 -61.2079197574642 -28.9875396190593 -63.0337730543541 -63.8567230059662 -61.9906064333533 -64.5581320787225 -50.1535141998109 -63.0855239878238 -65.2443407903242 -61.8451770859491 -65.6570634225387 -61.7026628537006 -45.3056436522309 -35.2992299723282 -57.7436561754438 -62.4270065591219 -61.987070101612 -61.617687769525 -46.5337258324639 -44.6677025337248 -63.2664331001028 -63.1897244577041 -59.9172524043921 -61.2745169297702 -59.6283603338486 -55.1525459505243 -30.4137995227802 -55.465913436759 -63.5020898420562
-45.2145096409496 -44.3513730709164 -47.9952501270141 -47.4583694089234 -44.8239546783808 -44.2259113175516 -48.9837900619877 -44.404302758385 -36.1630365882797 -48.2207062254678 -44.5798900982774 -45.0493795572655 -46.8524587556657 -45.7199597647102 -54.5539741140906 -45.5838385712374 -34.5928189777551 -47.4877425607868 -47.4545841316386 -44.1408302855076 -48.9708038321915 -45.9068858662778 -47.0836710645133 -47.0856631832933 -47.7003994169136 -46.306427072548 -48.2243457040103 -49.9523004392044 -47.124320666492 -48.7369374576412 -46.0659355063597 -49.0452375625994 -46.3582365855482 -45.8866027352586 -47.0129015370863 -43.8680461217513 -47.2124863173087 -46.579681904146 -46.0278601750117 -46.4657410095417 -44.6957937112163 -47.259458150967 -48.1339977729739 -44.6195595946802 -45.8835647471685 -46.5199050595957 -32.6812281885846 -48.6813625135707 -41.6215239875742 -47.4354916238312
1396.07811099406 1441.11690156178 1322.37862858196 1337.11839885073 1335.73924344795 1363.86460362283 1300.11174245093 1420.38729505049 1539.72144183134 1319.97307450244 1383.22120851862 1395.38188051441 1349.11369162465 1383.52313357178 1442.2819627178 1390.32734202589 1362.61563183539 1336.68109034703 1325.79277269668 1422.00486871417 1298.4132492251 1356.09000321074 1325.55457794697 1345.62161236355 1332.18165169692 1368.69001981148 1317.82548781298 1275.56908796838 1348.47529175501 1305.97203042675 1343.81181203435 1298.25511535604 1341.95910635821 1373.32008697395 1322.01140355107 1427.60153446689 1347.77693690985 1342.48924675669 1374.45512116946 1355.32067384386 1405.66334750336 1339.37257360435 1989.19631546909 1389.08402851852 1368.29421830905 1392.13644609907 1504.92386763506 1293.66532441657 1402.05833058722 1338.90281061418
653.517363731715 650.353503581468 619.017939183008 625.917765010948 629.63146637557 646.747335742193 608.594599250764 664.896722632851 563.436993666584 617.891876573776 636.507063788155 624.798209887823 631.532874974392 647.640260092517 669.689575907671 650.825374403961 623.290802922467 625.713056765591 611.647164406863 662.546339337013 607.799518512422 627.053848306058 611.185728652336 629.898199654522 623.606826991104 640.696739293634 616.886570938917 597.105950635677 631.234033959323 611.337855461504 622.392068998578 607.725494553155 619.337206829699 630.32470659436 614.448011826786 635.6251524861 623.742012651486 615.030471407928 643.395437748576 629.432950180201 646.686586947946 626.972965526432 623.021725709885 645.472568129758 632.454507210074 645.22482148452 701.194908606919 584.88438416307 667.168710068181 626.753065029105
-35.9443867645766 -17.4295848765821 -35.6280704666811 -54.7986898631022 -36.6475731722145 -26.3079542153252 -36.3618883000951 -32.9624207294035 -31.8422302515586 -35.7954321481306 -36.9983453035886 -35.2015502696572 -36.5057780941086 -35.5027876160776 -35.9449525349754 -33.8380195636017 -36.0980282918333 -35.2513349504775 -45.3902612910185 -34.0069976959836 -36.352248298031 -36.7008661066653 -36.880140379173 -54.6104487913474 -35.4091954353226 -34.3744150188807 -35.798133823768 -37.0808376935428 -34.9815578199318 -36.1786434590062 -36.5236528887863 -36.4075023113983 -36.5011817273812 -36.2089321860802 -36.7776956105627 -35.8226468287396 -36.5744003445811 -36.8397980891138 -34.1676278674675 -38.1379623937245 -37.2314458892403 -36.5544759524174 -36.6777620259708 -36.3317584873102 -35.7051789488563 -34.8964051995952 -43.4584884931474 -37.9080426462372 -33.6795920349846 -35.2125477776036
-7.20998532934193 -7.01159072536872 -7.49005099642052 -7.40608881801497 -7.40741726663397 -8.3667572290932 -7.24455201898357 -7.6182814012881 -7.57946524137163 -7.13169426458114 -7.67768082169297 -7.42055189605992 -7.50282439130471 -7.41941001252872 -7.50919119712465 -7.0330595234206 -7.43294334059408 -7.42880243427953 -7.74249263711342 -6.9890315475936 -11.2022515956142 -7.39158520731673 -7.73890534748573 -7.4140150867053 -7.05474248654134 -7.2077784184664 -11.0466295322529 -7.38779172746249 -6.96954220969086 -7.20804327739889 -7.97967686541686 -7.25363991549084 -7.92930443791257 -7.86102788509123 -7.67855361171183 -7.53583084949094 -7.98503666702206 -7.94624410479105 -7.20894706577733 -7.56983935596845 -8.29655584696151 -7.58425871123009 -7.35720381370066 -7.40512209703106 -7.61833122298845 -11.6001177992996 -8.31748358724921 -7.71902899490834 -7.42378494234754 -7.34579633292277
-728.128657522322 -547.172891121597 -491.055873654736 -485.562862796937 -483.899089072558 -486.877603600788 -501.169964947663 -454.315658890069 -413.814247521994 -493.36259236345 -519.574972074191 -476.687572831052 -479.363582984768 -467.77659719045 -707.169810758264 -466.383894549938 -477.328424092692 -485.863389593073 -511.159762462055 -456.121519851202 -501.037098374374 -490.632241426318 -488.956225122675 -481.7495775081 -488.039154861465 -473.776945463627 -493.399829117301 -511.07912696201 -482.145095484048 -498.644331244942 -486.192064000455 -501.798655412173 -495.171292454003 -491.370100173483 -499.393623648933 -482.887279738186 -488.32354202084 -499.376608442481 -470.926831944488 -484.081102742624 -473.502829307208 -483.52773346024 -493.597068926576 -468.021481945061 -483.831222413551 -474.186279725892 -444.262670256277 -509.614029829538 -455.877006926232 -485.328792327133
834.460972603589 782.388996589335 811.144630278388 827.298731078588 400.081506222343 804.550714625927 872.166801583283 781.970250653322 728.33109128218 436.90827481051 792.721041122213 734.900793459787 822.303381897325 800.729653116509 785.516669487159 208.568529601596 646.031093330761 820.531506232992 822.368267886075 799.575825504622 819.14519372844 408.37223049878 821.718244486171 817.265155202441 840.379606053905 807.901624835688 823.303814767174 855.702610265332 852.51226219326 839.146924457015 760.788398478857 835.173516410764 795.857427397421 419.569645561349 869.869379983608 818.760498786209 657.924933750795 798.791236916017 826.363344749859 809.590688772031 332.429164917728 468.643286956677 660.913426190156 744.414326559966 595.817162326626 811.650951311489 791.053991134757 902.433931167212 474.602387706364 444.810621265102
29.8642913191662 19.8504117033062 28.7580959570552 28.843826296692 29.2270118761418 30.1562919579869 29.3309178264217 29.0713425412232 28.7434406461561 29.7789955410554 23.5527280659396 27.8897998080981 28.7539358642514 29.9270215344183 29.17731788667 16.103854341233 28.4954201833751 28.6950240546607 27.8592641475347 30.9514631858312 29.2925993007064 29.0366058087455 27.8578288149846 28.9065460385571 30.0544247697719 29.587562725291 28.2787037838349 28.7772280485618 30.4220142638384 29.4631277122685 29.3361554076918 29.289031752343 27.2939611523222 27.5308462081623 28.0908015629294 27.9614844990975 27.4523505283283 27.2316064488245 29.7342946692992 28.4650586250129 28.3349892336444 28.3409995353539 28.9223404165397 29.1528776831573 28.3107498526887 27.7461258892759 27.8926934884279 27.3336835256042 28.5938842862821 29.1052362810058
48.5606123640661 47.7312239306568 24.8509474215761 46.9789155842477 48.3338436599883 49.1008192886555 47.5695625214987 49.727623250798 36.6461082222709 48.2962653470596 46.279426833651 48.0584133244737 47.2244890307732 48.7301948248448 47.6426227894669 50.8704454104608 48.3631151369902 46.7585337358459 47.1131105152278 48.5367718331297 47.5074166481394 57.6800979362311 48.1106069414498 47.2017523008251 48.7429628555801 25.6783437018997 46.183669506508 46.6715756033503 49.3391280190337 47.783983579441 47.8242375909971 47.5016307154958 45.0137708256435 45.6093441960453 46.3979335181276 45.943944203918 45.8329926627033 44.5474820844463 48.5050705691438 46.5245647164944 46.3186387454929 45.3394048945863 23.4421084469094 49.4715906260562 46.2318269333486 46.0553806834338 45.5350208685215 43.9977498128591 48.1432147726574 48.9888821707376
8.29379754459864 8.11516686385749 7.78160485410395 7.91855967639189 7.79173420327835 8.27720822300587 8.314663582614 7.59360538713094 9.34909716663644 8.44168366013407 7.72767614162995 7.65791434419304 7.90660380040323 7.96981901161085 7.8136229840453 8.36290363682568 7.80528590810875 8.03886076414893 7.76204976775383 8.14132480873314 7.96902919496755 8.09436540311724 5.81245587728873 8.05446482181549 8.14058258096884 8.28634500154364 8.05464767404849 8.1577048314668 8.29194621106163 8.35214214805199 7.48419622391325 8.30278981116159 7.39356647880565 7.44747568680338 7.62768441752002 7.84897184117564 7.37777362312403 7.41688130120745 8.1879113491613 7.78398446741331 7.61284943342894 7.88714305958738 7.58560490131668 7.8516009545428 7.01750341560438 7.50590677294752 7.69890239067533 7.78974106142515 7.84561433339346 8.1644720115186
32.0484199307024 31.8766264083645 31.6409017189666 31.9935840841788 31.7026379689332 32.4597130795792 31.1081160701132 17.7021062223407 31.8318181632148 31.5833433929591 30.8591373162009 31.5967050273746 16.9484700536187 17.2068573633824 32.0906274866899 31.8088416036417 30.8382853220107 30.7691032514733 29.5162537614135 33.3665485657629 31.0674757753688 30.6009109101094 29.1707398587298 30.9308940065483 31.8754612348461 32.7490065738771 31.5319575206333 30.5208775125467 32.2653234517475 31.2483367239258 31.4193486008138 31.0636920646365 30.2826269775793 30.8025666161626 28.9647741782503 45.0004243953036 30.5138106434653 29.5970915983025 17.1364094396845 30.9186757562681 30.9891763660891 30.7323942901529 31.3933438785109 32.7242682166941 30.7974766095349 31.8248603464307 29.8068020737354 29.6806345315449 32.3512869316185 32.0362801744008
35.2519090146384 35.268549868593 34.6672955359868 35.0537113181202 34.9279064582962 29.8796940647748 34.0835499237349 37.2366772033204 37.2790856930745 34.6042318623915 34.1134689974383 34.9629747805658 33.9787241187567 36.270251436111 35.5081285335214 34.9998032626736 33.7656063892527 17.9456511995171 32.4699200876151 36.7828930659342 34.0390224598504 34.005754291825 32.3548296968305 33.955436587187 34.92429023639 35.8813885738925 34.5479310262741 33.4401430826118 35.3514420543656 34.2371824241342 34.7193178111279 34.0348768441737 33.6696334635891 33.9851444690016 33.8404244829017 27.0361459908405 31.9285134040432 31.1069689896595 36.0325256750617 34.4124548932542 34.5597542891371 33.8058537058797 33.2340694116229 34.5625961741722 32.6273218174831 35.0554186977727 18.3855183937752 32.7049058447535 36.083400950958 35.1004912105236
9.68130542725871 9.07606672434395 9.3372565854579 9.43482395121121 9.7283306613882 9.66431213254775 9.67042711716838 9.30543628117915 8.68821312935622 9.81815869883373 9.03139226251184 4.70228161149392 9.27384012376774 9.68019558316715 8.46618361216075 9.75581548943685 4.72394623761431 9.37788048499377 9.02939571316423 9.8999362130704 9.2869755429507 9.43912461874676 9.18100020086738 9.39833139447829 9.44591065473019 9.66334964688344 9.42713155282676 9.48787515360552 5.06678219851765 9.351518588317 9.23393392723895 9.6566172449714 7.79467070904055 8.7724075486558 8.9914115787925 9.16230117594962 8.67469920995116 8.52697935806152 9.55635930678709 9.12619095250771 8.95146810581962 9.21078015633532 9.2930640383007 9.17968760036753 9.08349199109651 8.85782208539762 8.9381044960392 9.06990142910811 9.0662943030999 9.51780363404634
69.6844712582936 70.7692789774712 65.924059814753 67.0736341825798 65.3041696617967 70.1746680222338 67.7833111272229 68.4406325402308 37.3625489897397 68.8188120044863 64.5162952744081 69.1984378957424 66.9793394981902 68.856350518078 68.2361862781301 72.4868391816577 66.7111750838891 67.1705824507758 64.3743491822725 69.7788320868944 67.69475758908 66.1669676721969 66.2853604969531 66.0799062786971 65.8769120125384 68.5184293867044 66.2031543076503 66.5037423560464 67.7270039114024 68.0888461902403 66.6965429255675 67.6865130383267 62.6033816134109 65.5615180544582 65.7343129991498 34.0916134909905 63.9433738444066 65.4103913014862 68.4137686662036 67.0291275357623 67.9459855456124 67.1010861706844 68.1736815365178 67.9555266813004 68.6231948812899 68.5464090158967 62.719279567726 50.5003352846933 65.0628478131447 69.805742704765
42.299044901145 41.8579394021131 40.2875776507152 40.7359272059052 41.8655757351383 42.7043499956887 41.3336331915321 22.0544540731298 41.8470816278713 41.9650720032179 39.7876540263648 39.0484616908031 40.7409716380927 42.0830824655123 42.8452294076718 42.0661399937173 40.3659100067829 40.7178435653238 38.9385736909389 43.3868857865602 41.2796340669316 40.0207136490351 38.9659883241213 40.8329773039111 42.3532116031229 41.942926200734 40.2135787421615 40.5533640463457 42.8712250319122 41.5199456335167 40.905274769285 41.2746066165014 39.9760365425406 39.2645371108575 39.8411814080517 42.5181076633773 34.9943777413438 39.0243595135821 42.0689707644223 40.655146792514 40.9055016571488 40.5589712481972 33.2854097962617 42.4820015733575 41.1473469185415 38.3743748317066 39.6220879646406 38.5004095599843 42.3771784505956 21.6307263188399
0.355965552257942 0.33133361433783 0.34351068286697 0.342463979574869 0.338139272815831 0.35402597640832 0.358231625631496 0.344251692366408 0.172187968920542 0.363704199284743 0.32686642817289 0.325501762459532 0.339096500867432 0.349384374008742 0.345218657241935 0.359171038778183 0.263091677419396 0.34525089566013 0.334600567294407 0.173798565251186 0.342619032045545 0.347229026718979 0.334422891640054 0.345833627211309 0.34905695481476 0.35494964022001 0.346224845142363 0.351469164586395 0.356349871897165 0.359846364134115 0.31881711484326 0.357720052263853 0.314777866128792 0.316568694451678 0.325589168322142 0.321917723545226 0.314212895649067 0.312012251660392 0.351473314768113 0.329548939699067 0.324210194493088 0.338350328392488 0.327606815965081 0.3167794929969 0.32884371081208 0.319336130922976 0.328372741003264 0.335428724352425 0.327499863941842 0.350902756042043
61.0185683482702 63.7725917728009 60.5507923504956 61.3394608635177 61.1234777030601 64.351916473369 61.8725416057345 65.1966539122796 72.9390014187135 62.817745816709 60.5616083082403 61.6000695028496 60.477961689662 62.5455263901711 63.3954176397804 66.1659175179196 59.8234718139833 61.0775303851698 58.5718303303435 64.655584254835 61.7917100207625 53.991444981276 58.3138304021947 60.8242932185178 63.3987541068024 65.136193629399 62.7155417965025 60.7045524544904 64.1741712417194 62.151433719209 59.5163444816899 61.7841844027151 59.0001497702297 60.3412114062837 58.855541262473 63.4915962210805 58.8033368997724 59.2971008010733 62.5890956518623 59.6619259960582 60.696764017474 60.857137591921 60.9941053868886 32.2184222652169 60.5250102220643 62.9424944292203 59.7088827698909 57.6730195925867 62.9239088583751 61.2803672619027
26.050288863216 25.7975235382061 25.0800097949185 25.3590708063749 25.4145884318845 26.5353765826255 25.8465446300296 25.8075966208326 24.9477633654788 26.2413928484707 24.5370670987394 25.3917557075661 25.0635445001236 26.0588209293969 26.0200949627151 26.6435116252981 25.195084332009 25.3474948804164 19.0470355683034 26.8817158059238 25.8127781624776 25.4807519668474 17.9961836494705 25.3415188253815 26.4841023979832 26.0158415138692 26.1986982912233 25.3586305579459 26.8080240127155 25.9630486117768 25.2782826535691 25.8096344218508 23.8330549294195 24.0054868870859 24.2256385436137 25.0485370504402 23.6520203867034 23.7783266970166 25.1755565144051 24.57769503254 24.7610932215351 24.8915821222559 25.4393746410753 24.9899757403768 24.7668324478161 24.1461264576562 24.4859385080565 25.2985705905642 25.1549833453633 25.5482430837127
5.26923572621434 2.66490247384056 5.33276938516993 4.91957356697171 5.09639324075492 5.20936842301332 5.45991396836574 5.34205926488035 4.94636480104048 5.54332307910411 4.74808865117338 7.5338678783786 4.99909565193464 5.07535001868678 5.51432877291239 5.57010721422008 5.5153418731337 5.61348960872988 5.19548755652417 5.23405146783607 5.25338726167935 5.32196123776212 5.33648540355945 5.14168764956005 5.27680986616359 5.23596205808878 5.17213189098274 5.35684530306968 5.35240398766264 5.2696252078355 7.46198611060094 5.4521169276357 5.12469854192756 5.3665280228727 7.45655969340876 5.45832448786837 5.3254669528537 4.92375745652275 2.57499930203739 7.56742781527478 5.11191492271115 5.29226813420391 5.37547794923726 7.04356594857477 5.37398226942987 5.00900419041075 5.45571222025425 5.11778651055204 5.4786098813187 5.25021972791607
250.530948302418 238.625336622432 242.263242265395 246.304477139622 246.102817628138 240.149874364291 254.227424279759 240.312945705722 238.741609003211 258.11116375026 234.442637325272 225.604929203601 238.2736664296 251.953766502021 239.509744025148 252.218521966205 235.886595146401 243.338144430285 237.992178279472 230.988174463812 242.045942699237 244.893075567943 243.841066583325 243.614886174882 250.960294581259 250.285026782268 243.817446448411 249.428286151578 251.785755265643 255.373361101173 237.981046111072 253.864374313534 217.632159160717 351.759426145854 226.411362336454 230.10366161878 217.407578913115 238.11985982925 247.449547520182 229.319421318214 224.302615334073 225.875341233181 229.81252278859 232.816097805426 228.495904326272 193.593558014394 231.545169305992 235.093239803117 224.331266853935 247.715713559137
258.766169979722 128.669592585716 249.962110206933 247.155335443623 254.505927323523 129.261140307417 261.467839814196 248.929795866408 244.764139418846 265.462188467297 241.976188592239 234.866785851648 246.310336506606 260.039591357738 248.704352941965 260.36408284025 242.604939218173 251.151953219437 244.274512273515 256.241535828278 249.519753704476 252.894974585584 246.993533265831 251.508644269639 135.524843918121 258.26299966803 251.440856406613 256.532021883065 259.539379002674 262.646412999632 246.837212371097 261.094450158528 226.86317925453 193.154812650614 235.309419056734 239.498007449013 226.539297362487 360.085680538036 255.540844985996 238.248719909301 233.735945400088 245.836438213914 197.544693785568 222.715463956181 237.571918203273 229.986395579218 240.572623501398 190.924749699297 234.962277690937 255.461080197014
