34.1179194296353 34.2144352264015 34.0790155054449 34.0318687723417 34.0904582654482 34.0827684221951 33.982335576562 34.0352794568668 34.2761063410849 34.2552568407056 34.4350943455072 34.2664569202955 34.0660554768337 34.1387406985509 33.8775198238349 34.0972419757001 34.1936219280678 34.2418820960258 34.0750744367798 34.1952778569706 34.0716191488742 34.2370776596491 34.3392307987642 34.129176035897 34.1293542601282 34.4283415270742 33.9529765274297 34.1127337071975 34.1914444433795 34.0058403649752 34.0361539487656 33.9937083288884 34.3773754135873 34.0538410056353 33.946752500142 34.3564438986559 34.1533060542941 34.4136493494428 34.1579690038075 33.9363155112474 34.0515903844742 34.2314095833968 34.1376409215356 34.2405632784142 34.2217599116756 34.3430467925754 34.2603424458681 34.0804235252676 34.3802904663213 34.2340212381368
36.0032913144149 36.1268728607283 35.9760515444062 36.2243404266594 36.0273677114427 36.2571522764365 35.9960935130046 36.2101457705522 36.100258887897 36.2477949857759 36.0485208891943 36.2584246872674 35.9605505590886 36.0395675879498 36.0794972571757 36.0703369048762 36.0791695362052 36.0864395208773 35.9811346826362 36.1230884001805 35.9637649492529 36.3148918863148 36.3333609226156 36.1184543752417 36.2486528445133 36.2381878665848 36.2001388956694 36.0211501921158 36.2020376470839 36.0901031064651 36.0872880765126 36.1563184796761 36.2131312780946 36.1237747032622 36.080146328114 36.2538339358104 36.0111988296932 36.2348817630826 36.0610659354306 36.0521863517816 36.0341205972693 36.0903292238539 36.1626269927247 36.3347898990067 36.149902454117 36.2547924858445 36.0627267950927 36.1443283663568 36.1493637008597 36.0951794574983
38.4618905408534 38.5140040721308 38.5132831820123 38.798865653688 38.7885471572877 38.6649224785574 38.6504776325627 38.6963091844774 38.5036803665563 38.8647001918004 38.5471005988628 38.6714091104116 38.4315063252872 38.6383393532163 38.6798604936038 38.5640655509694 38.5312777782954 38.5220643682965 38.4900166221722 38.4709153317691 38.5592335783947 38.8395268922916 38.6259074680767 38.6227685225938 38.7427828704447 38.7405681295646 38.6869020200144 38.6012644274586 38.6722150183154 38.6049212898211 38.5504685533576 38.6879552825557 38.5050552596292 38.4902957156028 38.5565238952287 38.6991345427828 38.4507632442945 38.5922901502369 38.5413493378643 38.6129295658075 38.7044804435586 38.4454381558312 38.5999082441784 38.6079938239168 38.4749677935463 38.6552340247815 38.4916761926839 38.4468509674306 38.8023616869883 38.6478997990962
42.4439502048048 42.5082409055828 42.4766834117872 42.5713229742108 42.6409153958877 42.6444905451586 42.3737266453235 42.6050075509951 42.5598179547392 42.6573748688262 42.7278988528675 42.6187521539654 42.4021322794807 42.5501585561418 42.6007132752149 42.4893497682922 42.5048915621047 42.3737400106608 42.6002383543468 42.7525662095436 42.443176188895 42.7039582353773 42.71755469235 42.5435131894876 42.6013134335805 42.6961019456527 42.5815914958819 42.5036220435113 42.6130592459678 42.4272691580793 42.3101815078427 43.0530141784684 42.6323300112638 42.5689725789392 42.499575454951 42.7061602495986 42.5208576923529 42.7202006333668 42.5024051935635 42.5186537619304 42.5981235146335 42.5607070510854 42.6581027712479 42.7479105464616 42.5282910954466 42.6769392391627 42.4947819126877 42.6194564446423 42.7414556766994 42.4765352476882
48.2674867371156 48.4129609245587 48.3560799258987 48.5066024679146 48.3818080780988 48.4895766930025 48.2758179590774 48.4808803271684 48.3537663337499 48.5405060113451 48.5391004798708 48.4486107958344 48.3636502511013 48.388195110722 48.4705309183457 48.298537577656 48.3488120755639 48.2596137584332 48.3519079947962 48.2482726870845 48.2554338013454 48.5303122907723 48.5302894718611 48.4351432883695 48.3823878667102 48.5996438545955 48.4550260172376 48.3580804487314 48.5382116720326 48.3887986063812 48.1199516062274 48.4504044013787 48.5548361370664 48.4548583845486 48.408815592117 48.5346017210997 48.2816377448102 48.6022199589736 48.3538686036813 48.240077631289 48.4140403152945 48.4479589863423 48.4546659258951 48.5668930504364 48.4551521125576 48.5927948181117 48.3368153740861 48.3839382228999 48.5158852482746 48.3326717957859
54.3038572489817 54.1502620974539 53.9871363830041 54.3922956274539 54.2963509627085 54.177626690774 54.5148410725463 54.2937649945295 54.1055077958424 54.6577519963131 54.3241770336261 54.3251320272649 54.0647951979796 54.1411345302712 54.214068013009 54.1333026714953 54.1325603627656 54.1470794116847 54.157838773057 54.0266488724456 54.1155500403209 54.3721549602839 54.341868220216 54.1569874217741 54.2318974234576 54.3454378488677 54.300540489328 54.1579950112075 54.3469470447317 54.1607909038899 54.4144973332522 54.3032503277794 54.3163256861543 54.2776485292515 54.2483456845663 54.1933662375288 54.4452428160242 54.3596970076371 54.224030426336 54.1438750878598 54.1462529254752 54.291270981097 54.3948447307041 54.4011905928577 54.256227842671 54.3765991758589 54.1651376108473 54.7125498316832 54.2200634990291 54.1837804094714
5.67247797772216 5.88932089939527 6.39379316893046 5.9057880188832 6.20847263954471 5.9247363667289 5.69117466690126 5.84869272090628 5.89008197603865 5.83918082632752 5.98351563418058 5.8943713083979 5.75726783016999 5.77262315936172 5.85678863156595 5.77981231123379 5.80870285997701 5.75434104764743 5.79990957832676 5.83824399664712 6.36071978429123 5.99839350028615 5.94628841622899 5.8804199628643 5.89379870378798 6.0404797711359 5.86372174967303 5.87034603749833 5.94436887091365 5.79764801282557 5.67547850720202 5.8482974656338 5.92292695830449 5.83083839293688 5.83269396209343 5.95111776399881 5.79166565035656 5.90867897405054 5.81297974833338 5.80835190822944 5.84442146612825 5.86396049561006 5.877736699457 5.97401649809095 5.89051891598257 5.94716828289248 5.86026015000638 5.79836431454408 5.96844819158588 5.86085676338892
10.0944519354354 20.5142072073214 21.3528816920359 22.7863301143353 22.5049472514868 19.2098403167044 12.2077717617741 21.6544197323524 21.8557203642609 12.9174052029202 21.1272639580049 18.3549255755999 21.985461452281 21.0757867596064 20.1438108632401 19.6616098902907 18.4111436112626 16.5544341543582 16.8695285845166 20.8668197975152 21.3561058123159 18.4891469727448 17.2393973565959 20.4848789576769 12.8231621108317 20.4701660659441 22.5631794137055 18.6612645238113 17.3425166342865 15.2140629358756 21.1596162585287 17.1013800132716 18.2030986120981 19.880338244129 18.7151736975937 14.7535816316169 21.7460533911027 18.1052672283073 20.4685200738929 18.6663322740617 21.4691772834718 20.0227158443037 22.6073639615978 18.294969592406 18.6297616328426 22.0393146842378 13.9430586752115 21.681072789751 18.2385447613834 20.3559379788574
15.6043400532768 15.3037630580085 15.7585931287874 15.7442816499193 15.7635595772576 13.8966220800716 16.9409646341098 15.1169975957206 13.1092261375174 17.9068312235 14.994833922886 15.5128690213769 15.2176118604845 15.1481996960815 11.77714104051 14.9194586074163 16.6208944988759 16.3157544835169 16.4500495491169 14.5881441742371 16.0241901236194 15.6294932460508 16.0316516298112 15.2643686750332 17.7856841120209 15.7724657766443 15.6409725703383 17.2729420734257 16.1398074983767 16.8966630897874 15.3318863210758 16.3212154118423 15.6175862091066 15.3897350601847 14.8791255050712 15.5591252443058 15.1354007600967 14.8379743444142 15.82098466966 14.9974307095786 15.1342577916301 15.8522077970102 16.2703722834489 14.5646127675556 14.9652330275666 16.0141437006147 15.0637664858313 16.296532384474 15.2014800965954 14.8945511200991
28.826178498148 27.6021344496382 28.3828042961536 28.4222930112727 28.8044965347962 23.8977161014774 29.7336380055293 28.0699921581396 26.3845449272592 29.714536025573 28.0195562752362 25.5138515001536 27.3661835388834 14.5096328752547 27.2411828536915 29.0556248670325 27.4571079056655 27.82693443852 27.8790060829042 27.0509526445477 28.9053136120716 27.4377292619495 29.4126535928557 28.889460436359 28.7258835628374 27.1684183504836 28.9394935011654 28.2692599233863 28.6888631678071 29.6558829242563 27.1310042290692 28.837807182481 27.0000756977002 27.5276643694096 25.6971801369401 26.6871436400213 27.3547863897557 27.7797889034516 28.4819936333053 26.047422011129 41.4918104120266 27.1918051842981 27.0992226784998 26.3352093055841 25.9104306435306 24.6595720955072 35.4622438408946 27.5782331082226 24.1039155281932 27.3142931696767
23.0252560653017 22.0263118275756 22.6442587217341 22.6687785702598 23.039870105193 21.8231782061396 23.6378045389757 21.8229073764894 13.6707701356451 23.687517022825 22.3303874002461 20.5615130292852 21.8794792696755 23.1745103152182 21.888865944022 23.1940329351532 21.793467385922 22.2636635234604 22.0707217024965 11.1998594812995 23.0386566193943 21.9987653479538 23.1906607284252 23.0640665051776 22.9290645547619 11.3350155256294 23.0756034131533 22.5511392639758 11.736153160699 23.5759903939084 21.774440519198 11.8476896873216 31.7729456264753 22.4723238181003 20.6713262806518 21.2246961814271 32.1737514446295 22.242455694363 22.746075784641 20.9446588678045 20.650319806069 21.7778377900879 21.5356902280839 20.6019658441526 20.8525933562228 19.9269282825587 21.2584017608562 21.8860561881557 10.1239310625569 20.3894911601778
10.4992500576928 11.350151351354 10.5761916431853 10.5269364502146 10.539317743223 10.0322640295439 10.3086834416889 10.6570503326046 11.2943858124617 10.4074390680466 10.6484240022031 10.6784331726257 10.1383369471891 10.8922741000572 11.3208289199426 10.1089290284638 10.1642737116677 12.8852670918508 12.8890581797083 10.5605241786122 11.8377891853452 11.0418029779044 10.2943787404486 10.9077573620654 10.2372235585309 11.4260675534835 12.8096940589543 10.5106937997532 10.8748908101531 10.2817256735652 11.7957076986538 10.3847198280479 12.2057597472045 9.97306468365819 9.82874170478308 10.1212998455515 10.3779753393653 12.2563799784505 10.1484747132699 10.4528169245273 10.4369549355608 10.1928090069057 10.1062744015137 11.0748430949957 10.450610308965 11.0952158699993 9.95234107916407 12.5349120342058 10.8009010834738 11.204799570327
12.4537746331732 13.7192446792611 12.4190933172953 12.3612554056439 12.6258314341013 12.8184016607242 12.1049718045989 12.5169124759652 13.7089706191759 12.5906966457365 12.9755929897256 12.9290844416329 12.4721482613336 12.6270923146331 13.4985804404889 12.8531560009973 12.42768220478 12.8982904441618 12.7352070249799 12.9004526604178 12.2783356415398 13.5911522411588 13.6107088284011 12.3302770588418 11.8926724903094 12.8072068403231 12.5251210306331 12.3421824729094 12.7698408220231 12.073316644665 11.0319856570981 12.194257533296 12.6829435073258 12.9125468332392 12.1792267027508 12.9167622147779 12.6410565282936 12.9253538490175 12.7064221171246 12.084046967368 12.9889809782824 12.6657924362666 12.4941318913935 12.7502242738485 12.5639503213916 12.7638391237618 13.3793568932708 12.9135475145859 13.0769008509368 13.1781060846236
16.7690685219013 20.6330976723267 16.1360190087744 16.0608707175112 16.5461176882753 17.0391622555188 15.7278836827537 17.1196250089751 18.3805870663466 16.3654994073965 16.8639324261109 16.409657127477 16.2049528321738 16.6182637244998 16.3829480237436 16.6999928461769 17.5504653640181 16.5192898057106 16.8962927108858 16.7198797912289 15.9592060786353 17.5376252215777 17.9451296309781 16.4685096395415 15.6599612511437 16.1300314037675 16.2737798866554 16.0360894233137 16.5917421649639 15.6867544111259 16.2244660326371 15.8438918468492 16.6268708050753 16.8754339618712 16.0293264700525 17.6409839387894 16.4684928603497 17.1478339222808 16.5093427979884 16.5152564335185 17.0381230858502 16.4652222041445 17.8244162070762 16.7419308894351 19.9636391177322 16.9680526169626 17.7678800617718 16.6292601286647 17.6121755301228 16.7374547290495
24.0630223954015 25.3657254938522 22.5420571379764 23.4522330155879 22.1638679163859 21.9799940139367 23.3082045405028 23.435412073733 23.6217842594759 21.8900839845862 21.8689943809898 22.5938479439605 22.4658193854441 21.5942755496438 23.1902778079106 23.4226736732752 22.9858485365784 22.6882168656371 23.1237821527826 21.909825236694 22.9026197520515 24.002756969652 23.6411976426157 23.3411386576944 21.1060970371879 22.7729630971089 23.0306599230123 23.5430262258304 22.8236110973809 21.8550578290373 21.341179113772 22.8466566068516 24.1166854921444 23.0188617445944 21.8480761794449 25.4053472187883 23.2782391503243 23.7263062493264 22.1575019623209 23.5388457971522 23.4655808276258 23.7367461438955 22.9032160187155 21.1460988856685 23.7522328987584 22.6688294932949 23.2292989422083 23.1363954526484 21.3594681443776 24.2320265935766
29.6454435520763 31.1353004914873 31.5284389514782 31.4562711726267 29.7910186614561 29.2414390290592 30.1061634340413 31.1405284457452 30.0606969075214 30.8907923782011 26.5196775100003 29.8525541274563 28.9813991302484 28.9812562004169 31.1175990300614 31.7284210549077 29.6875450506926 30.6551260377455 31.3741005416485 29.4130969027745 29.9347554060131 31.0055825777285 31.9671446013895 30.7350691185877 29.4902481147497 31.1907087748263 30.6033908748056 31.4099734312484 30.6107830769453 29.5121247250401 27.7648505243235 30.6103230435216 31.1819932375622 31.1544646019895 28.9452896825109 33.1821997081029 30.8179234590228 31.624988684369 28.8233878168274 29.9886380953144 31.0497932762359 30.2103639738021 31.2167017147402 28.2791060400183 31.2071837207402 30.3908647910563 27.0009688335826 29.6335451401914 30.0221767990033 31.5280500862114
37.1887789592951 37.8451958073374 38.4777985965179 38.3783675395626 36.5291609827042 36.2566642084262 36.5175864003086 37.635676039067 36.5475793560174 38.7941471048682 35.4973714532211 37.652597985303 38.1797206489987 36.4779467651107 39.0264071386229 39.5357508173062 36.8056844143033 39.7739597102096 36.5190876057573 36.2232434652767 38.7191848588751 37.5050450992504 39.9514920728641 34.3549264804267 38.3516970924464 37.9354922697669 34.6426455663805 39.4953043232062 39.8092461011643 39.214213440028 34.5457661399685 35.1779678854639 37.69188836019 40.2313237915289 36.9185237914958 38.9458486703859 37.7229463079496 38.5968647114233 38.0157398872617 36.5619078427556 33.8891768786742 38.9591775639065 36.8883391797467 36.7610485832846 38.5300042845791 36.7247567170595 38.0825126207219 36.656501545768 38.132535103508 37.7461150700036
17.5873267570714 18.8985103013851 13.6421475436995 16.6673228797931 12.398011558839 17.965028824939 17.4837443961679 17.3107653447492 17.8402903486032 14.7601996197064 19.4436917900861 17.7809286876273 17.4164583776656 17.1354223436343 19.3211703472867 19.2011713783993 17.8898582561688 18.8610499111068 17.7290096784684 17.4754641685996 18.055025820899 17.9266110793847 20.1895158505966 18.0438095532303 17.415559225879 18.2029315823315 18.4105139067772 14.4704300350279 19.3602957445727 17.9040173159453 16.2583080858549 18.8801728335799 18.44973504439 19.0319494619478 17.0829306408613 15.5817866128758 18.3621552048775 18.9580433131785 17.2279283282037 16.1389630692778 18.0511195462852 18.627751418028 19.0614493109618 17.1294911808263 19.2515910424033 17.5819950359006 19.0351643245088 16.7872572442814 18.7507554273466 18.5138419272232
-60.5288520282046 -56.4071255449892 -63.2312868244233 -47.6495373210518 -58.8151804444691 -56.3491377289478 -65.1065169683593 -43.5517072855861 -39.5913204093782 -61.4574107955402 -42.8130586411415 -45.0153295813468 -47.0411859881846 -45.9041251576576 -56.5976171971459 -61.0232742026053 -28.4970838087124 -60.7884478476685 -29.4027307564522 -44.42112542171 -63.3727897846526 -57.292587719244 -28.3159035092322 -45.8746524974569 -61.8193224593274 -58.2479129004884 -62.7446668953873 -47.8146040755175 -61.5491826138546 -65.2443407903242 -46.3838828144618 -64.6051837721214 -59.1654842670523 -45.3056436522309 -26.4744224792462 -57.7436561754438 -61.970039752873 -57.9733767383688 -61.617687769525 -46.5337258324639 -44.1650769097217 -45.663702129839 -63.1897244577041 -59.9172524043921 -61.2745169297702 -59.6283603338486 -55.1525459505243 -30.1875214893784 -55.465913436759 -56.5620598519932
-45.2145096409496 -33.1230201545117 -47.2332041982271 -47.4583694089234 -43.9344123361449 -41.8449950739905 -48.6339842986402 -43.3769796928435 -36.1630365882797 -45.9081347128119 -42.887608631296 -45.0493795572655 -46.8524587556657 -45.7199597647102 -54.5539741140906 -45.5838385712374 -34.5928189777551 -45.4084253900267 -47.4545841316386 -44.1408302855076 -47.3389056405165 -42.9703263210526 -45.9927508247924 -45.6906053475655 -46.1784794800288 -43.5106685680582 -46.8697034752559 -47.6227739226071 -45.9766874380814 -48.7369374576412 -34.5494516297698 -48.2594928970183 -44.4520121255357 -45.8866027352586 -47.0129015370863 -43.8680461217513 -46.866890071763 -43.563624526145 -46.0278601750117 -34.8493057571563 -44.1928519897912 -45.4805013038284 -48.1339977729739 -44.6195595946802 -45.8835647471685 -46.5199050595957 -32.6812281885846 -36.2393806447115 -41.6215239875742 -42.2513514596012
1396.07811099406 1447.20437426047 1343.3747323122 1337.11839885073 1362.41576394912 1437.2886957906 1309.3961726661 1816.56112429351 1539.72144183134 1384.04965567422 1436.60207726946 1395.38188051441 1349.11369162465 1383.52313357178 1442.2819627178 1390.32734202589 1362.61563183539 1395.20953986073 1325.79277269668 1422.00486871417 1341.96836079343 1442.83601021964 1356.26744050086 1385.4897982898 1374.68598793002 1451.32491532832 1354.84376208626 1335.0552775542 1381.3151296693 1305.97203042675 1343.81181203435 1319.05422006325 1397.13970556318 1373.32008697395 1322.01140355107 1427.60153446689 1357.64268823035 1432.24206178616 1374.45512116946 1355.32067384386 1421.48064673973 1389.78969863934 1989.19631546909 1389.08402851852 1368.29421830905 1392.13644609907 1504.92386763506 1303.29016741818 1402.05833058722 1485.22910763138
653.517363731715 653.100684738844 628.846413858152 625.917765010948 642.206058911754 681.565187794853 612.940728819151 680.279550352957 563.436993666584 647.886730066971 661.070958429015 624.798209887823 631.532874974392 647.640260092517 669.689575907671 650.825374403961 623.290802922467 653.110777371829 611.647164406863 662.546339337013 628.188078052912 667.16506318953 625.346792701523 648.560874441924 643.50350866205 679.37891520137 634.215175135531 624.951998425145 646.606672589008 611.337855461504 622.392068998578 617.46175212298 644.804002368306 630.32470659436 614.448011826786 635.6251524861 628.307815356998 656.1486526307 643.395437748576 629.432950180201 653.963461084325 650.573698451284 623.021725709885 645.472568129758 632.454507210074 645.22482148452 701.194908606919 589.235911768713 667.168710068181 695.249788183957
-35.9443867645766 -17.3559599527673 -35.0623847794971 -54.7986898631022 -35.9202931204926 -24.8916569891046 -36.1022187629385 -32.1998132114866 -31.8422302515586 -34.0787526726805 -35.5938641815353 -35.2015502696572 -36.5057780941086 -35.5027876160776 -35.9449525349754 -33.8380195636017 -36.0980282918333 -33.7078059869577 -45.3902612910185 -34.0069976959836 -35.1408495947515 -53.3917690937711 -36.0256341209787 -52.9924459992358 -34.2794363318179 -32.2990537957978 -34.7925491324604 -35.3515720960577 -34.129641069347 -36.1786434590062 -36.5236528887863 -35.8242244611932 -35.0002737862498 -36.2089321860802 -36.7776956105627 -35.8226468287396 -36.3066750789126 -34.4544029921831 -34.1676278674675 -38.1379623937245 -36.8124971262389 -35.1784797426982 -36.6777620259708 -36.3317584873102 -35.7051789488563 -34.8964051995952 -43.4584884931474 -37.6260076004785 -33.6795920349846 -33.0916558285961
-7.20998532934193 -6.98197281784935 -7.37112750184294 -7.40608881801497 -7.26041525950275 -8.23792737788008 -7.19281682156613 -7.4420273962221 -7.57946524137163 -6.78967204458034 -7.38623109098915 -7.42055189605992 -7.50282439130471 -7.41941001252872 -7.50919119712465 -7.0330595234206 -7.43294334059408 -7.10352193815973 -7.74249263711342 -6.9890315475936 -10.8289488786685 -7.33852809713069 -7.55959629434736 -7.19435204828423 -6.82965520486025 -7.10936232623579 -10.7363250453524 -7.35633690407087 -6.79981078197952 -7.20804327739889 -7.97967686541686 -7.13743069410889 -7.60325592563709 -7.86102788509123 -7.67855361171183 -7.53583084949094 -7.9265860555859 -7.43172087964379 -7.20894706577733 -7.56983935596845 -8.203198424862 -7.29876942521856 -7.35720381370066 -7.40512209703106 -7.61833122298845 -11.6001177992996 -8.31748358724921 -7.66159958036146 -7.42378494234754 -7.21383871963978
-728.128657522322 -544.861558826101 -483.259120260697 -485.562862796937 -474.295993312982 -460.666390298345 -497.590982146751 -443.804764079852 -413.814247521994 -469.701879656859 -499.851570019809 -476.687572831052 -479.363582984768 -467.77659719045 -707.169810758264 -466.383894549938 -477.328424092692 -464.589182099815 -511.159762462055 -456.121519851202 -484.340587988286 -459.247607845361 -477.627196814898 -467.47626207565 -472.467869739254 -445.172580837619 -479.54001962844 -487.244941791971 -470.403266112996 -498.644331244942 -486.192064000455 -493.759432109755 -474.810129064405 -491.370100173483 -499.393623648933 -482.887279738186 -484.749004946055 -467.041726736042 -470.926831944488 -484.081102742624 -468.174714325962 -465.32661550682 -493.597068926576 -468.021481945061 -483.831222413551 -474.186279725892 -444.262670256277 -505.822512088473 -455.877006926232 -684.052386385084
834.460972603589 785.693913526559 824.023601875061 827.298731078588 408.071675377909 785.895074094663 878.395167608209 394.414584751537 728.33109128218 438.538279893689 407.148533149648 734.900793459787 822.303381897325 800.729653116509 785.516669487159 208.568529601596 646.031093330761 856.459624902276 822.368267886075 799.575825504622 846.623317757744 372.048319405008 414.490969955549 841.479153297664 827.929205452567 746.006978232714 846.430766482047 855.629018340588 431.033022280252 839.146924457015 760.788398478857 848.553676605045 759.940450968405 419.569645561349 869.869379983608 818.760498786209 662.740956051062 782.28407525967 826.363344749859 809.590688772031 336.169841222435 464.388626355312 660.913426190156 744.414326559966 595.817162326626 811.650951311489 791.053991134757 909.148020772052 474.602387706364 417.801146583356
29.8642913191662 19.9342625270462 29.2147034314561 28.843826296692 29.8107148595843 30.3708329271237 29.5403774065597 29.7439273783586 28.7434406461561 30.0141622794375 24.4616680661863 27.8897998080981 28.7539358642514 29.9270215344183 29.17731788667 16.103854341233 28.4954201833751 29.9514757833538 27.8592641475347 30.9514631858312 30.275215914816 29.0327256209218 28.5032897274803 29.7629915217169 31.013335571523 29.7736610866446 29.07306451099 27.784611840515 31.1628910330006 29.4631277122685 29.3361554076918 29.7582659043861 28.4162733926331 27.5308462081623 28.0908015629294 27.9614844990975 27.6533022259414 14.5383825952101 29.7342946692992 28.4650586250129 28.6538301597907 29.407821228847 28.9223404165397 29.1528776831573 28.3107498526887 27.7461258892759 27.8926934884279 27.5370455603006 28.5938842862821 29.3556265056241
48.5606123640661 47.9328470760366 25.2455190356211 46.9789155842477 49.2991359336268 49.5593773676787 47.9092689245533 50.8781048750243 36.6461082222709 25.4086491452812 48.0654289528036 48.0584133244737 47.2244890307732 48.7301948248448 47.6426227894669 50.8704454104608 48.3631151369902 48.8059214791581 47.1131105152278 48.5367718331297 49.1010470533031 56.2106379338925 49.225321101817 48.6002496343131 50.2981466246794 25.0412802152303 47.4809882794023 46.4440560381579 50.540699139309 47.783983579441 47.8242375909971 48.2626455417256 46.8647116142754 45.6093441960453 46.3979335181276 45.943944203918 46.1684909899869 47.5257271089136 48.5050705691438 46.5245647164944 46.8398416142738 47.0460864338618 23.4421084469094 49.4715906260562 46.2318269333486 46.0553806834338 45.5350208685215 44.3250921527829 48.1432147726574 49.6452089820923
8.29379754459864 8.149446426241 7.90515750322665 7.91855967639189 7.94734568076768 8.29645602090145 8.37404072018978 7.76928849620411 9.34909716663644 8.52468760211994 8.02590036153409 7.65791434419304 7.90660380040323 7.96981901161085 7.8136229840453 8.36290363682568 7.80528590810875 8.06641012062769 7.76204976775383 8.14132480873314 8.23634929192838 8.04010060758582 5.9471294406634 8.29310315676952 8.40031447167163 8.25546846787423 8.28090612748555 8.13794643941406 8.49388255444904 8.35214214805199 7.48419622391325 8.4358072686718 7.41339553778133 7.44747568680338 7.62768441752002 7.84897184117564 7.43177905820114 7.60519074658279 8.1879113491613 7.78398446741331 7.69851341388619 7.83308564158241 7.58560490131668 7.8516009545428 7.01750341560438 7.50590677294752 7.69890239067533 7.84769657227044 7.84561433339346 8.09324075799374
32.0484199307024 32.011277589526 32.1432810226326 31.9935840841788 32.3357825559982 34.2071922344482 31.3302670770981 18.1116562186514 31.8318181632148 33.11652062641 32.0500441275592 31.5967050273746 16.9484700536187 17.2068573633824 32.0906274866899 31.8088416036417 30.8382853220107 32.116371436264 29.5162537614135 33.3665485657629 32.1096304009088 31.0571907867238 29.8466206853527 31.8473170349749 32.8924736821989 33.0393345710352 32.4177035186177 30.7710730081667 33.0510909025018 31.2483367239258 31.4193486008138 31.5613577207949 31.5278314657086 30.8025666161626 28.9647741782503 45.0004243953036 30.7371722839602 31.5758205110671 17.1364094396845 30.9186757562681 31.3378836696848 31.889233690994 31.3933438785109 32.7242682166941 30.7974766095349 31.8248603464307 29.8068020737354 29.9014578327206 32.3512869316185 31.6974968719519
35.2519090146384 35.4175289931975 35.2177264922865 35.0537113181202 35.6254640222205 15.9881857652026 34.3269492642836 38.0981724864069 37.2790856930745 36.2840546668479 35.4299660262383 34.9629747805658 33.9787241187567 36.270251436111 35.5081285335214 34.9998032626736 33.7656063892527 18.7314266158124 32.4699200876151 36.7828930659342 35.1808572507387 34.4293915036147 33.1044853156678 34.9614710077306 36.0385780461785 36.2874977019582 35.5183969932266 17.6525505909763 36.2123667106794 34.2371824241342 34.7193178111279 34.5801433012865 35.0541097421357 33.9851444690016 33.8404244829017 27.0361459908405 32.1622306940867 33.186641538696 36.0325256750617 34.4124548932542 34.9486397047651 35.0783853276207 33.2340694116229 34.5625961741722 32.6273218174831 35.0554186977727 18.3855183937752 32.948229661352 36.083400950958 35.9213601452436
9.68130542725871 9.11440525769681 9.48550913853676 9.43482395121121 9.92261859116464 9.71049064124576 9.73948610862936 9.52072373605933 8.68821312935622 10.2947699683935 9.37992911405333 4.70228161149392 9.27384012376774 9.68019558316715 8.46618361216075 9.75581548943685 4.72394623761431 4.92372858575334 9.02939571316423 9.8999362130704 9.59850598685746 9.40761022059669 9.39372233390336 9.67678591690045 9.74729009647904 9.65683897928153 9.69194365781341 9.50816790441689 5.19017512025948 9.351518588317 9.23393392723895 9.81132412100824 4.07169772824266 8.7724075486558 8.9914115787925 9.16230117594962 8.73819816355529 8.7603106366625 9.55635930678709 9.12619095250771 9.05219496185246 9.55749552438418 9.2930640383007 9.17968760036753 9.08349199109651 8.85782208539762 8.9381044960392 9.13738130635889 9.0662943030999 9.48825195802336
69.6844712582936 71.0682179831926 66.9707709217479 67.0736341825798 66.6083823135847 70.9787279485042 68.2673690749863 70.0240520753017 37.3625489897397 72.1595424168948 67.0060892922584 69.1984378957424 66.9793394981902 68.856350518078 68.2361862781301 72.4868391816577 66.7111750838891 70.111740272314 64.3743491822725 69.7788320868944 34.718347521866 67.5955384431699 67.8211804474461 68.0377270845632 67.9787683281637 37.1113061095545 68.062828859843 69.6051456930138 69.3763806886189 68.0888461902403 66.6965429255675 68.770906125092 65.1775972458532 65.5615180544582 65.7343129991498 34.0916134909905 64.411440486346 69.7834369446232 68.4137686662036 67.0291275357623 68.7105512484843 69.6269284330405 68.1736815365178 67.9555266813004 68.6231948812899 68.5464090158967 62.719279567726 50.876056724752 65.0628478131447 73.8389990043415
42.299044901145 42.0347529993012 40.9272447937797 40.7359272059052 42.7016879440667 45.0033524932383 41.6288072295596 22.5646985305315 41.8470816278713 44.0022183621368 41.323127546005 39.0484616908031 40.7409716380927 42.0830824655123 42.8452294076718 42.0661399937173 40.3659100067829 42.5007312478311 38.9385736909389 43.3868857865602 42.664354277048 40.7999779687604 39.8688233062379 42.0427800568673 43.7045251752904 42.6978077875788 41.343195145209 42.4445709788104 43.9152813003832 41.5199456335167 40.905274769285 41.9358594431694 41.6198285476813 39.2645371108575 39.8411814080517 42.5181076633773 35.2505372132542 41.633353313367 42.0689707644223 40.655146792514 41.3657929219628 42.0857060529931 33.2854097962617 42.4820015733575 41.1473469185415 38.3743748317066 39.6220879646406 38.7868518032125 42.3771784505956 22.6403962094937
0.355965552257942 0.332733212336613 0.34896478335985 0.342463979574869 0.344892371736723 0.353937434872707 0.360789849221395 0.352216184137488 0.172187968920542 0.365837225543005 0.339480761870129 0.325501762459532 0.339096500867432 0.349384374008742 0.345218657241935 0.359171038778183 0.263091677419396 0.345737372719288 0.334600567294407 0.173798565251186 0.354112145024082 0.343674231771093 0.342171410242528 0.356080013879396 0.360193900105254 0.352190761013379 0.355950447201383 0.347424875881273 0.365028171088432 0.359846364134115 0.31881711484326 0.363451018955143 0.315017115949403 0.316568694451678 0.325589168322142 0.321917723545226 0.316512939673619 0.319287126832817 0.351473314768113 0.329548939699067 0.327858386409657 0.351086628320065 0.327606815965081 0.3167794929969 0.32884371081208 0.319336130922976 0.328372741003264 0.337924307057773 0.327499863941842 0.345770741289372
61.0185683482702 64.04197582549 61.5121892527601 61.3394608635177 62.344196278221 67.8163227155747 62.3143892377625 66.7050218451048 72.9390014187135 65.8671613438935 62.8987842021118 61.6000695028496 60.477961689662 62.5455263901711 63.3954176397804 66.1659175179196 59.8234718139833 61.4042278329734 58.5718303303435 64.655584254835 63.8645052772481 54.9226200068626 59.6649514257499 62.6264002957144 65.4215427842195 66.565130087996 64.47724784096 63.5355104559739 65.737024780637 62.151433719209 59.5163444816899 62.774017375789 61.4262025479031 60.3412114062837 58.855541262473 63.4915962210805 59.2337783792052 63.2614392364388 62.5890956518623 59.6619259960582 61.3797574816268 63.1479429852153 60.9941053868886 32.2184222652169 60.5250102220643 62.9424944292203 59.7088827698909 58.1021056541287 62.9239088583751 64.4974958772061
26.050288863216 25.9064957666647 25.478218353215 25.3590708063749 25.9221521593542 26.8929659513002 26.0311214106903 26.4046725262698 24.9477633654788 27.5152512107327 25.4839944233508 25.3917557075661 25.0635445001236 26.0588209293969 26.0200949627151 26.6435116252981 25.195084332009 26.4573703661406 19.0470355683034 26.8817158059238 26.6786646076646 25.7325607403039 18.4131520068027 26.0923393940327 27.3290991682973 26.4289460512421 26.9346307860158 25.5177723141954 27.4608881539887 25.9630486117768 25.2782826535691 26.2231257938046 24.8130566639428 24.0054868870859 24.2256385436137 25.0485370504402 23.8251535996056 25.3680390637292 25.1755565144051 24.57769503254 25.0397186986811 25.8285596540561 25.4393746410753 24.9899757403768 24.7668324478161 24.1461264576562 24.4859385080565 25.4867914275176 25.1549833453633 26.3960511384505
5.26923572621434 2.67615938230967 5.41744058051477 4.91957356697171 5.1981751113078 5.4898164573792 5.4989046093737 5.46565135752424 4.94636480104048 5.81241734935921 4.93132550117589 7.5338678783786 4.99909565193464 5.07535001868678 5.51432877291239 5.57010721422008 5.5153418731337 5.5404957409138 5.19548755652417 5.23405146783607 5.42961148646343 5.44760401867964 5.4601308161642 2.62677551874365 5.44517076537268 5.55208416852827 2.63437584077091 5.6066618894749 5.4827527456127 5.2696252078355 7.46198611060094 5.53946428295324 5.05825176073532 5.3665280228727 7.45655969340876 5.45832448786837 5.36444946634208 5.25293781555575 2.57499930203739 7.56742781527478 5.16943700874051 5.09717881181274 5.37547794923726 7.04356594857477 5.37398226942987 5.00900419041075 5.45571222025425 5.1558627353299 5.4786098813187 5.47885128275266
250.530948302418 239.633322317645 246.109783683025 246.304477139622 251.017823975414 231.59851102658 256.04292728803 245.872745471412 238.741609003211 257.250907539846 243.490179089081 225.604929203601 238.2736664296 251.953766502021 239.509744025148 252.218521966205 235.886595146401 242.624038468234 237.992178279472 230.988174463812 250.165343856934 240.272849568922 249.49082049581 250.832727719031 249.321100030239 246.591385608875 250.66638144679 245.071685168211 257.917572023879 255.373361101173 237.981046111072 257.931488427179 216.897263953517 351.759426145854 226.411362336454 230.10366161878 218.999006285115 242.609178917404 247.449547520182 229.319421318214 226.826592069002 117.204985580526 229.81252278859 232.816097805426 228.495904326272 193.593558014394 231.545169305992 236.842328598447 224.331266853935 240.946559885806
258.766169979722 129.213110346952 253.930890616038 247.155335443623 259.588755144311 128.879255058775 263.335048480191 254.68895218929 244.764139418846 265.233208968023 251.314462965507 234.866785851648 246.310336506606 260.039591357738 248.704352941965 260.36408284025 242.604939218173 250.973682180868 244.274512273515 256.241535828278 257.889862926316 249.121320992025 252.716329267669 258.96036271684 69.5453612154996 255.375624082776 258.503936208944 252.834394739124 265.860022169766 262.646412999632 246.837212371097 265.277395977947 226.577805900212 193.154812650614 235.309419056734 239.498007449013 228.19756907711 367.69753738916 255.540844985996 238.248719909301 236.366071167581 255.090298333085 197.544693785568 222.715463956181 237.571918203273 229.986395579218 240.572623501398 192.345225850504 234.962277690937 250.142164371077
