33.9235727477074 33.8169313395774 33.8765501311111 34.0201797091912 33.9372330430394 34.0012735216352 34.017027969461 33.9979519065513 33.9912438416358 33.8758852243088 34.0182822910003 34.0661305324396 33.9418853389884 34.0662012390525 33.9287150668753 34.0128113723111 33.9318955475644 33.9264199641592 34.07322383306 34.0024610711789 33.9037882075496 34.1650716529737 34.0413784170226 33.9757533651619 33.8951185167223 33.9634000306233 33.9839273276119 34.2921011869373 34.0448861342056 33.9742448929183 33.8794710377736 34.058015844584 34.1128234025557 33.9900042287291 34.0888142693302 34.0001042040098 33.9807928604433 34.1268934210661 34.0301679523099 33.9448787954657 33.9255408495537 33.9841611602821 34.0045924384004 34.2167469595307 34.1909436932474 34.2211372773916 33.8680198911573 33.8698701808492 33.9666966946981 33.8896864473795
36.4858686886525 36.4967159969724 36.4813606464648 36.6414934209759 36.5710483342042 36.5343062279785 36.4775092807933 36.556402750407 36.5906781929639 36.4674192362459 36.5661917956437 36.7205573095069 36.6016626118234 36.6231390997215 36.4155181871264 36.5082716686238 36.4182822632352 36.5136715011662 36.7824585867066 36.5136225106341 36.51506312195 36.7764011499376 36.6225729956448 36.5138053387356 36.4268835490302 36.5020949355452 36.612835574907 36.8948072456539 36.5881148228415 36.6273533784893 36.4235666104578 36.6375748727765 36.578970129567 36.5323677063786 36.7874878929857 36.5075304830566 36.640220570595 36.6480680407676 36.6941861112013 36.536736764994 36.4747695053497 36.658075762964 36.6760952575995 36.8979132840742 36.6964126352927 36.8634912241194 36.2583455573792 36.4263336398362 36.4338096217681 36.4852739830428
38.8854985519191 38.9392782033762 38.8963932249114 39.0768196334259 38.9839833228581 38.9454335457242 38.9083885988241 38.9943348749359 39.0128411357421 38.8588806837169 39.0205252038939 39.1446512873537 38.9961385256407 39.0635771147808 38.8600143655551 38.9835445483613 38.8665423300101 38.9509564122315 39.2377511789828 38.9585458468425 38.9192035276386 39.2112711155619 39.0217769928284 38.9379757136013 38.8601258586624 38.9227968885992 39.0438733091617 39.3783642930301 39.050359037961 39.0492357459847 38.8523652867524 39.0750875755503 39.0090289991484 38.9740061712476 39.2170311426967 38.9880883674415 39.063344237758 39.0799963254589 39.1078624636006 38.9510375176109 38.8729242434697 39.0999370821555 39.1195203248138 39.3587448606309 39.1910478373257 39.279741586736 38.7335250257417 38.8336704835514 38.8606002607317 38.9479519000809
42.8369637769334 42.8634389208685 42.8389465003742 43.0254906996762 42.9441480913252 42.9009387517997 42.8673859524306 42.9435963023615 42.9715390258394 42.8111291152153 42.9585872337525 43.104056441315 42.9288301825573 43.0268127512286 42.781119284969 42.9309525096047 42.8092904379944 42.8774395486574 43.2187564599644 42.894557485538 42.877612067338 43.2087089914579 42.9901367217309 42.8510027509573 42.8045360899379 42.8817591462891 42.9923026368175 43.3783363622422 43.0213606582646 42.9921402434538 42.8069012270145 43.0313778502854 42.9983089990857 42.9345852014861 43.2098106211799 42.9120548637786 43.0189724072833 43.0260689355811 43.0397645019389 42.9118803651154 42.8206654897068 43.0263257875574 43.0655415416445 43.3588625116733 43.1485492119695 43.2762481668805 42.6708508845631 42.7802847767706 42.7715847318101 42.9151310020667
48.5526615344127 48.5552409222307 48.5550449339984 48.7398307638627 48.6647475358267 48.6137415544924 48.567707612249 48.6274943111688 48.6902596069776 48.5145554118585 48.6846857374239 48.8198559667076 48.6210028346705 48.7491672794654 48.4962010299507 48.6633535152147 48.5170685267836 48.6107198024285 48.9252633459115 48.6122832180413 48.5779837352581 48.9621707339922 48.7088141024878 48.5625578546161 48.5151298987275 48.5978931041711 48.6931942435423 49.1391804538414 48.7452978033058 48.7139373828089 48.4955191633901 48.7694225157142 48.7272198630919 48.6542325111899 48.9491286384642 48.6283249592191 48.7582271044451 48.7726886246069 48.7475444702575 48.6405275880235 48.5182026723946 48.7293516636284 48.7904538320837 49.1137064034416 48.8939003128074 49.0231702964651 48.3717683472149 48.4539952179494 48.5031847852475 48.5892586399837
54.2343689723242 54.2294824661435 54.2347518991131 54.4697785713329 54.3778527367246 54.3125411287326 54.31239791436 54.3340924303001 54.3813821618581 54.1811809865787 54.3872080477826 54.5381959551086 54.3309212305654 54.4857452200041 54.1806137585499 54.3814366209511 54.1928215139528 54.3134281843617 54.641850442656 54.3048542575081 54.263701812944 54.7008226894203 54.4163196487411 54.2629317759767 54.212419056807 54.2821944862242 54.3839369788182 54.8742842955182 54.4339285571806 54.419020056352 54.1913618464967 54.4762929370805 54.461842004474 54.3704291982775 54.6368554449721 54.342196169169 54.4209355271103 54.4996964356393 54.4748880035134 54.3280053615696 54.1979967878614 54.4488970525289 54.4762415240029 54.8338713082659 54.634892545597 54.7520876562309 54.0357433874941 54.1648914435257 54.2137336475547 54.277188715726
5.77002919836987 5.75114515108697 5.77156940413145 5.78012504413894 5.77340643735372 5.77922890371396 5.79975487261347 5.8060121272676 5.78364659480671 5.77389438403011 5.79018474438885 5.79306738882548 5.76320009072248 5.79235520017211 5.78169733449945 5.78617588988347 5.7851944816508 5.77590829874402 5.79455182073562 5.79575162941662 5.78509614311564 5.79993276212433 5.80131755171513 5.78258323554068 5.76414685308503 5.77690587223038 5.79478589330016 5.83369729057856 5.80276709095544 5.77652162475614 5.7898862374723 5.81457550174655 5.80706046615589 5.80380646605562 5.81174022945497 5.80121891929447 5.81252346185813 5.79771558214629 5.80150429635691 5.78910464247662 5.77379575324705 5.77956455838567 5.81968063700204 5.83522745936349 5.80445094336194 5.81177697883304 5.78574428262947 5.75595989904736 5.78934156000487 5.7744526287588
29.4420617231774 33.4039274177651 32.821097539404 32.1274707697591 32.5286012945155 29.3629469441176 29.3535692856323 30.6447526044302 30.9791292572404 32.1961997298679 30.2967456732631 33.7949438514164 32.6937172379413 30.2977713092 27.2982274061945 27.948974719314 29.3018642930359 30.5145288514185 37.0789370215361 27.8177787273547 31.3708562547072 30.9096082417949 29.2390933190391 29.3952615629925 28.6817976259771 30.096258190232 32.5131540160999 32.2284265603445 30.663073182089 31.8151144708215 31.0888954533403 30.441797892697 28.015226588513 29.3503148974764 34.5968246101202 28.9238017509136 33.3916027561917 28.3807869091139 33.3856721385028 31.3726988987849 28.5285845238818 34.6084744694513 33.2792696637342 36.8231191352814 27.7429887417175 33.1929772210126 26.3509077808705 30.2064016422654 26.1926659614685 33.1194743752035
21.9365173395797 24.792805961085 22.8314025547854 22.752754584983 23.2958457574712 20.7819616079237 19.4265696291586 22.6379961470886 23.503560775951 21.7847554819632 21.7486927642734 24.867498368802 23.8133663848177 21.7781457189933 18.6996140786986 20.9748224355386 20.69809773478 22.1738776374773 24.7924019748776 20.6025855934111 23.8592898712666 22.3113564242478 21.6097693422796 21.8781315475921 22.5003289195795 21.2954248539986 23.392085709025 22.9933863650137 22.1010332910643 23.0428021938248 21.2271821242325 22.9628545241892 19.8201184226351 22.7234056558451 24.1499409064062 20.5505007828309 22.9720968437486 22.3091360058026 23.8569479355299 22.1807762085482 20.691258279969 25.3785740735044 23.9974528361245 24.1349952517693 21.8209543484623 23.8225739915581 19.6653965424331 22.4985011673485 20.7630867612494 23.2692272485184
44.5569286906107 45.6492996894823 45.8197858533521 43.4423715856633 44.45599749889 41.7573882166847 45.9238577145493 46.8579756990129 43.2672298912415 44.4684213404433 44.8424128055293 46.7088788216878 42.2838750785126 41.1725850423899 43.7399520263095 45.0244867928308 41.5356664298754 43.0340571260878 47.9116572439456 43.336600503893 48.4523915631529 41.7653331201095 46.3430883995202 41.6762971597089 46.8736449246561 41.6562414891167 44.6750772164216 44.0602637299742 45.8658760198815 45.9205208287594 45.713511657165 44.1043273822166 44.6067493623267 47.0462059067706 40.9085826339235 45.0290786732633 45.4138862414303 43.9401260671759 46.8589664163566 41.7409529323456 42.3459025335157 49.6828807183428 46.722156338436 45.3791698284958 44.4472674475909 49.4789619681868 45.4480069615621 45.3146375045664 43.4024335141166 46.650784977786
18.2057170108471 20.3127976717285 19.5259411402893 18.9796385971445 19.0381974717 17.758183614208 20.2689546135518 20.7750389747533 18.3981914210943 19.5013081047411 18.9354343234535 18.5597537389118 18.9506664106113 17.840314504938 17.987022126292 18.9078532605899 17.2576690753255 19.4712215928737 20.2302129316451 18.5653383132593 20.0943136212223 17.744037215391 20.0400997909716 18.4606352164285 20.2492852895301 17.6342874767711 20.5462616894982 19.5081581301485 19.5942064947517 20.000665824753 19.4678535518968 18.2528683463526 19.3819748820815 19.3931050970671 16.8698834318322 19.6880895465968 18.8125681783029 19.3664339216261 20.6564654230126 18.493331000339 19.5710361551331 22.3296806184706 20.8717817829827 19.6827456749691 19.201455034385 21.4639850571438 18.8987217120022 19.1304511117311 19.6576498390029 20.3881534360792
10.9476362824703 11.3535895259562 11.7715780726848 11.3802762746412 11.1254860835348 11.5286266062945 10.5945636310521 10.6512821104719 10.9208220532434 11.0334752113594 11.0379574423238 12.3046608272627 11.3570327073829 11.2462389851165 11.9270171123355 11.5722788908939 10.9902636074448 11.1317684422288 11.3163808805885 10.7288325256789 10.6791619710115 11.2980625156425 11.2765127793861 11.4244118378154 11.179436134746 10.3076962170949 11.4170415018013 11.2462338285152 11.1868802331332 11.2532058129639 10.4121294537358 10.7933118267267 10.9583467804224 11.0352884425564 11.5992557210141 11.8780114081446 12.2127932550687 11.5673441650873 11.3718207559627 10.6314070572731 10.8208852209589 10.7247048516963 11.1927367232022 11.8833028343497 11.3520046186001 11.9246933235976 10.3049468867424 11.0175840197012 11.0186395274936 11.5278324263976
13.4560898832928 14.9879209978169 14.3921706488062 13.5622177388499 13.7449795389075 13.8504926401762 12.2568835436435 12.2569212506296 12.5925973169466 14.6610885536555 13.7187168027623 15.0676839597352 13.7812721709463 13.0967529542304 13.7607122363379 15.5514792937012 13.2089081427455 12.9931084330084 13.417590569628 12.5176293374716 12.7921495788628 13.0207264972455 14.6124773291071 14.8529300524633 12.6910279643029 12.66246114611 14.0729709192603 13.0307248513208 12.9302144274304 13.5646734555465 12.0556515024259 13.4776655639419 13.8283766738143 12.7593210938874 15.7056149426477 14.3424132178281 14.5010162708342 13.8498936551582 12.786939089435 12.9775902418169 13.8738987455215 13.2562024253084 13.5439586976271 14.9017836342859 13.1067452041573 15.6290715248103 12.3370226650797 12.4538948355281 13.2586013733717 13.5910861925788
16.3830736950422 18.6859569686125 17.926751549127 17.9480448398333 16.7549647837419 16.6080548575812 15.2438129681574 16.1802525488769 16.1261325307241 16.6761500794396 17.125597580596 17.7725761153202 17.5181315569352 16.8146023974697 17.4604195037192 19.2985088231436 17.4723428201835 17.035651618404 17.3261674246821 15.4323186608759 16.1001378124902 17.0851374467519 16.9420291800151 17.6814410258273 14.8535883875698 15.0776973674511 16.6165945139457 17.4157026735307 17.8810017828873 16.7834309830349 16.0598210965282 16.2281793253391 15.195628023382 16.2769081093894 17.7312133064018 18.6858093301652 17.0717048434021 16.8742042338466 15.7599311434557 16.4351001501677 16.690238252121 17.3675169615589 17.6032453468301 17.0481350021897 16.6308765983415 18.2422516342216 15.3573307211844 16.1912209111308 15.8254060406857 16.9615329570001
22.7477469276731 23.2306825505741 22.1169989899506 23.9162270299614 22.6366146340382 22.0172540132997 21.381642954035 21.3103626042641 21.6903777306703 20.5100449934797 21.6621512859425 24.0233271323073 22.2984423404387 22.0764675496168 23.0524283820809 24.6075253028016 21.9002250077177 22.7672586664682 23.103871272311 20.2499817606452 21.9124566887303 22.3634632557042 22.9958089938754 22.6309992331258 20.5363440069477 22.4926290856237 22.7164905352235 23.0159573236859 22.766418744352 22.758689370173 20.5140387658027 20.8892545841413 21.4603944383904 21.2935633932516 23.7341999279716 23.5701764004797 23.7425881644162 22.3401220114733 21.2354324241649 22.5276346062554 21.7524666982768 22.6002496123481 22.4550266367386 22.08471264688 22.2741658455107 23.9921195862467 20.6453054981132 21.3353993799628 20.2802454564673 23.3671969712444
30.3927192633467 30.4526578283015 30.0342916655545 31.5590254071825 28.7570327395656 29.3299300208282 27.9643150720087 29.2096658754994 29.2131867192238 26.8420534895281 28.8175347339226 31.3471708419783 29.2004277659327 28.2514903871201 31.4443454673774 32.8738040981784 28.475785740355 30.3051638434451 31.1449370598283 26.9494355571785 28.1702173372287 29.475772827812 29.6067383948313 29.0013137763095 28.5232635856029 28.7100835213374 28.6848967485389 30.2983411297963 31.0296622808377 30.3611353077885 27.566808378694 27.40118604616 27.7786921489901 28.1116451115878 30.606665266891 31.2801110334955 31.7368971558225 30.129711348287 28.7119821740273 28.9770755212149 29.500747722428 29.686561846601 29.6984703987134 29.0113377017837 28.7541642822445 30.2232290517185 28.3931382685882 26.9286570830061 28.7940840980586 29.941238401046
34.7778245391007 36.500972257774 35.6640873403145 36.8812779630452 34.9875094308267 35.8917764574535 31.4730584978911 33.5548042127919 34.8654774256364 32.2963031700039 34.8552282996912 36.6189890893481 33.5421746626454 33.6540330475823 36.3410512593987 39.4144953711631 33.9426511787428 36.4898554540729 35.2818774366991 33.1877951057521 32.7215908024479 34.1843695380686 36.6374643751565 35.3940717416313 34.1395929000003 33.5379390712697 33.0090884469478 33.8450864826218 35.711048367735 36.0832152300284 32.9130104649883 32.0561029707114 33.5108646058502 34.9014444046292 35.2423549555668 36.8862395615503 36.1617276161923 35.2695524459165 35.6824337866227 34.2646042494905 35.4914227506386 35.8575726675133 33.89554882051 35.6019485091553 36.541986789833 35.1637470281886 33.7675498569353 32.6123648860823 33.8573524761855 34.4016178626556
14.8010294831827 15.5354639582276 16.3008938459119 14.6775057760907 15.1965824890465 16.2491690986246 16.297348650489 17.3934585068518 16.1738239137304 14.9242786395918 16.1189264324097 17.19982001621 15.9835971346909 15.1399488853495 16.797921707057 17.3735263570202 15.6176652092563 16.0192014029051 14.4454566094177 15.7364678003537 16.4697552449587 14.8678061940375 17.4701316920069 16.6136682496096 16.7057118435183 15.9340570988676 15.8890931163659 15.2403082250391 17.4826735634726 14.9318369109211 16.9165502901705 16.9471394814386 16.3938587934851 17.2849728689747 17.3809523217923 17.427346608771 17.647017562561 16.990097929379 15.6492298012786 16.1255003048498 15.2156649537526 15.8283466332887 17.4938953243013 16.7420158696421 16.1861218194755 16.1775991633505 17.5933689595937 16.0509735999816 16.7697990899798 17.483871903204
-148.383691128137 -179.718365425219 -168.910403332421 -151.66174006816 -157.191080702676 -118.925667809619 -160.714520972025 -160.014000027791 -179.992373948848 -168.11122499535 -162.33866219144 -156.192260698577 -171.227554890409 -147.912192487499 -124.154645102015 -147.220158866569 -131.701855712919 -141.741071357371 -168.844314461152 -168.776412501746 -190.871023207666 -139.907882290196 -115.413428377339 -142.701316596228 -150.852986927611 -163.525834648499 -168.442683563349 -179.033190809949 -161.719539595524 -148.801900739358 -164.456674608284 -195.76677570298 -165.699398194337 -165.115584977627 -184.589640072646 -127.43726286955 -155.068856025228 -162.841309738575 -182.52497142991 -144.978629218258 -134.934454886461 -151.979698723015 -167.213966704629 -209.675689475252 -155.720042281924 -167.842243778173 -107.652352563527 -153.58585347348 -157.581089405865 -190.176224627521
-61.2380185435692 -79.1004038594879 -70.0990530205269 -59.7341481464682 -69.0622323758476 -53.60124985489 -57.3521946384926 -73.8276373378081 -69.5469004255574 -70.4510368061095 -53.5829959135473 -69.294896605274 -88.00133011495 -70.3452053201544 -44.8623629180833 -56.1642485643469 -47.3367527828086 -53.6684224137105 -55.1473578368374 -74.4963495037009 -99.9778253394331 -77.4793914013946 -42.2081011182033 -87.8985594779229 -84.8143067182114 -71.2229058609448 -71.5806775412719 -63.5996875279908 -70.7477040805034 -79.3833444967459 -60.1203348649432 -99.7820625693319 -73.9787727859868 -71.0215951247403 -76.3199568802411 -60.762418654109 -58.2879863930584 -89.0057515719439 -59.1988341351272 -60.1507965513867 -55.2254233141896 -68.1120173421687 -75.1106668671878 -89.4908987275736 -87.607399501135 -68.8129144519532 -58.4569259562158 -62.0292801450265 -68.6279629704666 -66.3810312720935
-167.597973726328 -329.045031413571 -59.0882976936329 106.954186161481 -177.173125153093 -10.2289507995697 -623.527265495224 -303.77591688208 -664.405773820672 -209.092937901303 -582.356182672002 -109.316121595801 30.8156462428486 -86.1335367626833 -89.7520438269124 -769.230432451274 -197.679021962886 32.581593044271 -490.829443121111 -560.98894371534 -204.195806440748 -26.1953935166108 -173.364171062074 176.600224868384 -81.1738421160907 -139.61736972726 -520.057620456201 -108.025100191353 -32.8197209615761 48.9414746288543 -577.578667962277 -112.605740659897 -743.249190312906 -253.655357865097 -610.83344337366 13.6349517602873 -243.536842576404 -227.196240057516 -248.412179682624 -243.805472433407 -471.327786341292 -303.619180631758 -134.129185166238 -1344.02846382471 -215.171410250712 -347.082814000692 156.152576860157 -519.851877654721 -265.349733394609 -484.917903188783
722.149661542568 861.725693133777 877.257573678605 935.666135835883 894.57541112214 733.119474798264 780.384608415796 671.727212632833 725.303958713636 858.758965514346 811.399220916101 824.103973517917 969.392726085326 942.144511376767 669.046885269037 567.928437271998 830.009738888074 826.742577158436 893.91922606828 635.157113868213 751.560873642012 875.020351356101 686.79121710404 765.684544181971 671.605881111547 792.125731907151 897.46955661326 926.888829073671 759.297895506353 833.794449703052 816.120737129526 791.513932695089 636.675426594467 619.218679987436 882.502374268421 793.720114934609 811.455587927143 747.006313245574 959.153115621158 851.343819332126 679.466884389633 864.297238874006 860.045290777075 860.936871790655 679.539398276013 797.323528212523 617.48473236169 563.143343525515 721.742596169876 911.946526576086
-55.8569622098162 -18.5044056185146 -32.6129012921974 -60.3404019317107 -47.3261066901178 -25.8874577508131 -64.7129553020125 -46.3671459456748 -12.20776327336 -50.7908121092025 -16.1318863192974 -47.8904686063765 -45.9850899797495 -36.6664280992735 -36.9872564438988 -47.9223942400505 -24.7018652362877 -43.794912009697 -73.0225897533491 5.06202819928979 -19.2031361180721 -56.0045985055414 -45.793221702912 -30.4260454611897 -10.4640787187863 -3.39060621905394 -62.0822553844037 -41.5199573320794 -30.0536049250061 -50.5440810421793 -18.7278924748859 -7.91021591893962 -42.4310265042225 -40.8845978633024 -38.6019579483844 -43.8281833097189 -23.4754126950406 -20.272601366513 -11.0855692171293 -36.8291352448618 -20.2272238221024 -28.3148603512501 -41.3799831235135 -20.4596984212481 -12.6828979094193 -28.4682643921803 -44.6339774472725 -35.2887860445289 -10.7814730445515 -27.440494554196
-23.4156372677168 7.73470536826025 -4.36148980021322 -29.840288826394 -3.73365957713331 -3.18714525343457 -34.0773680576144 -23.9903938278066 3.39684420598238 -13.896021997206 -1.34839804175865 -18.7021741450139 -21.9605290012346 -8.99035335807035 -23.905559376899 -21.6632311814417 -9.41632366907506 -21.3666765836395 -38.3663520478809 11.1166856221753 4.21449142515401 -0.481733759925634 -18.8736391627676 -7.18169365878497 10.0673803572478 -0.702189952239043 -29.8489753373174 -11.5725203157874 -2.24677799708548 -21.5120130628176 -10.0083409742663 21.1118968650322 -14.8589490625848 -32.533964598457 -11.4267490424197 -9.70077885780669 -7.48367366825607 -0.332813873187431 1.06342829920024 -3.94769770661557 2.03549900264773 0.614717222290695 -9.84179245936671 -0.263577487789615 16.0567264017877 3.63482344630793 -11.6484107169353 -24.4637519855672 1.18893686423631 -10.8749572841216
-2195.80797751402 -3098.17112197006 -2423.64454406613 -2329.5099322879 -2759.7167235951 -2407.341646885 -1630.17759276855 -2091.3698978091 -3294.65046668788 -1699.38573786895 -3077.21938899856 -2473.75597445282 -2198.67516205346 -1916.99655933094 -2095.06800540215 -2649.6453415116 -1883.36939983456 -2500.26698656076 -2413.73036142706 -2316.30012609381 -2552.31760228701 -2568.61355001786 -2878.08421460278 -2552.77570346269 -2649.09087071088 -2652.6860574727 -2307.13702171784 -2293.97055181654 -2425.15455025504 -2563.11715132322 -2382.7151390824 -2395.78019553846 -1869.99835847468 -2203.05067492555 -2702.4443697727 -2070.96536666674 -2551.96442463193 -2593.72804638981 -2879.2328357554 -2412.21873499618 -2523.84354216106 -2772.05923882024 -2495.28946200559 -2528.4293181354 -2741.42846028517 -2369.31705238389 -2098.03395563463 -2526.03100519214 -2479.86552462613 -2781.98604624072
984.798233862245 943.792192500177 839.647056843634 885.124549591535 870.356788986854 1032.94028272963 942.959635505929 725.537315906595 939.416577512947 1055.15136025248 872.708887273595 1030.65708317919 1094.10806785648 1076.50252094248 862.522269185812 902.793638451463 912.378080092183 711.418789732835 921.839641749613 887.220482637417 771.704913403612 855.182386661878 835.357128217713 1045.6238463138 812.628950821109 841.910319042866 949.130633070924 1049.155401248 954.877216393973 879.771005112574 729.247720407237 994.851189174134 876.265968052955 767.045974761052 1172.79202483561 734.591323169802 987.972683871663 877.035438684258 664.332054625017 851.873724697361 837.682338428087 851.31705629422 877.391219979706 1075.44691037642 949.815009491109 1087.35609497177 740.477379981623 871.14725004204 816.980176902006 927.21516153056
78.4936667930582 112.246524973433 116.182989687955 84.6071912191767 81.9673736697475 74.4508553496506 89.2100013108687 72.4127168548415 24.0217496188379 147.867464762654 75.050623037835 85.7786910697013 146.599484977993 98.3941321043404 61.0003472853949 84.684986475709 87.5796802659262 62.9234061971985 81.3636890235011 82.3107771479297 94.209826917527 60.4218946868268 58.8542880029263 133.272153611901 72.9251292434991 78.3275420534381 87.4632778712502 111.32451951783 82.3670151661976 88.3882900292423 68.4429587752146 138.769024551398 115.372684439299 81.5619354716012 138.538969098753 72.129254500179 77.3148688330784 92.2661193249897 56.9693676281047 70.210119992983 90.2048414303331 64.7759829210692 89.282104278107 114.03986937055 72.6320359322325 140.17069156174 45.3584319281694 49.0586310407294 75.414748536858 95.2159452155366
55.3277583957722 51.5381164042782 55.6667836202886 35.3656210926471 38.8766558292103 36.1480544947562 42.8733519919947 49.8264089172016 22.2664339990855 77.3865609524427 22.330353800144 57.7322630759233 81.0178657593316 52.5792131816319 16.6130582837462 52.2329833128737 36.3822518962915 12.3474432049368 20.0851062687154 47.212472327392 68.2949121524982 43.3874245580315 10.1789080430928 77.3782633361011 59.1485986072442 32.984404873093 50.9851813216936 37.3743631413 28.2697908683698 50.2887531556422 21.9850185526863 96.4825560513432 72.9075852089802 52.070292567926 70.9877056705581 39.7286751037119 30.4255739327412 73.1715586338104 12.7438826726665 38.05981544256 25.7046676162818 31.470319794044 43.0212880082456 67.5604571452944 61.7426556990501 66.8130296474262 39.3572358004862 28.1378032705908 44.4182931117127 40.238455786119
10.4807073630492 11.3866330277359 8.97298245527809 9.46517506599062 9.94401498309665 11.4364112405408 9.23180430177823 10.2329943550301 11.350272391607 9.82291941296899 10.2692617979517 11.2640955656403 11.1316989275589 10.7612490020612 10.6854664515642 10.0942981590748 9.30470217547475 9.59650062628396 11.3743599776684 10.300957904008 10.669984397006 10.6967074451417 11.6091549423643 10.3327860596923 9.623278752502 10.7035655262211 11.0962825898505 10.7242448138097 10.9623581443647 11.1718013267192 8.90521794137181 9.9401468813041 10.0459010430306 9.30111737394314 12.1471913633815 9.09153964259045 8.92144882421018 11.0130606793725 9.98940567309035 9.45887781103594 11.0823426599107 10.0940780777564 9.00430318330942 11.0614833677241 12.9406267281216 11.836539874853 9.06445713527019 10.4129909254404 8.80917505550692 9.89385420797135
63.5329299864743 98.5557508401486 76.8908106130238 82.2314645378776 63.9943299411053 53.8180119503164 87.5005881649159 57.1098857995018 26.6850463713512 112.202362937425 66.213055902155 76.3601481090295 114.396100080892 83.7063338141191 68.0672580010078 89.5318522261747 83.9965702958332 33.7412963383999 78.1539258879544 73.4013416225275 77.1917707408622 56.5433479337872 37.8296306294252 106.447144160049 35.2790316892934 71.7861981319928 56.8421580841163 95.6755865989108 104.493525649167 57.6852843611101 52.0865028066038 112.666973086197 88.6130419589098 53.1261042738383 117.681741205612 58.9968391509733 48.6061429511263 79.0972560106881 28.1756105603727 46.5075208024202 66.9876461268501 67.9977370471623 79.1048406635766 100.190319322266 81.7173948319806 127.586058492009 36.2682227198969 51.963424824448 56.6876857423414 73.8975775024343
56.1762212439801 90.4906879644678 68.8494056096026 68.7043752163639 65.5405039139353 55.5003021299546 53.4839605317102 56.6099631226871 40.715647015077 90.3148851353958 59.0336843755282 64.3591362042501 99.0756481478525 72.4404966785731 49.4787090369985 73.6759492695248 62.086912069853 44.3815021207957 61.1381481744908 57.9028153829325 62.2694329454607 77.3656289359711 37.2335915265802 107.772398764839 44.5334912234782 60.807530790347 64.1255295966901 55.9928539951621 67.1205264789966 69.604004635817 50.1723331947917 98.7414343701269 57.2501352043121 55.3156626753301 86.1248602282871 59.7626775558056 42.6599628286387 76.1501476724182 21.1645798782493 54.1116169206412 60.5862794664205 63.9366592916533 67.4570129090469 81.4078371693327 76.3448243211837 87.752904418182 34.6105881062395 51.0457249803526 48.1208753379911 64.5021800407291
11.1995988682264 11.0993114024459 8.7224063927566 9.43409456675123 9.7757976993078 10.9001868812958 9.44823094040472 8.16490951285725 10.8845396419755 10.6030419667593 9.66331080610774 10.6482702069913 9.5856559565983 9.10939278800086 9.3793917443782 8.29651400462345 9.07292259142639 7.39418303050789 10.3875024572639 10.423905232319 9.67103765890675 9.54487966515745 9.86173357651065 9.55756498379479 10.2984567848974 11.1658312392138 11.0889268869847 9.76309605976777 9.72247533767308 9.5854874652008 8.50902053245121 9.40340861243535 11.2795631573025 7.6536725728669 12.0805711486811 9.36094808792584 9.35280658359175 9.56620252616526 11.4928841587112 7.95505442661019 10.178820032667 10.1458561530655 9.74617802077497 10.9436401921083 11.2276803086857 11.4694937821893 9.16489855193702 8.70315691968027 9.11502428585067 8.60666427973879
96.7776729923451 84.3360857072666 82.2394758492149 79.4918697953821 89.548715788581 63.8619121792697 90.8270445393777 62.7949738616761 54.2296796165105 90.4592520654048 97.1697490318498 124.23538424812 125.631601130645 102.766334498292 88.6090467363513 94.2603333590833 63.5880584588776 93.2002962485405 93.7956335203844 66.3621829203951 108.860089350433 78.9419849758006 60.5360235297577 110.157591979937 69.8848688207642 104.755640426956 77.5122350808295 104.593658074347 88.4643585865798 100.997837594229 48.4161911719456 99.045057436728 63.3000131717582 86.9934262492422 118.578958120139 51.3527816633267 64.1731694891545 87.6072796875879 52.533089225688 55.858027085945 54.7759628205063 84.049999875203 101.061222825938 87.9904778956166 121.378729531654 115.192719616433 37.0754812964595 67.1548613825537 54.6898561879247 86.8995280463699
37.7480041301591 37.4969489166503 28.5944580713799 38.1997722994748 31.7581792461968 41.5473689439125 39.9748853546515 27.3181606377694 17.4574938994861 43.7087633358763 46.5324500131294 51.4174572310095 81.4167794927452 45.3253010181198 43.8607410800072 40.7286942767285 29.9883897213857 46.4642330492278 39.842731241833 26.116545026505 48.9213026369066 41.5462380664035 29.1167917500587 75.4665386792529 30.6191950122809 51.275283744845 41.8470956702071 33.5001420537371 35.6569577565018 65.403033942899 13.8027229966211 37.6019594118832 26.7670915643374 43.8425230055212 56.5277755476893 31.2360526404122 19.2116266696392 55.4148480270285 2.750826121025 29.0061650258111 28.802225031596 47.6677833568682 42.2099361065047 56.3451475529326 68.79123326791 54.5420537145387 16.4507876096506 28.8146419324008 9.21699889534765 27.3873294454052
1.42611995119407 2.28904676629517 0.998294483077347 1.63955704240038 1.23952514619841 2.33696853579245 0.722352233333244 0.877677322118027 1.96237659858873 1.61333668627672 1.81869701656789 1.59627985071986 2.39227436114803 1.65103690076172 1.57084009116905 2.01589418162364 1.24898150045241 1.25072408711261 2.17306519346976 1.75655576338744 1.056651467602 1.72480393823946 1.74920196509772 1.24582121393386 0.938997566120236 1.4011105043988 1.66991681232716 1.78803786199135 1.83127950187625 1.2902908984147 0.63299053076648 1.04333656040784 1.22012202268248 0.816652505258809 2.19493039937323 0.974130316847905 1.01949243036247 1.85129804283915 1.0394773589066 0.440080096064382 1.98254887438663 1.33864298068937 0.974390333486148 2.23354582888435 2.75741289905866 2.23205946204217 1.0333140958779 1.5589212046298 1.08502486003449 1.52701860737787
82.3585194604469 93.3668517076321 74.6626216487346 86.6086002083738 57.3906588902387 60.1248474137421 101.787800824558 74.6861391220218 79.081093425318 65.8025273055483 86.1152861343062 112.782763696156 116.539065323697 80.4447940964963 100.641242377635 76.1659053154448 65.8056160849782 66.343233352304 114.554710427191 57.9450678031574 102.557813658296 73.4792363411795 61.5426735540502 70.7951969137165 65.4973617065932 103.089678610392 58.3902352747098 76.1396091144784 86.5502276290748 79.5597948221217 59.1233422674831 62.070045182881 64.6249205483267 95.8058722702135 85.5231611837559 67.3776127735255 61.5003072960592 97.6466182515282 92.4038086997692 37.1099388794727 55.9602385686843 73.5829297253199 90.1100034383177 86.4373520177121 85.6996075957609 68.5139996902339 56.4976409087138 50.4515333565507 79.2387541593091 81.1657678502744
27.3274170534566 47.1449016934847 28.1906191598585 44.8462486445453 22.1967409831244 33.6730838789131 45.6387721050031 40.6641297741147 27.5153692981986 26.6819072236163 44.5328438167873 45.2667718255304 75.0935373567396 36.2365045857448 44.5284214455323 24.7588352094383 28.026928609515 25.7263775040768 47.0744100496416 18.6477511826793 42.353198493979 30.7813359005164 29.9376988541005 42.6032917755847 32.8759763679211 43.0369439479406 29.7784634642135 24.9877544184298 36.4780408758264 46.0173694654191 15.7852791916161 19.8373016584321 26.3643993706326 48.7394410729908 40.8220332493175 35.2776235561249 17.6159064599055 54.3844053348031 27.3164580982559 10.9719355437877 28.8300130752914 42.034912865086 37.8407862735441 42.537887317475 48.8264955969637 28.1660521560967 21.6726831048548 16.2473391069063 31.2976039362863 25.9801571004836
6.37573913127794 6.44123688248387 5.92848067083626 6.03343782419871 6.11023685616519 6.77692632175366 5.43058710458442 5.38477833215841 6.77844068717646 6.11735937400999 6.57603919569983 6.5665549700231 6.50438651468189 6.12843180347336 6.19127759866478 6.75402098864174 5.83336214364142 6.08977779116243 6.3882608209177 6.60768481173756 6.07877144572976 6.65953985340866 6.44565682300435 6.22152744866851 6.14384117838935 6.35068182141393 6.0893548532316 6.34460983333311 6.68194482728402 6.1419187419205 5.34905712347955 6.28339871895297 6.43410074183182 5.73439445222274 6.8816712510067 5.95152929701444 5.89575617285028 6.66692940948005 5.61715020105809 5.72041542711831 6.11673624173837 5.60109784897704 6.15499079902447 7.47863391522922 7.72146726890552 7.0140966979967 5.68983045737895 5.97042518909458 5.80621569174165 5.89152190804329
753.932766578265 831.739629033095 798.493124601843 786.3225558249 830.32820097994 752.535599009189 727.29194992066 754.777736515816 947.595794370299 734.505780393058 861.467329159219 811.669152453323 698.908401722068 717.737996024433 686.493065163771 828.755428703974 708.695615091263 746.704595304682 893.998097285565 795.983740977665 811.546251121724 806.251362596007 768.173183781242 680.419227578715 736.514462404746 815.435167159267 813.62730705585 768.563270649031 711.585673768952 756.598982545996 874.602159325918 776.706118558394 767.233021735648 842.433439128607 845.503956332024 692.580682028067 847.55148616484 759.144311324698 853.861010550035 796.069961549247 751.009292405487 807.296299475778 759.489814969174 971.305756361731 743.365764993315 723.870350713119 703.620501087194 815.707157473976 768.646613592302 860.723871451143
449.72014932885 563.8378866426 468.548426534364 487.249539927257 519.058561752587 461.933018660197 397.097098992677 485.443899393042 568.98554953129 416.823020066067 504.693142254395 499.683525818867 473.563201593529 427.692015584316 390.836538911829 513.857145388256 413.109858773051 489.52192480136 500.5201854576 486.374756052035 504.154369053808 505.392362096403 505.663196002072 503.785317296385 508.848586538602 494.190431902885 495.174045905835 457.345651162325 456.476355178828 487.282876839362 487.546416240828 479.730545412078 440.98492490821 521.145258542581 494.524914159227 423.30766584214 483.475605021767 504.934284615103 510.500142907473 484.476466064507 502.628232485439 509.317314548564 481.684044400745 526.273231140439 505.83939536565 426.005537312673 452.211063953931 534.381482744874 492.274645670671 479.97270193155
