  economy_id district_id expected_hires capacity belief_expected_hires
           1           1   16.519628227283086        17.000000000000000        12.222852153368358     
           1           2   10.123308955461926        17.000000000000000        9.4065832718594393     
           1           3   16.519534486915006        17.000000000000000        12.222725211449452     
           1           4   13.398020575628836        17.000000000000000        10.916290234614134     
           1           5   14.845345007041638        17.000000000000000        11.536240116641968     
           1           6   10.123152324424622        17.000000000000000        9.4064062132654218     
           1           7   12.145846006050942        17.000000000000000        10.357772700785347     
           1           8   48.571823292239131        17.000000000000000        15.680038126016003     
           1           9   10.122917668093777        17.000000000000000        9.4061406912693979     
           1          10   10.123504962344786        17.000000000000000        9.4068046445292968     
           1          11   10.123504962344786        17.000000000000000        9.4068046445292968     
           1          12   32.422235748034822        17.000000000000000        11.809816187176136     
           1          13   11.062063810656641        17.000000000000000        9.8561748404262648     
           1          14   13.398020575628836        17.000000000000000        10.916290234614134     
           1          15   10.124686117786213        17.000000000000000        9.4081340342065776     
           1          16   11.061740382977288        17.000000000000000        9.8558112925058428     
           1          17   12.146653070665014        17.000000000000000        10.358677496453412     
           1          18   14.845256868360886        17.000000000000000        11.536134003507190     
           1          19   12.146653070665014        17.000000000000000        10.358677496453412     
           1          20   13.398714032176340        17.000000000000000        10.917079652100144     
           1          21   11.061740382977288        17.000000000000000        9.8558112925058428     
           1          22   14.845655215794574        17.000000000000000        11.536611805907013     
           1          23   14.845256868360886        17.000000000000000        11.536134003507190     
           1          24   16.519769845654665        17.000000000000000        12.223042725669078     
           1          25   10.122917668093777        16.000000000000000        9.4061406912693979     
           1          26   13.398158636591825        16.000000000000000        10.916448003388783     
           1          27   11.061596911322754        16.000000000000000        10.014439877927238     
           1          28   11.061884023126600        16.000000000000000        9.8559728470822119     
           1          29   14.845433364273045        16.000000000000000        11.536346267017247     
           1          30   38.956620432022547        16.000000000000000        16.112232170436819     
           1          31  0.81710120350862869        16.000000000000000        36.457997078434168     
           1          32   13.397882828595437        16.000000000000000        10.916132523187093     
           1          33   11.061525238599392        16.000000000000000        9.8555690274649095     
           1          34   12.146653070665014        16.000000000000000        10.358677496453412     
           1          35   16.520169609590557        16.000000000000000        12.223573097271748     
           1          36   12.145846006050942        16.000000000000000        10.357772700785347     
           1          37   11.061596911322754        16.000000000000000        9.8556497735691551     
           1          38   13.398853672126741        16.000000000000000        10.917237707715811     
           1          39   14.846103045045847        16.000000000000000        11.537143582244136     
           1          40   13.397663084770318        16.000000000000000        10.915880304168912     
           1          41   10.122995848213545        16.000000000000000        9.4062291898157877     
           1          42   12.146653070665014        16.000000000000000        10.358677496453412     
           1          43   11.061884023126600        16.000000000000000        9.8559728470822119     
           1          44   13.397882828595437        16.000000000000000        10.916132523187093     
           1          45   12.145557228073443        16.000000000000000        10.370625745403872     
           1          46   14.845256868360886        16.000000000000000        11.536134003507190     
           1          47  0.49159308114775546        16.000000000000000        41.152946974421873     
           1          48   11.061740382977288        16.000000000000000        9.8558112925058428     
           1          49  0.32671092178939726        16.000000000000000        28.248923328136623     
           1          50   56.610172483429700        16.000000000000000        16.719340835290229     
           1          51   10.123308955461926        16.000000000000000        9.4065832718594393     
           1          52   13.397772856581410        16.000000000000000        10.930930197642539     
           1          53   10.123504962344786        16.000000000000000        9.4068046445292968     
           1          54   14.845544118678909        16.000000000000000        11.536479007361436     
           1          55   16.519565674085634        16.000000000000000        12.222767515975876     
           1          56   10.123701211979819        16.000000000000000        9.5489016667864490     
           1          57   12.146815353340864        16.000000000000000        10.358858625190262     
           1          58   16.519534486915006        16.000000000000000        12.222725211449452     
           1          59   14.846103045045847        16.000000000000000        11.537143582244136     
           1          60   13.398158636591825        16.000000000000000        10.916448003388783     
           1          61  0.70989867189063061        16.000000000000000        23.933539516610143     
           1          62   10.123504962344786        16.000000000000000        9.4068046445292968     
           1          63   13.398158636591825        16.000000000000000        10.916448003388783     
           1          64   16.519565674085634        16.000000000000000        12.222767515975876     
           1          65   11.063148101875314        16.000000000000000        9.8573879704083449     
           1          66   31.183717400897375        16.000000000000000        15.624537931497379     
           1          67   10.123308955461926        16.000000000000000        9.4065832718594393     
           1          68   11.062966721473595        16.000000000000000        9.8571856427690250     
           1          69   11.062063810656641        16.000000000000000        9.8678206840015488     
           1          70   16.520250694070832        16.000000000000000        12.223679348843389     
           1          71   11.062063810656641        16.000000000000000        9.8561748404262648     
           1          72   12.146006841029388        16.000000000000000        10.357953546872720     
           1          73   12.146006841029388        16.000000000000000        10.357953546872720     
           1          74   16.519691019275694        16.000000000000000        12.222936828548741     
           1          75   10.123308955461926        16.000000000000000        9.4065832718594393     
           1          76   10.124686117786213        16.000000000000000        9.4081340342065776     
           1          77   14.845345007041638        16.000000000000000        11.536240116641968     
           1          78   14.846215865989560        16.000000000000000        11.537276671902621     
           1          79   16.519628227283086        16.000000000000000        12.222852153368358     
           1          80   32.531944166806625        16.000000000000000        17.815291454867562     
           1          81   14.846103045045847        16.000000000000000        11.537143582244136     
           1          82   13.398853672126741        16.000000000000000        10.917237707715811     
           1          83   10.124686117786213        16.000000000000000        9.4081340342065776     
           1          84   16.519849046499388        16.000000000000000        12.223148681846787     
           1          85   31.359124577543714        16.000000000000000        16.055371691816198     
           1          86   16.519769845654665        16.000000000000000        12.242222167695202     
           1          87   13.398853672126741        16.000000000000000        10.917237707715811     
           1          88   28.270139943989850        16.000000000000000        14.749030902006492     
           1          89   14.846215865989560        16.000000000000000        11.537276671902621     
           1          90   16.519534486915006        16.000000000000000        12.222725211449452     
           1          91   14.846103045045847        16.000000000000000        11.554055361219138     
           1          92   13.397608273841385        16.000000000000000        10.915817272347537     
           1          93   14.845345007041638        16.000000000000000        11.536240116641968     
           1          94   12.145557228073443        16.000000000000000        10.357447320228021     
           1          95   12.145846006050942        16.000000000000000        10.370950949783827     
           1          96   25.174083827647667        16.000000000000000        12.206084995762076     
           1          97   11.063148101875314        16.000000000000000        9.8573879704083449     
           1          98   11.062966721473595        16.000000000000000        9.8688310448831302     
           1          99   12.145846006050942        16.000000000000000        10.357772700785347     
           1         100   11.063148101875314        16.000000000000000        9.8573879704083449     
           1         101   14.846103045045847        16.000000000000000        11.537143582244136     
           1         102   13.398714032176340        16.000000000000000        10.932002715775399     
           1         103   14.846103045045847        16.000000000000000        11.537143582244136     
           1         104   16.519769845654665        16.000000000000000        12.223042725669078     
           1         105   10.123701211979819        16.000000000000000        9.4070260721244043     
           1         106   11.061525238599392        16.000000000000000        9.8555690274649095     
           1         107   12.145685458914677        16.000000000000000        10.535605267407762     
           1         108   10.123701211979819        16.000000000000000        9.4173257809994197     
           1         109   14.845655215794574        16.000000000000000        11.536611805907013     
           1         110   14.845212880867784        16.000000000000000        11.536080960904231     
           1         111   10.123701211979819        16.000000000000000        9.4070260721244043     
           1         112   16.519565674085634        16.000000000000000        12.222767515975876     
           1         113   14.845345007041638        16.000000000000000        11.536240116641968     
           1         114   25.707600531262507        16.000000000000000        15.136985284030791     
           1         115   11.061884023126600        16.000000000000000        9.8676187789551744     
           1         116   13.398853672126741        16.000000000000000        11.117101542013607     
           1         117   53.962363009062472        16.000000000000000        10.254059343865604     
           1         118   38.189082108729885        16.000000000000000        17.381330606871568     
           1         119   63.980304566570688        16.000000000000000        11.271535229797404     
           1         120   14.846103045045847        16.000000000000000        11.537143582244136     
           1         121   13.397772856581410        16.000000000000000        11.115894032888317     
           1         122   14.845256868360886        16.000000000000000        11.536134003507190     
           1         123   14.845212880867784        16.000000000000000        11.536080960904231     
           1         124   12.145557228073443        16.000000000000000        10.357447320228021     
           1         125   13.398020575628836        16.000000000000000        10.931213841394317     
           1         126   16.519534486915006        16.000000000000000        12.241905056394314     
           1         127   49.384072420910421        16.000000000000000        11.723399546459042     
           1         128   13.398714032176340        16.000000000000000        10.917079652100144     
           1         129   11.062243862379923        16.000000000000000        9.8563768894697148     
           1         130   13.397608273841385        16.000000000000000        10.915817272347537     
           1         131   14.845655215794574        16.000000000000000        11.536611805907013     
           1         132   47.759649886632921        16.000000000000000        11.900635851178542     
           1         133   1.3365484340728235        16.000000000000000        83.372897100152542     
           1         134   16.519628227283086        16.000000000000000        12.222852153368358     
           1         135   14.845655215794574        16.000000000000000        11.536611805907013     
           1         136  0.83226712354693544        16.000000000000000        31.697532428660342     
           1         137   11.061525238599392        16.000000000000000        9.8555690274649095     
           1         138   10.124488647378490        16.000000000000000        9.4079123318873528     
           1         139   16.520169609590557        16.000000000000000        12.223573097271748     
           1         140   22.069038694582574        16.000000000000000        19.590051281449163     
           1         141   1.1658186102888990        16.000000000000000        31.599636393093473     
           1         142   2.8229928584612929        16.000000000000000        158.62999767910202     
           1         143   16.519565674085634        16.000000000000000        12.222767515975876     
           1         144   11.061740382977288        16.000000000000000        9.8558112925058428     
           1         145   11.062966721473595        16.000000000000000        9.8571856427690250     
           1         146   12.146653070665014        16.000000000000000        10.536675912556108     
           1         147   11.061884023126600        16.000000000000000        9.8559728470822119     
           1         148   12.145846006050942        16.000000000000000        10.535783559165155     
           1         149   14.846215865989560        16.000000000000000        11.762027157014963     
           1         150   2.2829105532370910        16.000000000000000        76.285461167260166     
           1         151   1.5683178521229533        16.000000000000000        107.02875172590063     
           1         152   13.397608273841385        16.000000000000000        10.915817272347537     
           1         153   11.061525238599392        16.000000000000000        9.8555690274649095     
           1         154   10.123308955461926        16.000000000000000        9.5484620233791535     
           1         155   16.519565674085634        16.000000000000000        12.222767515975876     
           1         156   12.145557228073443        16.000000000000000        10.357447320228021     
           1         157   13.397608273841385        16.000000000000000        10.915817272347537     
           1         158   38.064548369423960        16.000000000000000        16.532992708257122     
           1         159   10.123308955461926        16.000000000000000        9.5484620233791535     
           1         160   16.519769845654665        16.000000000000000        12.223042725669078     
           1         161   41.572255715597557        16.000000000000000        10.509592899303804     
           1         162   41.598244170418937        16.000000000000000        11.378444802203548     
           1         163   12.145685458914677        16.000000000000000        10.357591911207791     
           1         164   11.061740382977288        16.000000000000000        9.8558112925058428     
           1         165   10.124686117786213        16.000000000000000        9.5500017818008249     
           1         166   13.398158636591825        16.000000000000000        10.916448003388783     
           1         167   11.062063810656641        16.000000000000000        9.8561748404262648     
           1         168   13.398853672126741        16.000000000000000        10.917237707715811     
           1         169   16.519849046499388        16.000000000000000        12.223148681846787     
           1         170   22.067133289797745        16.000000000000000        19.619269403960772     
           1         171   14.846103045045847        16.000000000000000        11.761897751014317     
           1         172   10.124488647378490        16.000000000000000        9.5497816437224810     
           1         173   13.397772856581410        16.000000000000000        10.916006395330927     
           1         174   10.122995848213545        16.000000000000000        9.5481104741958021     
           1         175   46.756481242583916        16.000000000000000        15.859398382881531     
           1         176  0.75788610774488563        16.000000000000000        37.491912680876702     
           1         177   16.520169609590557        16.000000000000000        12.476660680279569     
           1         178   12.145557228073443        16.000000000000000        10.357447320228021     
           1         179   14.845345007041638        16.000000000000000        11.536240116641968     
           1         180   45.911023310488467        16.000000000000000        13.168756988058549     
           1         181   41.598826276152693        16.000000000000000        11.377287647532309     
           1         182   21.813076657563315        16.000000000000000        18.276939182060559     
           1         183   11.062243862379923        16.000000000000000        9.8563768894697148     
           1         184   14.846215865989560        16.000000000000000        11.537276671902621     
           1         185   13.397663084770318        16.000000000000000        10.930804193385711     
           1         186   12.145685458914677        16.000000000000000        10.370770258081782     
           1         187   14.845345007041638        16.000000000000000        11.536240116641968     
           1         188   14.845256868360886        16.000000000000000        11.760916292710824     
           1         189   11.061884023126600        16.000000000000000        9.8559728470822119     
           1         190   13.397608273841385        16.000000000000000        10.915817272347537     
           1         191   11.061525238599392        16.000000000000000        9.8555690274649095     
           1         192   13.397663084770318        16.000000000000000        10.930804193385711     
           1         193   12.145685458914677        16.000000000000000        10.370770258081782     
           1         194   12.145846006050942        16.000000000000000        10.535783559165155     
           1         195   28.273797084455495        16.000000000000000        14.752261004724541     
           1         196   10.122995848213545        16.000000000000000        9.4062291898157877     
           1         197   12.146006841029388        16.000000000000000        10.535961910545398     
           1         198   13.397772856581410        16.000000000000000        10.916006395330927     
           1         199   12.145365225917706        16.000000000000000        10.357230501554222     
           1         200   11.061740382977288        16.000000000000000        9.8558112925058428     
           1         201   28.707505803818901        16.000000000000000        11.114532820325932     
           1         202   13.398853672126741        16.000000000000000        10.917237707715811     
           1         203   14.845212880867784        16.000000000000000        11.536080960904231     
           1         204   12.145365225917706        16.000000000000000        10.357230501554222     
           1         205   11.062243862379923        16.000000000000000        9.8563768894697148     
           1         206   16.519691019275694        16.000000000000000        12.222936828548741     
           1         207   14.846215865989560        16.000000000000000        11.537276671902621     
           1         208   11.061740382977288        16.000000000000000        9.8558112925058428     
           1         209   12.145557228073443        16.000000000000000        10.357447320228021     
           1         210   13.397663084770318        16.000000000000000        10.915880304168912     
           1         211   16.519565674085634        16.000000000000000        12.222767515975876     
           1         212   14.845655215794574        16.000000000000000        11.761380747542498     
           1         213   41.599673471505461        16.000000000000000        11.375634738960693     
           1         214   13.398020575628836        16.000000000000000        10.916290234614134     
           1         215   11.061596911322754        16.000000000000000        9.8556497735691551     
           1         216   14.845212880867784        16.000000000000000        11.536080960904231     
           1         217   41.580740151339960        16.000000000000000        10.799217095983613     
           1         218   16.519769845654665        16.000000000000000        12.223042725669078     
           1         219   1.2667022380109008        16.000000000000000        52.045382101252734     
           1         220   16.519769845654665        16.000000000000000        12.223042725669078     
           1         221   2.0694743582566684        16.000000000000000        131.55718022243224     
           1         222   14.845256868360886        16.000000000000000        11.536134003507190     
           1         223   11.061740382977288        16.000000000000000        9.8558112925058428     
           1         224   2.7515033294763946        16.000000000000000        233.79786725943848     
           1         225   16.520250694070832        16.000000000000000        12.476762509404210     
           1         226   7.0146689293409841        16.000000000000000        323.60584641941688     
           1         227   16.520250694070832        16.000000000000000        12.476762509404210     
           1         228   37.333476609702309        16.000000000000000        14.323355084236860     
           1         229   45.632844004288920        16.000000000000000        12.120501072975079     
           1         230   2.0168968156366729        16.000000000000000        194.81636645858632     
           1         231   16.519565674085634        16.000000000000000        12.222767515975876     
           1         232   14.845433364273045        16.000000000000000        11.536346267017247     
           1         233   14.845433364273045        16.000000000000000        11.536346267017247     
           1         234   13.397882828595437        16.000000000000000        10.916132523187093     
           1         235   11.061525238599392        16.000000000000000        9.8555690274649095     
           1         236   10.122917668093777        16.000000000000000        9.4061406912693979     
           1         237   31.178908584577869        16.000000000000000        15.620180024943611     
           1         238   14.846215865989560        16.000000000000000        11.537276671902621     
           1         239   14.845345007041638        16.000000000000000        11.536240116641968     
           1         240   14.845256868360886        16.000000000000000        11.536134003507190     
           1         241   37.175942260719253        16.000000000000000        13.840077170764117     
           1         242   10.123308955461926        16.000000000000000        9.4065832718594393     
           1         243   10.123152324424622        16.000000000000000        9.5482862303973999     
           1         244   11.061525238599392        16.000000000000000        9.8555690274649095     
           1         245   6.4317671674679566        16.000000000000000        366.48167591296095     
           1         246   41.563445119487469        16.000000000000000        10.705559522355344     
           1         247   14.845256868360886        16.000000000000000        11.536134003507190     
           1         248   32.416506168175097        16.000000000000000        11.450392722560171     
           1         249   13.397608273841385        16.000000000000000        10.915817272347537     
           1         250   13.398020575628836        16.000000000000000        10.916290234614134     
           1         251   13.397663084770318        16.000000000000000        10.915880304168912     
           1         252   7.9614694090197151        16.000000000000000        390.20584580194026     
           1         253   16.519849046499388        16.000000000000000        12.223148681846787     
           1         254   12.146653070665014        16.000000000000000        10.358677496453412     
           1         255   12.146006841029388        16.000000000000000        10.357953546872720     
           1         256   11.063148101875314        16.000000000000000        9.8573879704083449     
           1         257   12.145365225917706        16.000000000000000        10.357230501554222     
           1         258   14.845655215794574        16.000000000000000        11.536611805907013     
           1         259   11.062063810656641        16.000000000000000        10.014959719990978     
           1         260   38.420902884108720        16.000000000000000        17.613214459394015     
           1         261   13.397608273841385        16.000000000000000        10.915817272347537     
           1         262   12.145846006050942        16.000000000000000        10.370950949783827     
           1         263   33.000836654276391        16.000000000000000        17.377897415450576     
           1         264   13.397772856581410        16.000000000000000        10.916006395330927     
           1         265   18.090139963977794        16.000000000000000        15.239197176124629     
           1         266   10.122917668093777        16.000000000000000        9.4061406912693979     
           1         267   12.145365225917706        16.000000000000000        10.357230501554222     
           1         268   13.398714032176340        16.000000000000000        10.917079652100144     
           1         269   28.274409258709248        16.000000000000000        14.752799761527127     
           1         270   16.519691019275694        16.000000000000000        12.222936828548741     
           1         271   14.845212880867784        16.000000000000000        11.536080960904231     
           1         272   10.123504962344786        16.000000000000000        9.4171044331593592     
           1         273   12.146815353340864        16.000000000000000        10.358858625190262     
           1         274   23.693717867882718        16.000000000000000        17.270135341473473     
           1         275   13.398020575628836        16.000000000000000        10.916290234614134     
           1         276   11.062243862379923        16.000000000000000        9.8563768894697148     
           1         277   14.845345007041638        16.000000000000000        11.761019435483247     
           1         278   10.122917668093777        16.000000000000000        9.4061406912693979     
           1         279   16.519769845654665        16.000000000000000        12.242222167695202     
           1         280   13.398020575628836        16.000000000000000        10.916290234614134     
           1         281   12.146815353340864        16.000000000000000        10.358858625190262     
           1         282   16.519849046499388        16.000000000000000        12.223148681846787     
           1         283   36.589110018216779        16.000000000000000        15.519733714853558     
           1         284   10.123504962344786        16.000000000000000        9.4068046445292968     
           1         285   14.845433364273045        16.000000000000000        11.536346267017247     
           1         286   14.845544118678909        16.000000000000000        11.536479007361436     
           1         287   14.845345007041638        16.000000000000000        11.536240116641968     
           1         288   13.398853672126741        16.000000000000000        10.917237707715811     
           1         289   16.519628227283086        16.000000000000000        12.222852153368358     
           1         290   14.845544118678909        16.000000000000000        11.536479007361436     
           1         291   10.122995848213545        16.000000000000000        9.4062291898157877     
           1         292   10.123308955461926        16.000000000000000        9.4065832718594393     
           1         293   10.122917668093777        16.000000000000000        9.5480226098859848     
           1         294   12.145685458914677        16.000000000000000        10.357591911207791     
           1         295   14.845345007041638        16.000000000000000        11.536240116641968     
           1         296   14.845655215794574        16.000000000000000        11.536611805907013     
           1         297   16.519849046499388        16.000000000000000        12.223148681846787     
           1         298   13.398714032176340        16.000000000000000        10.917079652100144     
           1         299   11.062966721473595        16.000000000000000        9.8571856427690250     
           1         300   14.846103045045847        16.000000000000000        11.537143582244136     
           1         301   13.398714032176340        16.000000000000000        10.917079652100144     
           1         302   16.519565674085634        16.000000000000000        12.222767515975876     
           1         303   32.415833244485746        16.000000000000000        11.511940676286212     
           1         304   14.846103045045847        16.000000000000000        11.554055361219138     
           1         305   10.122995848213545        16.000000000000000        9.5481104741958021     
           1         306   11.062243862379923        16.000000000000000        9.8563768894697148     
           1         307   10.122995848213545        16.000000000000000        9.4165291858166515     
           1         308   11.061596911322754        16.000000000000000        9.8672958467220973     
           1         309   11.061596911322754        16.000000000000000        9.8556497735691551     
           1         310   14.845345007041638        16.000000000000000        11.536240116641968     
           1         311   12.146653070665014        16.000000000000000        10.358677496453412     
           1         312   11.061525238599392        16.000000000000000        9.8555690274649095     
           1         313   13.397882828595437        16.000000000000000        10.916132523187093     
           1         314   13.397663084770318        16.000000000000000        10.915880304168912     
           1         315   14.845212880867784        16.000000000000000        11.536080960904231     
           1         316   12.145429180803550        16.000000000000000        10.357302765406489     
           1         317   14.846103045045847        16.000000000000000        11.537143582244136     
           1         318   11.063148101875314        16.000000000000000        9.8573879704083449     
           1         319   14.845433364273045        16.000000000000000        11.536346267017247     
           1         320   11.062063810656641        16.000000000000000        9.8561748404262648     
           1         321   36.949886997525333        16.000000000000000        13.126895361900562     
           1         322   14.846103045045847        16.000000000000000        11.537143582244136     
           1         323   29.248905821285156        16.000000000000000        14.529103315454387     
           1         324   16.519628227283086        16.000000000000000        12.242031837142742     
           1         325   12.146815353340864        16.000000000000000        10.372036286977831     
           1         326   16.520250694070832        16.000000000000000        12.223679348843389     
           1         327   14.845345007041638        16.000000000000000        11.536240116641968     
           1         328   10.123504962344786        16.000000000000000        9.4068046445292968     
           1         329   14.845433364273045        16.000000000000000        11.536346267017247     
           1         330   14.845433364273045        16.000000000000000        11.553258770220010     
           1         331   10.122995848213545        16.000000000000000        9.4062291898157877     
           1         332   32.403770886247798        16.000000000000000        10.735967636797271     
           1         333   34.540168574788488        16.000000000000000        16.575348605677121     
           1         334   12.145846006050942        16.000000000000000        10.357772700785347     
           1         335   14.845544118678909        16.000000000000000        11.536479007361436     
           1         336   33.533567904206365        16.000000000000000        13.899516546007408     
           1         337   11.061884023126600        16.000000000000000        9.8559728470822119     
           1         338   37.191914835390250        16.000000000000000        13.920248043401616     
           1         339   14.845655215794574        16.000000000000000        11.536611805907013     
           1         340   10.123152324424622        16.000000000000000        9.5482862303973999     
           1         341   16.520169609590557        16.000000000000000        12.223573097271748     
           1         342   14.845544118678909        16.000000000000000        11.536479007361436     
           1         343   41.590963424935858        16.000000000000000        11.570460596739395     
           1         344   10.123701211979819        16.000000000000000        9.4070260721244043     
           1         345   12.145846006050942        16.000000000000000        10.357772700785347     
           1         346   12.146006841029388        16.000000000000000        10.357953546872720     
           1         347   10.124686117786213        16.000000000000000        9.4081340342065776     
           1         348   10.122917668093777        16.000000000000000        9.4061406912693979     
           1         349   13.397882828595437        16.000000000000000        10.916132523187093     
           1         350   10.123504962344786        16.000000000000000        9.4068046445292968     
           1         351   16.519691019275694        16.000000000000000        12.222936828548741     
           1         352   13.398158636591825        16.000000000000000        10.916448003388783     
           1         353   28.269169286165855        16.000000000000000        14.748170246925165     
           1         354   12.145557228073443        16.000000000000000        10.357447320228021     
           1         355   13.398714032176340        16.000000000000000        10.917079652100144     
           1         356   36.842407908389433        16.000000000000000        12.781747831793727     
           1         357   41.590748259221414        16.000000000000000        11.086444442786553     
           1         358   13.397663084770318        16.000000000000000        10.915880304168912     
           1         359   16.520169609590557        16.000000000000000        12.223573097271748     
           1         360   14.845345007041638        16.000000000000000        11.536240116641968     
           1         361   12.145846006050942        16.000000000000000        10.357772700785347     
           1         362   16.519849046499388        16.000000000000000        12.223148681846787     
           1         363   12.145429180803550        16.000000000000000        10.357302765406489     
           1         364   13.398714032176340        16.000000000000000        10.917079652100144     
           1         365   26.053498667465533        16.000000000000000        17.046905371388426     
           1         366   14.845212880867784        16.000000000000000        11.536080960904231     
           1         367   34.542670540443474        16.000000000000000        16.607932640789244     
           1         368   13.397608273841385        16.000000000000000        10.915817272347537     
           1         369   12.146006841029388        16.000000000000000        10.371131697997678     
           1         370   14.846215865989560        16.000000000000000        11.554188330181731     
           1         371   11.063148101875314        16.000000000000000        9.8573879704083449     
           1         372   40.763920112542991        16.000000000000000        12.089825877908119     
           1         373   16.519849046499388        16.000000000000000        12.223148681846787     
           1         374   14.846103045045847        16.000000000000000        11.537143582244136     
           1         375   10.122995848213545        16.000000000000000        9.4062291898157877     
           1         376   16.519849046499388        16.000000000000000        12.242327989572207     
           1         377   14.845212880867784        16.000000000000000        11.552993705536013     
           1         378   16.520250694070832        16.000000000000000        12.223679348843389     
           1         379   11.063148101875314        16.000000000000000        9.8573879704083449     
           1         380   10.124488647378490        16.000000000000000        9.4182117217584178     
           1         381   16.519769845654665        16.000000000000000        12.242222167695202     
           1         382   13.398853672126741        16.000000000000000        10.932160662776782     
           1         383   16.520169609590557        16.000000000000000        12.476660680279569     
           1         384   16.519565674085634        16.000000000000000        12.475888847294275     
           1         385   19.462740511047379        16.000000000000000        11.295681041954477     
           1         386   37.190669899889777        16.000000000000000        13.886083060959512     
           1         387   13.397772856581410        16.000000000000000        10.916006395330927     
           1         388   13.398714032176340        16.000000000000000        11.116946526347174     
           1         389   25.798487333166307        16.000000000000000        15.635116294291095     
           1         390   14.846215865989560        16.000000000000000        11.537276671902621     
           1         391   10.124488647378490        16.000000000000000        9.4079123318873528     
           1         392   31.767846308423373        16.000000000000000        14.825359496155146     
           1         393   16.520169609590557        16.000000000000000        12.223573097271748     
           1         394   16.519534486915006        16.000000000000000        12.222725211449452     
           1         395   24.829781278525022        16.000000000000000        17.453121470185824     
           1         396   12.146815353340864        16.000000000000000        10.536854562247761     
           1         397   11.061884023126600        16.000000000000000        9.8559728470822119     
           1         398   38.058392957523118        16.000000000000000        16.511195451212824     
           1         399   16.519534486915006        16.000000000000000        12.222725211449452     
           1         400   13.398714032176340        16.000000000000000        10.917079652100144     
           1         401   12.145846006050942        16.000000000000000        10.357772700785347     
           1         402   14.846103045045847        16.000000000000000        11.537143582244136     
           1         403   14.846103045045847        16.000000000000000        11.554055361219138     
           1         404   31.179353358324249        16.000000000000000        15.984689551996937     
           1         405   10.123504962344786        16.000000000000000        9.4068046445292968     
           1         406   12.145557228073443        16.000000000000000        10.357447320228021     
           1         407   13.398853672126741        16.000000000000000        10.932160662776782     
           1         408   28.269654375090724        16.000000000000000        15.073940509699035     
           1         409   13.397882828595437        16.000000000000000        10.916132523187093     
           1         410   16.519849046499388        16.000000000000000        12.242327989572207     
           1         411   12.145685458914677        16.000000000000000        10.370770258081782     
           2           1   11.428155934113686        17.000000000000000        8.8949594765207092     
           2           2   17.233902488255289        17.000000000000000        9.7124807398099513     
           2           3   12.580498703825908        17.000000000000000        9.0526731660410409     
           2           4   15.452941317462798        17.000000000000000        9.4591004604175275     
           2           5   17.234087033317316        17.000000000000000        9.7144459826869607     
           2           6   17.233958994558591        17.000000000000000        9.7130853307137599     
           2           7   12.580179955832351        17.000000000000000        9.0511297235960004     
           2           8   37.638669281349578        17.000000000000000        21.410626553920384     
           2           9   15.453131569439268        17.000000000000000        9.4604722398812946     
           2          10   11.426778926066016        17.000000000000000        8.8890621911598835     
           2          11   17.234158705462796        17.000000000000000        9.7152020935174619     
           2          12   25.233861272740814        17.000000000000000        10.213363248362580     
           2          13   11.427067515013620        17.000000000000000        8.8903031190376520     
           2          14   10.427654677129622        17.000000000000000        8.7486955697764959     
           2          15   11.427429229282497        17.000000000000000        8.8918547329893176     
           2          16   17.234522876713182        17.000000000000000        9.7189847198712247     
           2          17   12.580658521366049        17.000000000000000        9.0534450800892827     
           2          18   11.427429229282497        17.000000000000000        8.8918547329893176     
           2          19   11.428338295970004        17.000000000000000        8.8957359785346313     
           2          20   12.581623672722429        17.000000000000000        9.0580792683497169     
           2          21   10.427654677129622        17.000000000000000        8.7486955697764959     
           2          22   13.913898142649760        17.000000000000000        9.2464177804183567     
           2          23   11.428155934113686        17.000000000000000        8.8949594765207092     
           2          24   17.234015746736034        17.000000000000000        9.7136900097865890     
           2          25   12.580179955832351        16.000000000000000        9.0511297235960004     
           2          26   13.913761111458998        16.000000000000000        9.2456495686766420     
           2          27   7.6208102577010779        16.000000000000000        15.966520989673652     
           2          28   10.427892151772525        16.000000000000000        8.7496300989614380     
           2          29   15.453774023570100        16.000000000000000        9.4650479875032794     
           2          30   46.570810007841615        16.000000000000000        18.208252803029136     
           2          31  0.98420365632882156        16.000000000000000        50.965039257722296     
           2          32   13.913761111458998        16.000000000000000        9.2456495686766420     
           2          33   11.427248236075148        16.000000000000000        8.8910788629158777     
           2          34   10.428249036937546        16.000000000000000        8.7510322273217405     
           2          35   15.453131569439268        16.000000000000000        9.4604722398812946     
           2          36   13.912730298276029        16.000000000000000        9.2398154603165779     
           2          37   17.234158705462796        16.000000000000000        9.7152020935174619     
           2          38   15.453025732998691        16.000000000000000        9.4597100864219108     
           2          39   13.913761111458998        16.000000000000000        9.2456495686766420     
           2          40   15.453237758779629        16.000000000000000        9.4612345278126391     
           2          41   15.453131569439268        16.000000000000000        9.4604722398812946     
           2          42   13.912730298276029        16.000000000000000        9.2398154603165779     
           2          43   10.428249036937546        16.000000000000000        8.7510322273217405     
           2          44   10.427733795516779        16.000000000000000        8.7490070596858587     
           2          45   17.233902488255289        16.000000000000000        12.612972125856325     
           2          46   12.581462067668518        16.000000000000000        9.0573065813866691     
           2          47  0.77481654880892004        16.000000000000000        69.993318278555535     
           2          48   11.426923133755604        16.000000000000000        8.8896826147529318     
           2          49  0.56685974993286725        16.000000000000000        39.005619446117755     
           2          50   27.425398662815230        16.000000000000000        15.441065909677878     
           2          51   17.234522876713182        16.000000000000000        9.7189847198712247     
           2          52   15.453131569439268        16.000000000000000        11.978128243728879     
           2          53   10.427733795516779        16.000000000000000        8.7490070596858587     
           2          54   13.913216245254969        16.000000000000000        9.2425780386924998     
           2          55   13.913898142649760        16.000000000000000        9.2464177804183567     
           2          56   7.6874581143234524        16.000000000000000        14.807488234099345     
           2          57   15.452815116015556        16.000000000000000        9.4581861825826277     
           2          58   12.580818635373310        16.000000000000000        9.0542171227809547     
           2          59   17.234449265138569        16.000000000000000        9.7182279179963409     
           2          60   17.234015746736034        16.000000000000000        9.7136900097865890     
           2          61   1.4098250588686123        16.000000000000000        63.538672234849905     
           2          62   12.581623672722429        16.000000000000000        9.0580792683497169     
           2          63   17.233902488255289        16.000000000000000        9.7124807398099513     
           2          64   15.452941317462798        16.000000000000000        9.4591004604175275     
           2          65   10.427892151772525        16.000000000000000        8.7496300989614380     
           2          66   32.327310064090810        16.000000000000000        11.106923091767833     
           2          67   17.234449265138569        16.000000000000000        9.7182279179963409     
           2          68   17.233874327183145        16.000000000000000        9.7121784774065265     
           2          69   11.426778926066016        16.000000000000000        10.540923601463454     
           2          70   13.913080840137630        16.000000000000000        9.2418104850561473     
           2          71   13.913761111458998        16.000000000000000        9.2456495686766420     
           2          72   15.453025732998691        16.000000000000000        9.4597100864219108     
           2          73   17.234087033317316        16.000000000000000        9.7144459826869607     
           2          74   11.427248236075148        16.000000000000000        8.8910788629158777     
           2          75   13.912676562024938        16.000000000000000        9.2395086121818970     
           2          76   11.427429229282497        16.000000000000000        8.8918547329893176     
           2          77   12.580371062860509        16.000000000000000        9.0520557273787681     
           2          78   15.452941317462798        16.000000000000000        9.4591004604175275     
           2          79   17.233958994558591        16.000000000000000        9.7130853307137599     
           2          80   19.637859930103883        16.000000000000000        15.903654603893949     
           2          81   11.428338295970004        16.000000000000000        8.8957359785346313     
           2          82   11.426778926066016        16.000000000000000        8.8890621911598835     
           2          83   12.580243610968500        16.000000000000000        9.0514383709682154     
           2          84   12.580243610968500        16.000000000000000        9.0514383709682154     
           2          85   35.264743226569607        16.000000000000000        14.373171984892378     
           2          86   11.428155934113686        16.000000000000000        10.546679618697247     
           2          87   11.427248236075148        16.000000000000000        8.8910788629158777     
           2          88   53.427287514719566        16.000000000000000        12.336851529430394     
           2          89   12.580243610968500        16.000000000000000        9.0514383709682154     
           2          90   17.233958994558591        16.000000000000000        9.7130853307137599     
           2          91   15.452941317462798        16.000000000000000        11.976805428745093     
           2          92   11.427067515013620        16.000000000000000        8.8903031190376520     
           2          93   12.580818635373310        16.000000000000000        9.0542171227809547     
           2          94   15.453237758779629        16.000000000000000        9.4612345278126391     
           2          95   10.429444522147435        16.000000000000000        10.193039586638282     
           2          96   37.392411331899226        16.000000000000000        11.041558930237224     
           2          97   10.429444522147435        16.000000000000000        8.7557088923561821     
           2          98   15.452857126976841        16.000000000000000        11.976217651268065     
           2          99   13.913216245254969        16.000000000000000        9.2425780386924998     
           2         100   15.453131569439268        16.000000000000000        9.4604722398812946     
           2         101   10.428050667541017        16.000000000000000        8.7502532175382388     
           2         102   11.427248236075148        16.000000000000000        10.542891942176194     
           2         103   12.580658521366049        16.000000000000000        9.0534450800892827     
           2         104   10.428447656431599        16.000000000000000        8.7518113611183210     
           2         105   15.453774023570100        16.000000000000000        9.4650479875032794     
           2         106   15.452857126976841        16.000000000000000        9.4584909203786367     
           2         107   7.7846475595354550        16.000000000000000        16.014475139230612     
           2         108   13.912945758318097        16.000000000000000        11.427415379680557     
           2         109   13.913898142649760        16.000000000000000        9.2464177804183567     
           2         110   13.913080840137630        16.000000000000000        9.2418104850561473     
           2         111   12.580658521366049        16.000000000000000        9.0534450800892827     
           2         112   11.427248236075148        16.000000000000000        8.8910788629158777     
           2         113   11.428338295970004        16.000000000000000        8.8957359785346313     
           2         114   37.392207611116767        16.000000000000000        11.040850639369785     
           2         115   11.426923133755604        16.000000000000000        10.541529153692244     
           2         116   9.7197065415351087        16.000000000000000        12.742584107681795     
           2         117   26.991257442145560        16.000000000000000        15.368046492566149     
           2         118   30.013223291400564        16.000000000000000        15.709577982383117     
           2         119   32.360666985445199        16.000000000000000        14.943853608704806     
           2         120   15.453131569439268        16.000000000000000        9.4604722398812946     
           2         121   8.2760295341696750        16.000000000000000        14.500145986027805     
           2         122   17.234449265138569        16.000000000000000        9.7182279179963409     
           2         123   13.912730298276029        16.000000000000000        9.2398154603165779     
           2         124   15.452857126976841        16.000000000000000        9.4584909203786367     
           2         125   13.912676562024938        16.000000000000000        11.425928804254225     
           2         126   15.453237758779629        16.000000000000000        11.978863329939715     
           2         127   33.112622122331786        16.000000000000000        15.582754336680695     
           2         128   15.452941317462798        16.000000000000000        9.4591004604175275     
           2         129   11.427067515013620        16.000000000000000        8.8903031190376520     
           2         130   10.428249036937546        16.000000000000000        8.7510322273217405     
           2         131   11.426706887225382        16.000000000000000        8.8887520096124852     
           2         132   32.050541820476489        16.000000000000000        14.245086315165400     
           2         133   1.1921002823810731        16.000000000000000        97.513872390961268     
           2         134   11.427248236075148        16.000000000000000        8.8910788629158777     
           2         135   12.580371062860509        16.000000000000000        9.0520557273787681     
           2         136  0.74974089765758145        16.000000000000000        43.390400458399490     
           2         137   11.427067515013620        16.000000000000000        8.8903031190376520     
           2         138   10.428447656431599        16.000000000000000        8.7518113611183210     
           2         139   13.913761111458998        16.000000000000000        9.2456495686766420     
           2         140   27.651199707345558        16.000000000000000        10.377177115552643     
           2         141   1.2668003681338915        16.000000000000000        73.127250294870919     
           2         142   1.8524159573547936        16.000000000000000        158.30486691145646     
           2         143   13.913216245254969        16.000000000000000        9.2425780386924998     
           2         144   11.428155934113686        16.000000000000000        8.8949594765207092     
           2         145   13.912837925208164        16.000000000000000        9.2404292195625022     
           2         146   8.9322871729416935        16.000000000000000        13.768320942810456     
           2         147   11.426923133755604        16.000000000000000        8.8896826147529318     
           2         148   8.2958496441599365        16.000000000000000        14.715700086957284     
           2         149   6.0392204647275376        16.000000000000000        15.989881239215634     
           2         150   2.7742477618165342        16.000000000000000        145.12340939584740     
           2         151   1.9078818646096258        16.000000000000000        142.54681093464674     
           2         152   10.429444522147435        16.000000000000000        8.7557088923561821     
           2         153   15.453025732998691        16.000000000000000        9.4597100864219108     
           2         154   10.830962179313525        16.000000000000000        13.629095153952656     
           2         155   10.428249036937546        16.000000000000000        8.7510322273217405     
           2         156   15.453666059181467        16.000000000000000        9.4642850259447506     
           2         157   12.580243610968500        16.000000000000000        9.0514383709682154     
           2         158   35.423716622541434        16.000000000000000        11.284175140547868     
           2         159   9.9168698615585047        16.000000000000000        14.810720308542239     
           2         160   13.912676562024938        16.000000000000000        9.2395086121818970     
           2         161   39.004052176418661        16.000000000000000        11.499792994117207     
           2         162   39.000564681745480        16.000000000000000        11.492977853390624     
           2         163   10.428249036937546        16.000000000000000        8.7510322273217405     
           2         164   17.233874327183145        16.000000000000000        9.7121784774065265     
           2         165   10.895081183038108        16.000000000000000        14.305266335942017     
           2         166   10.429244644966928        16.000000000000000        8.7549291376114304     
           2         167   10.427892151772525        16.000000000000000        8.7496300989614380     
           2         168   13.913761111458998        16.000000000000000        9.2456495686766420     
           2         169   15.453774023570100        16.000000000000000        9.4650479875032794     
           2         170   30.441480351627678        16.000000000000000        12.782079293379535     
           2         171   11.591373298588339        16.000000000000000        11.834389802097895     
           2         172   7.7590022470326900        16.000000000000000        15.422833635665919     
           2         173   13.912837925208164        16.000000000000000        9.2404292195625022     
           2         174   11.871602831063344        16.000000000000000        13.892184122387004     
           2         175   53.428188273242839        16.000000000000000        12.340665218171292     
           2         176   1.2443419035756103        16.000000000000000        46.926106009152903     
           2         177   8.2888565854063341        16.000000000000000        14.638628575292694     
           2         178   12.580371062860509        16.000000000000000        9.0520557273787681     
           2         179   17.234158705462796        16.000000000000000        9.7152020935174619     
           2         180   39.000168984417385        16.000000000000000        11.492199483108081     
           2         181   43.133786105695549        16.000000000000000        11.738739598703477     
           2         182   25.232423064573162        16.000000000000000        10.210647666713070     
           2         183   15.453237758779629        16.000000000000000        9.4612345278126391     
           2         184   15.453025732998691        16.000000000000000        9.4597100864219108     
           2         185   17.234449265138569        16.000000000000000        12.618484197107030     
           2         186   15.452941317462798        16.000000000000000        11.976805428745093     
           2         187   11.426778926066016        16.000000000000000        8.8890621911598835     
           2         188   8.3546295349076125        16.000000000000000        15.350382960626106     
           2         189   15.452941317462798        16.000000000000000        9.4591004604175275     
           2         190   12.580179955832351        16.000000000000000        9.0511297235960004     
           2         191   15.453131569439268        16.000000000000000        9.4604722398812946     
           2         192   10.427654677129622        16.000000000000000        10.186173938383533     
           2         193   12.580818635373310        16.000000000000000        10.953913682380502     
           2         194   9.9080497750392400        16.000000000000000        14.705156333549031     
           2         195   53.427287514719566        16.000000000000000        12.336851529430394     
           2         196   13.913080840137630        16.000000000000000        9.2418104850561473     
           2         197   8.2888565854063341        16.000000000000000        14.638628575292694     
           2         198   10.427654677129622        16.000000000000000        8.7486955697764959     
           2         199   15.452941317462798        16.000000000000000        9.4591004604175275     
           2         200   15.453774023570100        16.000000000000000        9.4650479875032794     
           2         201   41.702046902447854        16.000000000000000        11.338599572076870     
           2         202   10.429444522147435        16.000000000000000        8.7557088923561821     
           2         203   13.913898142649760        16.000000000000000        9.2464177804183567     
           2         204   10.428447656431599        16.000000000000000        8.7518113611183210     
           2         205   11.428155934113686        16.000000000000000        8.8949594765207092     
           2         206   11.428338295970004        16.000000000000000        8.8957359785346313     
           2         207   11.428155934113686        16.000000000000000        8.8949594765207092     
           2         208   10.429244644966928        16.000000000000000        8.7549291376114304     
           2         209   12.580658521366049        16.000000000000000        9.0534450800892827     
           2         210   12.580498703825908        16.000000000000000        9.0526731660410409     
           2         211   12.580658521366049        16.000000000000000        9.0534450800892827     
           2         212   8.2727797752142447        16.000000000000000        14.491060164531032     
           2         213   39.004052176418661        16.000000000000000        11.499792994117207     
           2         214   15.453131569439268        16.000000000000000        9.4604722398812946     
           2         215   17.234015746736034        16.000000000000000        9.7136900097865890     
           2         216   13.913761111458998        16.000000000000000        9.2456495686766420     
           2         217   43.132096976342666        16.000000000000000        11.734867735924349     
           2         218   15.452941317462798        16.000000000000000        9.4591004604175275     
           2         219   1.3403052476093655        16.000000000000000        95.694345265738107     
           2         220   12.580818635373310        16.000000000000000        9.0542171227809547     
           2         221   3.0218023889913486        16.000000000000000        202.46572865973775     
           2         222   10.428249036937546        16.000000000000000        8.7510322273217405     
           2         223   10.427733795516779        16.000000000000000        8.7490070596858587     
           2         224   3.9954010656238284        16.000000000000000        294.25507753279084     
           2         225   11.854769922139837        16.000000000000000        13.803983631029057     
           2         226   5.3539694856302225        16.000000000000000        378.04354594537023     
           2         227   11.675005247782074        16.000000000000000        12.785781752697838     
           2         228   53.426493220629666        16.000000000000000        12.333421577131736     
           2         229   53.426493220629666        16.000000000000000        16.004056307059653     
           2         230   3.9342731091363303        16.000000000000000        288.13105599903844     
           2         231   10.427892151772525        16.000000000000000        8.7496300989614380     
           2         232   17.234449265138569        16.000000000000000        9.7182279179963409     
           2         233   15.453025732998691        16.000000000000000        9.4597100864219108     
           2         234   15.453666059181467        16.000000000000000        9.4642850259447506     
           2         235   13.913898142649760        16.000000000000000        9.2464177804183567     
           2         236   15.453025732998691        16.000000000000000        9.4597100864219108     
           2         237   53.426405919026813        16.000000000000000        12.333040609524872     
           2         238   15.452815116015556        16.000000000000000        9.4581861825826277     
           2         239   12.580658521366049        16.000000000000000        9.0534450800892827     
           2         240   11.426778926066016        16.000000000000000        8.8890621911598835     
           2         241   47.907950835051849        16.000000000000000        12.018190704197355     
           2         242   17.233958994558591        16.000000000000000        9.7130853307137599     
           2         243   5.7009242393286952        16.000000000000000        16.028272258113454     
           2         244   11.428155934113686        16.000000000000000        8.8949594765207092     
           2         245   6.8361313651342348        16.000000000000000        478.53473389210041     
           2         246   22.650480575933592        16.000000000000000        15.234566552872858     
           2         247   12.580371062860509        16.000000000000000        9.0520557273787681     
           2         248   33.665470111829457        16.000000000000000        10.785092138467165     
           2         249   10.428249036937546        16.000000000000000        8.7510322273217405     
           2         250   11.426706887225382        16.000000000000000        8.8887520096124852     
           2         251   13.913216245254969        16.000000000000000        9.2425780386924998     
           2         252   6.2337361145258088        16.000000000000000        473.88103552892329     
           2         253   13.913898142649760        16.000000000000000        9.2464177804183567     
           2         254   12.580179955832351        16.000000000000000        9.0511297235960004     
           2         255   12.580658521366049        16.000000000000000        9.0534450800892827     
           2         256   17.233874327183145        16.000000000000000        9.7121784774065265     
           2         257   13.913216245254969        16.000000000000000        9.2425780386924998     
           2         258   15.452941317462798        16.000000000000000        9.4591004604175275     
           2         259   5.9821160650622245        16.000000000000000        15.984736417794480     
           2         260   53.426493220629666        16.000000000000000        12.333421577131736     
           2         261   15.453131569439268        16.000000000000000        9.4604722398812946     
           2         262   12.580243610968500        16.000000000000000        10.951210828794464     
           2         263   14.340467262496951        16.000000000000000        17.333399373294647     
           2         264   17.234449265138569        16.000000000000000        9.7182279179963409     
           2         265  0.41631169008268543        16.000000000000000        18.450829748243503     
           2         266   11.427429229282497        16.000000000000000        8.8918547329893176     
           2         267   15.452857126976841        16.000000000000000        9.4584909203786367     
           2         268   10.428447656431599        16.000000000000000        8.7518113611183210     
           2         269   47.905108381367910        16.000000000000000        12.009925643967122     
           2         270   17.233958994558591        16.000000000000000        9.7130853307137599     
           2         271   13.913761111458998        16.000000000000000        9.2456495686766420     
           2         272   10.428249036937546        16.000000000000000        10.188461368119743     
           2         273   12.580371062860509        16.000000000000000        9.0520557273787681     
           2         274   37.394165033017153        16.000000000000000        11.047583426458543     
           2         275   13.912837925208164        16.000000000000000        9.2404292195625022     
           2         276   11.427248236075148        16.000000000000000        8.8910788629158777     
           2         277   10.772890153235560        16.000000000000000        13.178374131211092     
           2         278   17.234087033317316        16.000000000000000        9.7144459826869607     
           2         279   11.427248236075148        16.000000000000000        10.542891942176194     
           2         280   15.453774023570100        16.000000000000000        9.4650479875032794     
           2         281   17.233958994558591        16.000000000000000        9.7130853307137599     
           2         282   13.912837925208164        16.000000000000000        9.2404292195625022     
           2         283   23.558061006237281        16.000000000000000        14.498374887588398     
           2         284   13.913080840137630        16.000000000000000        9.2418104850561473     
           2         285   13.913898142649760        16.000000000000000        9.2464177804183567     
           2         286   13.912837925208164        16.000000000000000        9.2404292195625022     
           2         287   11.428338295970004        16.000000000000000        8.8957359785346313     
           2         288   13.912730298276029        16.000000000000000        9.2398154603165779     
           2         289   12.580243610968500        16.000000000000000        9.0514383709682154     
           2         290   13.912837925208164        16.000000000000000        9.2404292195625022     
           2         291   10.427733795516779        16.000000000000000        8.7490070596858587     
           2         292   17.233874327183145        16.000000000000000        9.7121784774065265     
           2         293   8.3116115823955745        16.000000000000000        14.889110988202615     
           2         294   13.912945758318097        16.000000000000000        9.2410430628100357     
           2         295   17.234087033317316        16.000000000000000        9.7144459826869607     
           2         296   11.426778926066016        16.000000000000000        8.8890621911598835     
           2         297   10.428050667541017        16.000000000000000        8.7502532175382388     
           2         298   12.580179955832351        16.000000000000000        9.0511297235960004     
           2         299   15.453025732998691        16.000000000000000        9.4597100864219108     
           2         300   17.233958994558591        16.000000000000000        9.7130853307137599     
           2         301   17.234522876713182        16.000000000000000        9.7189847198712247     
           2         302   11.428155934113686        16.000000000000000        8.8949594765207092     
           2         303   30.441017918460194        16.000000000000000        12.781032672699325     
           2         304   11.427429229282497        16.000000000000000        10.543649224071748     
           2         305   10.906573836863245        16.000000000000000        14.444540091560993     
           2         306   11.428155934113686        16.000000000000000        8.8949594765207092     
           2         307   15.453774023570100        16.000000000000000        11.982540789258278     
           2         308   13.912730298276029        16.000000000000000        11.426226077193169     
           2         309   10.427654677129622        16.000000000000000        8.7486955697764959     
           2         310   11.428155934113686        16.000000000000000        8.8949594765207092     
           2         311   17.234087033317316        16.000000000000000        9.7144459826869607     
           2         312   17.233902488255289        16.000000000000000        9.7124807398099513     
           2         313   10.427892151772525        16.000000000000000        8.7496300989614380     
           2         314   12.580818635373310        16.000000000000000        9.0542171227809547     
           2         315   12.580371062860509        16.000000000000000        9.0520557273787681     
           2         316   10.427654677129622        16.000000000000000        8.7486955697764959     
           2         317   10.429444522147435        16.000000000000000        8.7557088923561821     
           2         318   13.913080840137630        16.000000000000000        9.2418104850561473     
           2         319   12.580179955832351        16.000000000000000        9.0511297235960004     
           2         320   15.453131569439268        16.000000000000000        9.4604722398812946     
           2         321   35.425394847811816        16.000000000000000        11.287108619930558     
           2         322   15.453237758779629        16.000000000000000        9.4612345278126391     
           2         323   14.339290629804610        16.000000000000000        15.646505598625142     
           2         324   15.452941317462798        16.000000000000000        11.976805428745093     
           2         325   13.913761111458998        16.000000000000000        11.431878271596887     
           2         326   17.233874327183145        16.000000000000000        9.7121784774065265     
           2         327   11.426706887225382        16.000000000000000        8.8887520096124852     
           2         328   11.426778926066016        16.000000000000000        8.8890621911598835     
           2         329   15.452857126976841        16.000000000000000        9.4584909203786367     
           2         330   13.913080840137630        16.000000000000000        11.428158865054209     
           2         331   17.234449265138569        16.000000000000000        9.7182279179963409     
           2         332   25.233861272740814        16.000000000000000        10.213363248362580     
           2         333   39.000168984417385        16.000000000000000        11.492199483108081     
           2         334   10.429444522147435        16.000000000000000        8.7557088923561821     
           2         335   17.234087033317316        16.000000000000000        9.7144459826869607     
           2         336   30.542898466897604        16.000000000000000        12.238870161592727     
           2         337   10.429244644966928        16.000000000000000        8.7549291376114304     
           2         338   47.906288370777162        16.000000000000000        15.202739838993748     
           2         339   13.913898142649760        16.000000000000000        9.2464177804183567     
           2         340   6.0349895692212172        16.000000000000000        16.518996043554139     
           2         341   15.453666059181467        16.000000000000000        9.4642850259447506     
           2         342   15.452815116015556        16.000000000000000        9.4581861825826277     
           2         343   33.185787995962521        16.000000000000000        13.205972387939047     
           2         344   15.453237758779629        16.000000000000000        9.4612345278126391     
           2         345   10.427654677129622        16.000000000000000        8.7486955697764959     
           2         346   13.913080840137630        16.000000000000000        9.2418104850561473     
           2         347   12.580658521366049        16.000000000000000        9.0534450800892827     
           2         348   17.234015746736034        16.000000000000000        9.7136900097865890     
           2         349   10.427892151772525        16.000000000000000        8.7496300989614380     
           2         350   15.452857126976841        16.000000000000000        9.4584909203786367     
           2         351   10.429444522147435        16.000000000000000        8.7557088923561821     
           2         352   17.234522876713182        16.000000000000000        9.7189847198712247     
           2         353   43.134210913483052        16.000000000000000        11.739707976881935     
           2         354   15.453131569439268        16.000000000000000        9.4604722398812946     
           2         355   13.912730298276029        16.000000000000000        9.2398154603165779     
           2         356   39.004052176418661        16.000000000000000        11.499792994117207     
           2         357   43.130924153564393        16.000000000000000        11.732159000304417     
           2         358   11.427067515013620        16.000000000000000        8.8903031190376520     
           2         359   10.427654677129622        16.000000000000000        8.7486955697764959     
           2         360   15.453774023570100        16.000000000000000        9.4650479875032794     
           2         361   17.234015746736034        16.000000000000000        9.7136900097865890     
           2         362   12.580371062860509        16.000000000000000        9.0520557273787681     
           2         363   13.912730298276029        16.000000000000000        9.2398154603165779     
           2         364   10.427654677129622        16.000000000000000        8.7486955697764959     
           2         365   33.665730543189724        16.000000000000000        13.335675025792836     
           2         366   13.912676562024938        16.000000000000000        9.2395086121818970     
           2         367   43.130924153564393        16.000000000000000        14.504308084517435     
           2         368   15.453774023570100        16.000000000000000        9.4650479875032794     
           2         369   12.581623672722429        16.000000000000000        10.957670422986260     
           2         370   10.428447656431599        16.000000000000000        10.189224093320970     
           2         371   13.913080840137630        16.000000000000000        9.2418104850561473     
           2         372   35.423939948780379        16.000000000000000        11.284566189057593     
           2         373   17.234087033317316        16.000000000000000        9.7144459826869607     
           2         374   15.453025732998691        16.000000000000000        9.4597100864219108     
           2         375   15.452941317462798        16.000000000000000        9.4591004604175275     
           2         376   11.426923133755604        16.000000000000000        10.541529153692244     
           2         377   17.234087033317316        16.000000000000000        12.614856933383866     
           2         378   17.234449265138569        16.000000000000000        9.7182279179963409     
           2         379   17.233902488255289        16.000000000000000        9.7124807398099513     
           2         380   15.452941317462798        16.000000000000000        11.976805428745093     
           2         381   17.234158705462796        16.000000000000000        12.615582108657412     
           2         382   11.427248236075148        16.000000000000000        10.542891942176194     
           2         383   5.7010241795111245        16.000000000000000        16.028785394671431     
           2         384   9.0713111761991065        16.000000000000000        15.052811803634935     
           2         385   17.253546164981913        16.000000000000000        9.0166753020677390     
           2         386   53.426405919026813        16.000000000000000        12.333040609524872     
           2         387   12.580658521366049        16.000000000000000        9.0534450800892827     
           2         388   10.771431794393749        16.000000000000000        13.160492577249562     
           2         389   27.649889772980867        16.000000000000000        10.374472999074923     
           2         390   17.233874327183145        16.000000000000000        9.7121784774065265     
           2         391   10.429444522147435        16.000000000000000        8.7557088923561821     
           2         392   20.006013719668442        16.000000000000000        11.654226251482731     
           2         393   17.234087033317316        16.000000000000000        9.7144459826869607     
           2         394   13.913216245254969        16.000000000000000        9.2425780386924998     
           2         395   21.539644475425195        16.000000000000000        12.362456251318360     
           2         396   8.2708793379410697        16.000000000000000        14.467661331554002     
           2         397   17.234449265138569        16.000000000000000        9.7182279179963409     
           2         398   43.130924153564393        16.000000000000000        11.732159000304417     
           2         399   11.426923133755604        16.000000000000000        8.8896826147529318     
           2         400   10.427892151772525        16.000000000000000        8.7496300989614380     
           2         401   12.581623672722429        16.000000000000000        9.0580792683497169     
           2         402   17.233874327183145        16.000000000000000        9.7121784774065265     
           2         403   11.428338295970004        16.000000000000000        10.547437534436064     
           2         404   17.226177539482499        16.000000000000000        16.308016609755686     
           2         405   17.234015746736034        16.000000000000000        9.7136900097865890     
           2         406   15.452857126976841        16.000000000000000        9.4584909203786367     
           2         407   17.233958994558591        16.000000000000000        12.613551966975528     
           2         408   27.208830729656668        16.000000000000000        15.380891414289279     
           2         409   15.453131569439268        16.000000000000000        9.4604722398812946     
           2         410   15.453666059181467        16.000000000000000        11.981805026676772     
           2         411   11.427067515013620        16.000000000000000        10.542134786856279     
