  economy_id district_id expected_wage_bill budget belief_expected_Wage_bill
           1           1   884.67227346099082        746.02634913427732        569.22566839511103     
           1           2   403.82900632798254        730.00205520171698        343.60144281782141     
           1           3   884.68801702118844        812.13131781794505        569.24144373915965     
           1           4   638.58297585618175        879.73257045303069        459.42365143526371     
           1           5   750.41565558022091        892.08531921217389        510.56158949693963     
           1           6   403.82905557321027        719.57133198657971        343.60203410950368     
           1           7   545.52159878499663        770.51415193997877        415.04881996037744     
           1           8   2551.0456383456935        847.81994000000009        847.23154438370784     
           1           9   403.82914020002249        839.62383399145313        343.60292354314731     
           1          10   403.82895285715023        892.78563188813780        343.60070557547249     
           1          11   403.82895285715023        734.54369391175521        343.60070557547249     
           1          12   1860.6542587055258        750.95830325015083        756.29202878860724     
           1          13   468.13095434729394        843.51970419447957        376.67225253390785     
           1          14   638.58297585618175        824.34636712880501        459.42365143526371     
           1          15   403.82882170274496        905.20474613427723        343.59632581651630     
           1          16   468.13415525392173        722.31364423035450        376.67704094739918     
           1          17   545.50249121744605        763.09433259513492        415.02465688911099     
           1          18   750.42320904706582        784.43033082992019        510.56964163734278     
           1          19   545.50249121744605        857.64608070867075        415.02465688911099     
           1          20   638.55130331603709        858.14572420330421        459.38718883182156     
           1          21   468.13415525392173        745.22438740673249        376.67704094739918     
           1          22   750.38929474333929        736.66703763427734        510.53341979820709     
           1          23   750.42320904706582        814.09646003950354        510.56964163734278     
           1          24   884.64870462562169        829.90240306341491        569.20201260040085     
           1          25   403.82914020002249        832.19614438817291        343.60292354314731     
           1          26   638.57661459638609        686.61110849241607        459.41635409366654     
           1          27   468.13558851545412        742.39850241470356        383.94234498225012     
           1          28   468.13272853335582        707.56589125372864        376.67491189139866     
           1          29   750.40811178835122        794.29629813427755        510.55353898090402     
           1          30   1904.8547110470342        818.09641973827740        654.38876696899013     
           1          31   49.830617497742594        831.96290993549997        2273.1115640199350     
           1          32   638.58935043612689        708.97303045125409        459.43095118694572     
           1          33   468.13630759572169        727.99354100676146        376.68023714786750     
           1          34   545.50249121744605        708.61200586777238        415.02465688911099     
           1          35   884.58353009609027        783.35426596376840        569.13634753656515     
           1          36   545.52159878499663        662.21232041784663        415.04881996037744     
           1          37   468.13558851545412        703.24412809368050        376.67917139886151     
           1          38   638.54500907567410        761.50972104613186        459.37990354343032     
           1          39   750.35184338320630        753.81829965364170        510.49321189821609     
           1          40   638.59957740060418        778.37803636699721        459.44263580215102     
           1          41   403.82911055811167        667.42455816565223        343.60262673246064     
           1          42   545.50249121744605        703.15502213196885        415.02465688911099     
           1          43   468.13272853335582        742.60527513427746        376.67491189139866     
           1          44   638.58935043612689        768.84241279437288        459.43095118694572     
           1          45   545.52854921168671        746.75895744697868        415.74150985284507     
           1          46   750.42320904706582        645.66787458766566        510.56964163734278     
           1          47   23.505515323353109        780.95737460713883        2012.4061379811681     
           1          48   468.13415525392173        724.40778827638599        376.67704094739918     
           1          49   19.825954727684685        897.42869186070800        1718.9976488961804     
           1          50   3307.0835429158801        939.51210713427736        939.54749077248380     
           1          51   403.82900632798254        653.98189103348830        343.60144281782141     
           1          52   638.59445967190550        703.96686683670464        460.25338032874311     
           1          53   403.82895285715023        690.41634456144322        343.60070557547249     
           1          54   750.39869567869448        779.79519280667307        510.54347812032972     
           1          55   884.68276641696468        850.21512775618999        569.23618486323448     
           1          56   403.82890838753087        678.80737888842157        349.72255826794338     
           1          57   545.49870504234241        685.90784485070799        415.01983114885394     
           1          58   884.68801702118844        733.41183112553949        569.24144373915965     
           1          59   750.35184338320630        747.03310732668274        510.49321189821609     
           1          60   638.57661459638609        812.36731536013212        459.41635409366654     
           1          61   36.033377150800277        779.64743786250006        1239.2028698794859     
           1          62   403.82895285715023        726.93088522777862        343.60070557547249     
           1          63   638.57661459638609        730.22546947510250        459.41635409366654     
           1          64   884.68276641696468        793.11584613427749        569.23618486323448     
           1          65   468.12052539464929        788.31316996072519        376.65634219045262     
           1          66   1361.6291103570165        686.34832117505994        644.67629441041026     
           1          67   403.82900632798254        753.24348489750423        343.60144281782141     
           1          68   468.12223771341814        748.06798881068403        376.65898846093057     
           1          69   468.13095434729394        761.88395660213541        377.24403013564171     
           1          70   884.57054743851575        825.35939906754948        569.12322255074673     
           1          71   468.13095434729394        665.91443313427726        376.67225253390785     
           1          72   545.51775379395337        718.08906407965742        415.04398276405584     
           1          73   545.51775379395337        744.35692682139415        415.04398276405584     
           1          74   884.66179152376424        764.99475699637821        569.21515363868559     
           1          75   403.82900632798254        789.21875956510655        343.60144281782141     
           1          76   403.82882170274496        714.59768782959259        343.59632581651630     
           1          77   750.41565558022091        703.13223809192584        510.56158949693963     
           1          78   750.34251879873068        771.06643513427753        510.48316627130345     
           1          79   884.67227346099082        764.19878759381390        569.22566839511103     
           1          80   1504.8628824181294        815.64476544048546        815.88572444355145     
           1          81   750.35184338320630        696.05650501216780        510.49321189821609     
           1          82   638.54500907567410        734.41128037112878        459.37990354343032     
           1          83   403.82882170274496        728.82572765161990        343.59632581651630     
           1          84   884.63563500957844        783.95991864255143        569.18887423701119     
           1          85   1438.8597407710988        753.00845955212401        753.18730037649311     
           1          86   884.64870462562169        678.15190902461188        570.36005433873561     
           1          87   638.54500907567410        707.02572507277375        459.37990354343032     
           1          88   1162.3201952752611        754.17214925185033        578.86235347779029     
           1          89   750.34251879873068        775.81572507601049        510.48316627130345     
           1          90   884.68801702118844        809.76308433265456        569.24144373915965     
           1          91   750.35184338320630        634.22207183756154        511.46636278807648     
           1          92   638.60213944537225        716.37480891784662        459.44555791982827     
           1          93   750.41565558022091        719.80155864692961        510.56158949693963     
           1          94   545.52854921168671        765.15175447177603        415.05753268611772     
           1          95   545.52159878499663        823.26747396179405        415.73278484055402     
           1          96   1198.6853302544646        662.56630913008405        663.24188825808949     
           1          97   468.12052539464929        674.66849719635388        376.65634219045262     
           1          98   468.12223771341814        705.17085622101092        377.23073640437798     
           1          99   545.52159878499663        754.71075341784672        415.04881996037744     
           1         100   468.12052539464929        781.99127403642387        376.65634219045262     
           1         101   750.35184338320630        685.86941870384078        510.49321189821609     
           1         102   638.55130331603709        680.79624594590882        460.20372301162143     
           1         103   750.35184338320630        708.43069755601766        510.49321189821609     
           1         104   884.64870462562169        727.15202768721861        569.20201260040085     
           1         105   403.82890838753087        790.15410177513832        343.59997041355496     
           1         106   468.13630759572169        698.21857413427722        376.68023714786750     
           1         107   545.52545546614795        739.74089801343735        423.66303405137000     
           1         108   403.82890838753087        717.04908735891092        344.07691289880211     
           1         109   750.38929474333929        765.94808997378300        510.53341979820709     
           1         110   750.42698940352818        745.06469713643185        510.57366831666576     
           1         111   403.82890838753087        672.66705654672489        343.59997041355496     
           1         112   884.68276641696468        730.56216471392872        569.23618486323448     
           1         113   750.41565558022091        752.57325513427747        510.56158949693963     
           1         114   1214.1219099813322        748.14114783220805        748.13425399943742     
           1         115   468.13272853335582        795.23876653916818        377.24669542528045     
           1         116   638.54500907567410        656.75228555633362        469.57636281886977     
           1         117   3570.2541789872871        756.34916685448525        748.30768214863338     
           1         118   1883.4567638063672        808.05841714251619        808.32475187853095     
           1         119   4410.6099687097512        858.02244273141605        860.25595586838426     
           1         120   750.35184338320630        791.78420813427749        510.49321189821609     
           1         121   638.59445967190550        696.25576214205114        469.63565841547256     
           1         122   750.42320904706582        696.50793644934720        510.56964163734278     
           1         123   750.42698940352818        749.81535045767828        510.57366831666576     
           1         124   545.52854921168671        820.41058303739237        415.05753268611772     
           1         125   638.58297585618175        823.53825419950169        460.24022489757044     
           1         126   884.68801702118844        668.70988234657671        570.39951675075451     
           1         127   3061.7692923218706        805.58441641784657        816.66550893888405     
           1         128   638.55130331603709        727.11268698078709        459.38718883182156     
           1         129   468.12919041941228        781.55605462731432        376.66959535715154     
           1         130   638.60213944537225        830.64044766562245        459.44555791982827     
           1         131   750.38929474333929        678.45860221286136        510.53341979820709     
           1         132   2836.5224657510712        798.75571332984657        801.36091867805544     
           1         133   79.188119913791880        896.22677312799988        5109.9011211017978     
           1         134   884.67227346099082        765.07901913427736        569.22566839511103     
           1         135   750.38929474333929        836.65971203352353        510.53341979820709     
           1         136   50.547064880180656        802.98995001196931        2084.2321644824879     
           1         137   468.13630759572169        709.42348125254341        376.68023714786750     
           1         138   403.82882088963379        740.19905006127112        343.59705057367717     
           1         139   884.58353009609027        819.74743413840599        569.13634753656515     
           1         140   907.24555324096445        797.29683029911291        764.63787653573763     
           1         141   54.743958193467812        767.54043899999988        1454.5194910936561     
           1         142   196.33367218594123        810.85646454863854        11414.451668231968     
           1         143   884.68276641696468        751.78048538641667        569.23618486323448     
           1         144   468.13415525392173        770.58198407694113        376.67704094739918     
           1         145   468.12223771341814        824.48145708165941        376.65898846093057     
           1         146   545.50249121744605        686.60584100215613        423.63250083205276     
           1         147   468.13272853335582        742.37711021466123        376.67491189139866     
           1         148   545.52159878499663        707.60722141784686        423.65793912506194     
           1         149   750.34251879873068        794.29375543646393        522.55337221699654     
           1         150   124.26964911435901        972.57894055500014        4172.6285414266176     
           1         151   91.645896510838512        740.21102402827728        6417.5287791163091     
           1         152   638.60213944537225        728.34961026271537        459.44555791982827     
           1         153   468.13630759572169        743.43560291536005        376.68023714786750     
           1         154   403.82900632798254        738.75472829203409        349.72437343800971     
           1         155   884.68276641696468        793.40482713427741        569.23618486323448     
           1         156   545.52854921168671        689.51266465377967        415.05753268611772     
           1         157   638.60213944537225        721.46954705388043        459.44555791982827     
           1         158   1879.7576036256476        773.79841998704580        773.63323313372109     
           1         159   403.82900632798254        776.98553579631323        349.72437343800971     
           1         160   884.64870462562169        798.24291748991095        569.20201260040085     
           1         161   2385.8698234763115        671.09948209169431        672.37513309758731     
           1         162   2387.6643692337302        726.95555813427734        727.65888822807619     
           1         163   545.52545546614795        770.31871795293659        415.05365944736337     
           1         164   468.13415525392173        805.48630377175721        376.67704094739918     
           1         165   403.82882170274496        780.11629869771286        349.71805849148876     
           1         166   638.57661459638609        672.96415914353588        459.41635409366654     
           1         167   468.13095434729394        676.31048921081333        376.67225253390785     
           1         168   638.54500907567410        757.91438213693027        459.37990354343032     
           1         169   884.63563500957844        825.94205785070824        569.18887423701119     
           1         170   907.24576496491579        848.36732256432902        766.11799729731081     
           1         171   750.35184338320630        658.69031066092862        522.56378860814812     
           1         172   403.82882088963379        709.46869487790616        349.71895408541229     
           1         173   638.59445967190550        716.93002326736189        459.43679272343235     
           1         174   403.82911055811167        788.02516737629890        349.72583184913498     
           1         175   2614.0084489011356        889.94930532541673        890.19451393383099     
           1         176   58.241825036328322        903.36799156713857        2889.6555094830173     
           1         177   884.58353009609027        704.22059430157833        583.41501241548679     
           1         178   545.52854921168671        760.82360215759832        415.05753268611772     
           1         179   750.41565558022091        757.70394665939386        510.56158949693963     
           1         180   2590.0588989957264        813.28110911937881        813.00533614547192     
           1         181   2387.5594202079860        719.64430067176420        727.55101874200875     
           1         182   899.97323902445271        726.90650826472609        726.97624562931583     
           1         183   468.12919041941228        730.26835513427750        376.66959535715154     
           1         184   750.34251879873068        793.11373798656155        510.48316627130345     
           1         185   638.59957740060418        788.30868267380629        460.25922969346118     
           1         186   545.52545546614795        686.34365745600530        415.73763115332702     
           1         187   750.41565558022091        733.05997993129517        510.56158949693963     
           1         188   750.42320904706582        741.04903790572257        522.64304188339054     
           1         189   468.13272853335582        758.55048754291909        376.67491189139866     
           1         190   638.60213944537225        847.84532313427724        459.44555791982827     
           1         191   468.13630759572169        672.22405063065275        376.68023714786750     
           1         192   638.59957740060418        738.26145233201555        460.25922969346118     
           1         193   545.52545546614795        733.27972979816627        415.73763115332702     
           1         194   545.52159878499663        771.97837431167648        423.65793912506194     
           1         195   1162.3196204013625        802.70386703693578        578.86799085508085     
           1         196   403.82911055811167        719.05643914253437        343.60262673246064     
           1         197   545.51775379395337        704.31075963427725        423.65284662071247     
           1         198   638.59445967190550        780.03750514923934        459.43679272343235     
           1         199   545.53320380200239        736.66003434273523        415.06334529263245     
           1         200   468.13415525392173        815.44356788784296        376.67704094739918     
           1         201   1558.3122269300541        676.93521954827293        680.63089209415330     
           1         202   638.54500907567410        727.74855973078650        459.37990354343032     
           1         203   750.42698940352818        746.88861658646567        510.57366831666576     
           1         204   545.53320380200239        805.42378991784699        415.06334529263245     
           1         205   468.12919041941228        763.97716982479585        376.66959535715154     
           1         206   884.66179152376424        697.26203104083697        569.21515363868559     
           1         207   750.34251879873068        696.50211544004014        510.48316627130345     
           1         208   468.13415525392173        751.85367810060291        376.67704094739918     
           1         209   545.52854921168671        789.86806154433839        415.05753268611772     
           1         210   638.59957740060418        774.19725817859910        459.44263580215102     
           1         211   884.68276641696468        628.71030641784660        569.23618486323448     
           1         212   750.38929474333929        696.19515004031518        522.60548132226188     
           1         213   2387.4102131564168        719.79666948672661        727.39694179402363     
           1         214   638.58297585618175        757.78660325622138        459.42365143526371     
           1         215   468.13558851545412        799.89822791802101        376.67917139886151     
           1         216   750.42698940352818        656.24876464893157        510.57366831666576     
           1         217   2386.4600422827175        691.82897036909696        690.80372149239167     
           1         218   884.64870462562169        725.62392141784687        569.20201260040085     
           1         219   67.228894117700065        936.18785653819998        2787.5884271016171     
           1         220   884.64870462562169        805.35344800590997        569.20201260040085     
           1         221   114.04540838776506        787.26202270199985        7506.8822015624000     
           1         222   750.42320904706582        660.61311681715199        510.56964163734278     
           1         223   468.13415525392173        701.41241731334787        376.67704094739918     
           1         224   142.15066803831522        887.23725109599991        12424.526936430195     
           1         225   884.57054743851575        782.48503241784670        583.40144285415681     
           1         226   480.07668266690001        808.64531408500011        22576.652773321490     
           1         227   884.57054743851575        719.55817378524239        583.40144285415681     
           1         228   1858.7192180201064        710.03066326271085        710.04548300595036     
           1         229   2577.8615509686169        765.94259747877732        766.67771194636157     
           1         230   103.42892704156480        958.77848216499990        10233.051664535349     
           1         231   884.68276641696468        688.92128292867221        569.23618486323448     
           1         232   750.40811178835122        749.99650663427735        510.55353898090402     
           1         233   750.40811178835122        741.49800557901574        510.55353898090402     
           1         234   638.58935043612689        768.00460415999123        459.43095118694572     
           1         235   468.13630759572169        817.67813810403106        376.68023714786750     
           1         236   403.82914020002249        646.78222873122695        343.60292354314731     
           1         237   1361.6758072512766        718.06852036803821        644.69765345880012     
           1         238   750.34251879873068        786.79462531902936        510.48316627130345     
           1         239   750.41565558022091        791.36037213427755        510.56158949693963     
           1         240   750.42320904706582        791.78206166499456        510.56964163734278     
           1         241   1854.3140084842883        696.25144803564774        696.22988489803356     
           1         242   403.82900632798254        696.50324215992975        343.60144281782141     
           1         243   403.82905557321027        749.80916107635437        349.72510194645486     
           1         244   468.13630759572169        820.40402883149000        376.68023714786750     
           1         245   403.49894383190588        977.39782128000024        23425.607048757996     
           1         246   2385.4109146897526        685.78196913427723        682.27941625483186     
           1         247   750.42320904706582        747.92457719521190        510.56964163734278     
           1         248   1860.0525581516988        734.12141852319996        733.36067712743090     
           1         249   638.60213944537225        803.85233329683547        459.44555791982827     
           1         250   638.58297585618175        795.09173351671438        459.42365143526371     
           1         251   638.59957740060418        672.89402355294737        459.44263580215102     
           1         252   510.19269195920327        833.37757769999985        25598.085641137128     
           1         253   884.63563500957844        759.99390513427750        569.18887423701119     
           1         254   545.50249121744605        765.07673669609449        415.02465688911099     
           1         255   545.51775379395337        836.65484941973011        415.04398276405584     
           1         256   468.12052539464929        671.46140667133966        376.65634219045262     
           1         257   545.53320380200239        726.59844719808711        415.06334529263245     
           1         258   750.38929474333929        760.59512693088641        510.53341979820709     
           1         259   468.13095434729394        799.59934814985911        383.93487985413032     
           1         260   1890.1279760354555        807.23648441784667        804.80198623478680     
           1         261   638.60213944537225        710.91639336753246        459.44555791982827     
           1         262   545.52159878499663        679.41502489322897        415.73278484055402     
           1         263   1311.0206085533773        743.47876325427728        743.22546963221896     
           1         264   638.59445967190550        757.69624831856015        459.43679272343235     
           1         265   853.73139306594544        750.43928018784663        755.48530580201270     
           1         266   403.82914020002249        679.19909155147695        343.60292354314731     
           1         267   545.53320380200239        698.80628791784670        415.06334529263245     
           1         268   638.55130331603709        681.74115131283929        459.38718883182156     
           1         269   1162.3196229220407        754.32805384973506        578.86894541733557     
           1         270   884.66179152376424        777.38347041983025        569.21515363868559     
           1         271   750.42698940352818        672.28533332980055        510.57366831666576     
           1         272   403.82895285715023        730.61027034546350        344.07765321794278     
           1         273   545.49870504234241        723.36705121173463        415.01983114885394     
           1         274   1044.3078095551189        749.55228191784681        749.64734451695165     
           1         275   638.58297585618175        783.79501549262716        459.42365143526371     
           1         276   468.12919041941228        673.75541602496503        376.66959535715154     
           1         277   750.41565558022091        711.22816563225149        522.63469205452475     
           1         278   403.82914020002249        739.06589174179339        343.60292354314731     
           1         279   884.64870462562169        718.03053050994845        570.36005433873561     
           1         280   638.58297585618175        757.14742909712288        459.42365143526371     
           1         281   545.49870504234241        624.73428641784665        415.01983114885394     
           1         282   884.63563500957844        695.40123060370070        569.18887423701119     
           1         283   1788.2246094296249        731.19112009204002        731.48660203702923     
           1         284   403.82895285715023        805.48079638352533        343.60070557547249     
           1         285   750.40811178835122        780.10985172155983        510.55353898090402     
           1         286   750.39869567869448        672.95881347570162        510.54347812032972     
           1         287   750.41565558022091        663.05589349223271        510.56158949693963     
           1         288   638.54500907567410        749.52954141784687        459.37990354343032     
           1         289   884.67227346099082        816.82401919646873        569.22566839511103     
           1         290   750.39869567869448        804.13167669739903        510.54347812032972     
           1         291   403.82911055811167        654.34117908095732        343.60262673246064     
           1         292   403.82900632798254        702.48563506874461        343.60144281782141     
           1         293   403.82914020002249        716.92439077562813        349.72619732325717     
           1         294   545.52545546614795        780.63652653769577        415.05365944736337     
           1         295   750.41565558022091        854.01620213427736        510.56158949693963     
           1         296   750.38929474333929        694.75068384362737        510.53341979820709     
           1         297   884.63563500957844        699.50399578540100        569.18887423701119     
           1         298   638.55130331603709        760.81919774314747        459.38718883182156     
           1         299   468.12223771341814        757.69804733263516        376.65898846093057     
           1         300   750.35184338320630        813.27487627021890        510.49321189821609     
           1         301   638.55130331603709        719.61856118718526        459.38718883182156     
           1         302   884.68276641696468        716.43665463427737        569.23618486323448     
           1         303   1860.1680625409392        731.10228893106319        737.13193523432801     
           1         304   750.35184338320630        793.10947892426827        511.46636278807648     
           1         305   403.82911055811167        788.30426734682464        349.72583184913498     
           1         306   468.12919041941228        686.33761747462859        376.66959535715154     
           1         307   403.82911055811167        712.87605725800017        344.07958778438012     
           1         308   468.13558851545412        734.01182458268090        377.25096442451638     
           1         309   468.13558851545412        758.59293813427746        376.67917139886151     
           1         310   750.41565558022091        847.84302320380880        510.56158949693963     
           1         311   545.50249121744605        672.21953417792463        415.02465688911099     
           1         312   468.13630759572169        738.25663949737020        376.68023714786750     
           1         313   638.58935043612689        733.27345608080100        459.43095118694572     
           1         314   638.59957740060418        790.96172553600002        459.44263580215102     
           1         315   750.42698940352818        825.12159464583920        510.57366831666576     
           1         316   545.53165041102466        701.81734113427729        415.06140739069161     
           1         317   750.35184338320630        699.59631004122400        510.49321189821609     
           1         318   468.12052539464929        753.51280842655251        376.65634219045262     
           1         319   750.40811178835122        728.41902543595324        510.55353898090402     
           1         320   468.13095434729394        803.25630031178594        376.67225253390785     
           1         321   1847.8087130300567        675.85348492926505        675.70632657122678     
           1         322   750.35184338320630        722.21346410456931        510.49321189821609     
           1         323   1208.1430389998261        675.61249770141603        548.53710883490828     
           1         324   884.67227346099082        779.51736950932752        570.38372889710229     
           1         325   545.49870504234241        743.23653853080395        415.70375507821274     
           1         326   884.57054743851575        686.23166196084424        569.12322255074673     
           1         327   750.41565558022091        690.98991013596822        510.56158949693963     
           1         328   403.82895285715023        734.19265625927346        343.60070557547249     
           1         329   750.40811178835122        792.34711609363592        510.55353898090402     
           1         330   750.40811178835122        784.24555613427754        511.52674415577320     
           1         331   403.82911055811167        646.74958959569744        343.60262673246064     
           1         332   1859.2031857237744        677.14660163832127        687.92213239909859     
           1         333   1601.5787053821030        725.61235358810211        719.71526025529079     
           1         334   545.52159878499663        751.67497190037705        415.04881996037744     
           1         335   750.39869567869448        806.29358170449404        510.54347812032972     
           1         336   1572.6375774158209        650.98636038080349        650.72601801553174     
           1         337   468.13272853335582        680.21742891784675        376.67491189139866     
           1         338   1854.6454302484174        699.39838329478380        699.33263405085995     
           1         339   750.38929474333929        760.81486892144051        510.53341979820709     
           1         340   403.82905557321027        827.78429565583542        349.72510194645486     
           1         341   884.58353009609027        706.84747922797692        569.13634753656515     
           1         342   750.39869567869448        685.49449104471796        510.54347812032972     
           1         343   2386.8055743765362        734.92243649230011        737.19295567347399     
           1         344   403.82890838753087        717.75450191784682        343.59997041355496     
           1         345   545.52159878499663        790.19739463073472        415.04881996037744     
           1         346   545.51775379395337        698.21087314622503        415.04398276405584     
           1         347   403.82882170274496        720.68573891092569        343.59632581651630     
           1         348   403.82914020002249        716.61224871195748        343.60292354314731     
           1         349   638.58935043612689        764.31161481724644        459.43095118694572     
           1         350   403.82895285715023        777.08329182250270        343.60070557547249     
           1         351   884.66179152376424        691.91508213427733        569.21515363868559     
           1         352   638.57661459638609        773.43102883510130        459.41635409366654     
           1         353   1162.3205183971093        766.16393765691373        578.86087622653895     
           1         354   545.52854921168671        761.01586385913652        415.05753268611772     
           1         355   638.55130331603709        825.38623969257981        459.38718883182156     
           1         356   1844.7029058778603        665.89192418451046        665.76466657349374     
           1         357   2386.8427034224264        718.04352092788099        709.00877321817313     
           1         358   638.59957740060418        786.84289513427757        459.44263580215102     
           1         359   884.58353009609027        791.35791964079965        569.13634753656515     
           1         360   750.41565558022091        791.77781516612231        510.56158949693963     
           1         361   545.52159878499663        696.24730239569851        415.04881996037744     
           1         362   884.63563500957844        696.49775298309942        569.18887423701119     
           1         363   545.53165041102466        749.80348177773351        415.06140739069161     
           1         364   638.55130331603709        798.07751575965813        459.38718883182156     
           1         365   1223.9939145868755        803.66852013427729        803.95059263998303     
           1         366   750.42698940352818        666.66465660470931        510.57366831666576     
           1         367   1601.5194703755249        747.92004641728488        721.25225290223489     
           1         368   638.60213944537225        734.11697261615404        459.44555791982827     
           1         369   545.51775379395337        803.84638487862287        415.72794081863060     
           1         370   750.34251879873068        795.08552846205555        511.45630811451218     
           1         371   468.12052539464929        678.10948560734130        376.65634219045262     
           1         372   2174.9713647422400        708.96130413427738        709.29058958286191     
           1         373   884.63563500957844        786.21450318469010        569.18887423701119     
           1         374   750.35184338320630        766.32506225900261        510.49321189821609     
           1         375   403.82911055811167        846.52142020908673        343.60262673246064     
           1         376   884.63563500957844        647.85564190542209        570.34690555148052     
           1         377   750.42698940352818        719.93019814140860        511.54689158847805     
           1         378   884.57054743851575        739.33164490493198        569.12322255074673     
           1         379   468.12052539464929        792.23810913427747        376.65634219045262     
           1         380   403.82882088963379        807.23431467627756        344.07397243146795     
           1         381   884.64870462562169        710.91209401236893        570.36005433873561     
           1         382   638.54500907567410        679.41099645259226        460.19642986736488     
           1         383   884.58353009609027        761.93501490067638        583.41501241548679     
           1         384   884.68276641696468        757.69005374580297        583.51823510933389     
           1         385   878.91624770261319        678.26021043569335        357.78593117885833     
           1         386   1854.7250001134919        697.60463141784669        697.54462535321795     
           1         387   638.59445967190550        712.04082091238558        459.43679272343235     
           1         388   638.55130331603709        709.09363268294078        469.58395610450088     
           1         389   1216.7127679756813        762.55951905870188        762.43927127234576     
           1         390   750.34251879873068        817.14173503054451        510.48316627130345     
           1         391   403.82882088963379        688.03583619461619        343.59705057367717     
           1         392   1412.6886514005739        651.47492767433619        574.39634075774063     
           1         393   884.58353009609027        744.11598885070828        569.13634753656515     
           1         394   884.68801702118844        767.20977716984078        569.24144373915965     
           1         395   1131.4663307474088        745.30731853648967        744.95733090939302     
           1         396   545.49870504234241        694.74082534033755        423.62742044435925     
           1         397   468.13272853335582        736.11500611742213        376.67491189139866     
           1         398   1879.4524513122951        772.59150392587685        772.91407364071085     
           1         399   884.68801702118844        748.54071173872762        569.24144373915965     
           1         400   638.55130331603709        796.95185413427737        459.38718883182156     
           1         401   545.52159878499663        646.79653764193108        415.04881996037744     
           1         402   750.35184338320630        725.81443668467523        510.49321189821609     
           1         403   750.35184338320630        790.70734813098784        511.46636278807648     
           1         404   1361.6713640244475        813.70977770286549        661.34978458571129     
           1         405   403.82895285715023        792.25881687977187        343.60070557547249     
           1         406   545.52854921168671        676.63775295949995        415.05753268611772     
           1         407   638.54500907567410        686.85644763427729        460.19642986736488     
           1         408   1162.3203479394347        756.00214270847960        592.90218280457191     
           1         409   638.58935043612689        853.46765327191440        459.43095118694572     
           1         410   884.63563500957844        843.89035184696502        570.34690555148052     
           1         411   545.52545546614795        671.68558473223436        415.73763115332702     
           2           1   488.13436404395100        746.02634913427732        277.14489573788433     
           2           2   930.97993991438875        730.00205520171698        338.27809880956357     
           2           3   570.45099398680486        812.13131781794505        288.34886579100129     
           2           4   788.27701685414149        879.73257045303069        318.46371768535766     
           2           5   930.94246709345896        892.08531921217389        338.32818770066370     
           2           6   930.96839703440742        719.57133198657971        338.29350747251186     
           2           7   570.45998749674266        770.51415193997877        288.30715009373404     
           2           8   1660.7139043020547        847.81994000000009        848.25942496261405     
           2           9   788.25818518195172        839.62383399145313        318.49953677888499     
           2          10   488.15123049090130        892.78563188813780        276.98352361930421     
           2          11   930.92808648570929        734.54369391175521        338.34746092459170     
           2          12   1015.6959494713129        750.95830325015083        312.41759071947132     
           2          13   488.14762886132172        843.51970419447957        277.01747811189983     
           2          14   419.75185457851427        824.34636712880501        267.58483986915212     
           2          15   488.14316481909071        905.20474613427723        277.05993515474898     
           2          16   930.85645185497424        722.31364423035450        338.44389610471546     
           2          17   570.44651525301003        763.09433259513492        288.36972965468379     
           2          18   488.14316481909071        784.43033082992019        277.05993515474898     
           2          19   488.13219050028283        857.64608070867075        277.16614558485958     
           2          20   570.41989671724366        858.14572420330421        288.49499722194520     
           2          21   419.75185457851427        745.22438740673249        267.58483986915212     
           2          22   669.35092992227953        736.66703763427734        302.15640287320025     
           2          23   488.13436404395100        814.09646003950354        277.14489573788433     
           2          24   930.95686550755613        829.90240306341491        338.30891907106394     
           2          25   570.45998749674266        832.19614438817291        288.30715009373404     
           2          26   669.35803395997880        686.61110849241607        302.13595070055811     
           2          27   329.61160169459566        742.39850241470356        742.10626195528505     
           2          28   419.75137283475715        707.56589125372864        267.61066451013409     
           2          29   788.19577988321305        794.29629813427755        318.61903617524456     
           2          30   2248.4057166737612        818.09641973827740        709.77677921203713     
           2          31   62.898114975908847        831.96290993549997        3320.0789918477967     
           2          32   669.35803395997880        708.97303045125409        302.13595070055811     
           2          33   488.14539155377156        727.99354100676146        277.03870469795567     
           2          34   419.75067519047832        708.61200586777238        267.64941158090170     
           2          35   788.25818518195172        783.35426596376840        318.49953677888499     
           2          36   669.41247582949700        662.21232041784663        301.98065106703910     
           2          37   930.92808648570929        703.24412809368050        338.34746092459170     
           2          38   788.26864098009958        761.50972104613186        318.47963553513290     
           2          39   669.35803395997880        753.81829965364170        302.13595070055811     
           2          40   788.24774501915567        778.37803636699721        318.51944239438620     
           2          41   788.25818518195172        667.42455816565223        318.49953677888499     
           2          42   669.41247582949700        703.15502213196885        301.98065106703910     
           2          43   419.75067519047832        742.60527513427746        267.64941158090170     
           2          44   419.75169252008118        768.84241279437288        267.59344748403748     
           2          45   930.97993991438875        746.75895744697868        513.48693899338116     
           2          46   570.42430279235998        645.66787458766566        288.47410923429811     
           2          47   43.303834376401724        780.95737460713883        3987.7277124471511     
           2          48   488.14942630526616        724.40778827638599        277.00049962835783     
           2          49   39.839357275734130        897.42869186070800        2747.4612137773283     
           2          50   1536.9450296822445        939.51210713427736        939.52119472795221     
           2          51   930.85645185497424        653.98189103348830        338.44389610471546     
           2          52   788.25818518195172        703.96686683670464        463.34658677138560     
           2          53   419.75169252008118        690.41634456144322        267.59344748403748     
           2          54   669.38658851612138        779.79519280667307        302.05418393266694     
           2          55   669.35092992227953        850.21512775618999        302.15640287320025     
           2          56   328.92988702613962        678.80737888842157        678.76031800099884     
           2          57   788.28959935199453        685.90784485070799        318.43984614841446     
           2          58   570.44204856646763        733.41183112553949        288.39059753208244     
           2          59   930.87074286805887        747.03310732668274        338.42459984669807     
           2          60   930.95686550755613        812.36731536013212        338.30891907106394     
           2          61   86.781744248194940        779.64743786250006        3927.3206257775755     
           2          62   570.41989671724366        726.93088522777862        288.49499722194520     
           2          63   930.97993991438875        730.22546947510250        338.27809880956357     
           2          64   788.27701685414149        793.11584613427749        318.46371768535766     
           2          65   419.75137283475715        788.31316996072519        267.61066451013409     
           2          66   1301.2632449550656        686.34832117505994        339.78469621599504     
           2          67   930.87074286805887        753.24348489750423        338.42459984669807     
           2          68   930.98571560589187        748.06798881068403        338.27039557828067     
           2          69   488.15123049090130        761.88395660213541        357.87379916984997     
           2          70   669.39376161276471        825.35939906754948        302.03375270543296     
           2          71   669.35803395997880        665.91443313427726        302.13595070055811     
           2          72   788.26864098009958        718.08906407965742        318.47963553513290     
           2          73   930.94246709345896        744.35692682139415        338.32818770066370     
           2          74   488.14539155377156        764.99475699637821        277.03870469795567     
           2          75   669.41536314333609        789.21875956510655        301.97248408840647     
           2          76   488.14316481909071        714.59768782959259        277.05993515474898     
           2          77   570.45458563115983        703.13223809192584        288.33217758807046     
           2          78   788.27701685414149        771.06643513427753        318.46371768535766     
           2          79   930.96839703440742        764.19878759381390        338.29350747251186     
           2          80   1055.1751941908087        815.64476544048546        815.10751847103813     
           2          81   488.13219050028283        696.05650501216780        277.16614558485958     
           2          82   488.15123049090130        734.41128037112878        276.98352361930421     
           2          83   570.45818495711023        728.82572765161990        288.31549195074211     
           2          84   570.45818495711023        783.95991864255143        288.31549195074211     
           2          85   1934.2269079962341        753.00845955212401        752.61604728740326     
           2          86   488.13436404395100        678.15190902461188        358.02584640406570     
           2          87   488.14539155377156        707.02572507277375        277.03870469795567     
           2          88   2885.9524495639007        754.17214925185033        429.89299831062925     
           2          89   570.45818495711023        775.81572507601049        288.31549195074211     
           2          90   930.96839703440742        809.76308433265456        338.29350747251186     
           2          91   788.27701685414149        634.22207183756154        463.31440435341898     
           2          92   488.14762886132172        716.37480891784662        277.01747811189983     
           2          93   570.44204856646763        719.80155864692961        288.39059753208244     
           2          94   788.24774501915567        765.15175447177603        318.51944239438620     
           2          95   419.74856745246154        823.26747396179405        334.09462369915894     
           2          96   1907.4412988537438        662.56630913008405        371.85383987422449     
           2          97   419.74856745246154        674.66849719635388        267.77865624661615     
           2          98   788.28540269724510        705.17085622101092        463.30010565148359     
           2          99   669.38658851612138        754.71075341784672        302.05418393266694     
           2         100   788.25818518195172        781.99127403642387        318.49953677888499     
           2         101   419.75105906615829        685.86941870384078        267.62788393223815     
           2         102   488.14539155377156        680.79624594590882        357.92578994344996     
           2         103   570.44651525301003        708.43069755601766        288.36972965468379     
           2         104   419.75030059355498        727.15202768721861        267.67094297714198     
           2         105   788.19577988321305        790.15410177513832        318.61903617524456     
           2         106   788.28540269724510        698.21857413427722        318.44780262933983     
           2         107   334.58251071222185        739.74089801343735        739.94724093294997     
           2         108   669.40094843516772        717.04908735891092        421.53647974781126     
           2         109   669.35092992227953        765.94808997378300        302.15640287320025     
           2         110   669.39376161276471        745.06469713643185        302.03375270543296     
           2         111   570.44651525301003        672.66705654672489        288.36972965468379     
           2         112   488.14539155377156        730.56216471392872        277.03870469795567     
           2         113   488.13219050028283        752.57325513427747        277.16614558485958     
           2         114   1907.4615905825838        748.14114783220805        371.83535878550737     
           2         115   488.14942630526616        795.23876653916818        357.88979352298276     
           2         116   490.72281526289777        656.75228555633362        657.41633466030373     
           2         117   1266.8276349121547        756.34916685448525        756.18346751136619     
           2         118   1514.6279848448958        808.05841714251619        807.34451772540274     
           2         119   1824.4988680180913        858.02244273141605        858.36441105378697     
           2         120   788.25818518195172        791.78420813427749        318.49953677888499     
           2         121   374.61084957062440        696.25576214205114        696.51412758372896     
           2         122   930.87074286805887        696.50793644934720        338.42459984669807     
           2         123   669.41247582949700        749.81535045767828        301.98065106703910     
           2         124   788.28540269724510        820.41058303739237        318.44780262933983     
           2         125   669.41536314333609        823.53825419950169        421.49906047729036     
           2         126   788.24774501915567        668.70988234657671        463.36447208404479     
           2         127   1738.6827467830722        805.58441641784657        805.90615511564647     
           2         128   788.27701685414149        727.11268698078709        318.46371768535766     
           2         129   488.14762886132172        781.55605462731432        277.01747811189983     
           2         130   419.75067519047832        830.64044766562245        267.64941158090170     
           2         131   488.15213510840601        678.45860221286136        276.97503654232293     
           2         132   1978.9476591968098        798.75571332984657        798.56762808380586     
           2         133   66.994414771373684        896.22677312799988        5605.3970222760572     
           2         134   488.14539155377156        765.07901913427736        277.03870469795567     
           2         135   570.45458563115983        836.65971203352353        288.33217758807046     
           2         136   43.196421252591890        802.98995001196931        2601.0042222789816     
           2         137   488.14762886132172        709.42348125254341        277.01747811189983     
           2         138   419.75030059355498        740.19905006127112        267.67094297714198     
           2         139   669.35803395997880        819.74743413840599        302.13595070055811     
           2         140   1181.1947574098890        797.29683029911291        323.40057452148267     
           2         141   59.713599606906492        767.54043899999988        3350.1987291098471     
           2         142   110.04345678099904        810.85646454863854        9759.4285172314394     
           2         143   669.38658851612138        751.78048538641667        302.05418393266694     
           2         144   488.13436404395100        770.58198407694113        277.14489573788433     
           2         145   669.40670775649153        824.48145708165941        301.99698702675630     
           2         146   426.51329457361004        686.60584100215613        686.96840567334425     
           2         147   488.14942630526616        742.37711021466123        277.00049962835783     
           2         148   375.71287626576947        707.60722141784686        707.89198581754249     
           2         149   314.11264077940439        794.29375543646393        794.20607817388168     
           2         150   158.10698574565913        972.57894055500014        8234.7257275327502     
           2         151   117.03996443077445        740.21102402827728        8890.4448614720495     
           2         152   419.74856745246154        728.34961026271537        267.77865624661615     
           2         153   788.26864098009958        743.43560291536005        318.47963553513290     
           2         154   579.33835300883368        738.75472829203409        738.13760774385094     
           2         155   419.75067519047832        793.40482713427741        267.64941158090170     
           2         156   788.20614137697828        689.51266465377967        318.59910864647185     
           2         157   570.45818495711023        721.46954705388043        288.31549195074211     
           2         158   1513.3111467224546        773.79841998704580        351.71557345184618     
           2         159   502.27258290405632        776.98553579631323        777.56978444730657     
           2         160   669.41536314333609        798.24291748991095        301.97248408840647     
           2         161   1768.3478693026125        671.09948209169431        366.38904554296676     
           2         162   1768.4442733563963        726.95555813427734        366.20495249166669     
           2         163   419.75067519047832        770.31871795293659        267.64941158090170     
           2         164   930.98571560589187        805.48630377175721        338.27039557828067     
           2         165   583.16674011694465        780.11629869771286        779.21590705555843     
           2         166   419.74889537158310        672.96415914353588        267.75710608048314     
           2         167   419.75137283475715        676.31048921081333        267.61066451013409     
           2         168   669.35803395997880        757.91438213693027        302.13595070055811     
           2         169   788.19577988321305        825.94205785070824        318.61903617524456     
           2         170   1380.3632637873791        848.36732256432902        451.44707071857840     
           2         171   657.04528740297872        658.69031066092862        659.57453465132107     
           2         172   332.56057088437575        709.46869487790616        709.45561667836921     
           2         173   669.40670775649153        716.93002326736189        301.99698702675630     
           2         174   673.12418243103082        788.02516737629890        788.05693136247555     
           2         175   2885.7746797056548        889.94930532541673        429.99009040108973     
           2         176   106.36422183532191        903.36799156713857        4018.0493220447534     
           2         177   375.34551952945378        704.22059430157833        703.84329410971930     
           2         178   570.45458563115983        760.82360215759832        288.33217758807046     
           2         179   930.92808648570929        757.70394665939386        338.34746092459170     
           2         180   1768.4554077447017        813.28110911937881        366.18392900144039     
           2         181   2075.0641062236086        719.64430067176420        383.76663114278995     
           2         182   1015.6988033074616        726.90650826472609        312.34256804081480     
           2         183   788.24774501915567        730.26835513427750        318.51944239438620     
           2         184   788.26864098009958        793.11373798656155        318.47963553513290     
           2         185   930.87074286805887        788.30868267380629        513.61531528081093     
           2         186   788.27701685414149        686.34365745600530        463.31440435341898     
           2         187   488.15123049090130        733.05997993129517        276.98352361930421     
           2         188   378.74974880584796        741.04903790572257        741.18499214659937     
           2         189   788.27701685414149        758.55048754291909        318.46371768535766     
           2         190   570.45998749674266        847.84532313427724        288.30715009373404     
           2         191   788.25818518195172        672.22405063065275        318.49953677888499     
           2         192   419.75185457851427        738.26145233201555        333.91015891541667     
           2         193   570.44204856646763        733.27972979816627        386.81714323725157     
           2         194   501.73483540409609        771.97837431167648        771.42069921870313     
           2         195   2885.9524495639007        802.70386703693578        429.89299831062925     
           2         196   669.39376161276471        719.05643914253437        302.03375270543296     
           2         197   375.34551952945378        704.31075963427725        703.84329410971930     
           2         198   419.75185457851427        780.03750514923934        267.58483986915212     
           2         199   788.27701685414149        736.66003434273523        318.46371768535766     
           2         200   788.19577988321305        815.44356788784296        318.61903617524456     
           2         201   2252.7202118841756        676.93521954827293        395.04599592099373     
           2         202   419.74856745246154        727.74855973078650        267.77865624661615     
           2         203   669.35092992227953        746.88861658646567        302.15640287320025     
           2         204   419.75030059355498        805.42378991784699        267.67094297714198     
           2         205   488.13436404395100        763.97716982479585        277.14489573788433     
           2         206   488.13219050028283        697.26203104083697        277.16614558485958     
           2         207   488.13436404395100        696.50211544004014        277.14489573788433     
           2         208   419.74889537158310        751.85367810060291        267.75710608048314     
           2         209   570.44651525301003        789.86806154433839        288.36972965468379     
           2         210   570.45099398680486        774.19725817859910        288.34886579100129     
           2         211   570.44651525301003        628.71030641784660        288.36972965468379     
           2         212   374.52729995270374        696.19515004031518        696.11480258768847     
           2         213   1768.3478693026125        719.79666948672661        366.38904554296676     
           2         214   788.25818518195172        757.78660325622138        318.49953677888499     
           2         215   930.95686550755613        799.89822791802101        338.30891907106394     
           2         216   669.35803395997880        656.24876464893157        302.13595070055811     
           2         217   2075.1526276599288        691.82897036909696        383.66364709473186     
           2         218   788.27701685414149        725.62392141784687        318.46371768535766     
           2         219   71.099036274027952        936.18785653819998        5097.5209062914173     
           2         220   570.44204856646763        805.35344800590997        288.39059753208244     
           2         221   183.90754782797208        787.26202270199985        12545.062205735241     
           2         222   419.75067519047832        660.61311681715199        267.64941158090170     
           2         223   419.75169252008118        701.41241731334787        267.59344748403748     
           2         224   229.11395486885323        887.23725109599991        17157.864025710263     
           2         225   672.19799904866409        782.48503241784670        782.62495774005185     
           2         226   333.64700676187465        808.64531408500011        23809.118309282127     
           2         227   662.34769219994348        719.55817378524239        720.06540629178539     
           2         228   2886.1131993914664        710.03066326271085        429.80569448461267     
           2         229   2886.1131993914664        765.94259747877732        651.48493739111143     
           2         230   247.07343091692587        958.77848216499990        18235.112193483776     
           2         231   419.75137283475715        688.92128292867221        267.61066451013409     
           2         232   930.87074286805887        749.99650663427735        338.42459984669807     
           2         233   788.26864098009958        741.49800557901574        318.47963553513290     
           2         234   788.20614137697828        768.00460415999123        318.59910864647185     
           2         235   669.35092992227953        817.67813810403106        302.15640287320025     
           2         236   788.26864098009958        646.78222873122695        318.47963553513290     
           2         237   2886.1311045027815        718.06852036803821        429.79599867140257     
           2         238   788.28959935199453        786.79462531902936        318.43984614841446     
           2         239   570.44651525301003        791.36037213427755        288.36972965468379     
           2         240   488.15123049090130        791.78206166499456        276.98352361930421     
           2         241   2443.4707414154350        696.25144803564774        404.76289416606079     
           2         242   930.96839703440742        696.50324215992975        338.29350747251186     
           2         243   275.55787510644097        749.80916107635437        748.27262025431639     
           2         244   488.13436404395100        820.40402883149000        277.14489573788433     
           2         245   428.00043392379519        977.39782128000024        30235.601742966919     
           2         246   963.48360292434711        685.78196913427723        685.62974014830388     
           2         247   570.45458563115983        747.92457719521190        288.33217758807046     
           2         248   1619.8176212987378        734.12141852319996        352.57511370605800     
           2         249   419.75067519047832        803.85233329683547        267.64941158090170     
           2         250   488.15213510840601        795.09173351671438        276.97503654232293     
           2         251   669.38658851612138        672.89402355294737        302.05418393266694     
           2         252   361.87275799862851        833.37757769999985        27839.188244889519     
           2         253   669.35092992227953        759.99390513427750        302.15640287320025     
           2         254   570.45998749674266        765.07673669609449        288.30715009373404     
           2         255   570.44651525301003        836.65484941973011        288.36972965468379     
           2         256   930.98571560589187        671.46140667133966        338.27039557828067     
           2         257   669.38658851612138        726.59844719808711        302.05418393266694     
           2         258   788.27701685414149        760.59512693088641        318.46371768535766     
           2         259   312.88545301077437        799.59934814985911        799.58073597145733     
           2         260   2886.1131993914664        807.23648441784667        429.80569448461267     
           2         261   788.25818518195172        710.91639336753246        318.49953677888499     
           2         262   570.45818495711023        679.41502489322897        386.74725403450498     
           2         263   652.35224592513305        743.47876325427728        742.50048403673202     
           2         264   930.87074286805887        757.69624831856015        338.42459984669807     
           2         265   21.070201566412209        750.43928018784663        933.82605178786037     
           2         266   488.14316481909071        679.19909155147695        277.05993515474898     
           2         267   788.28540269724510        698.80628791784670        318.44780262933983     
           2         268   419.75030059355498        681.74115131283929        267.67094297714198     
           2         269   2443.7485793962201        754.32805384973506        404.54729004404709     
           2         270   930.96839703440742        777.38347041983025        338.29350747251186     
           2         271   669.35803395997880        672.28533332980055        302.13595070055811     
           2         272   419.75067519047832        730.61027034546350        333.97161317591446     
           2         273   570.45458563115983        723.36705121173463        288.33217758807046     
           2         274   1907.2697971996986        749.55228191784681        372.01106010490275     
           2         275   669.40670775649153        783.79501549262716        301.99698702675630     
           2         276   488.14539155377156        673.75541602496503        277.03870469795567     
           2         277   575.82029861291528        711.22816563225149        710.73133948142038     
           2         278   930.94246709345896        739.06589174179339        338.32818770066370     
           2         279   488.14539155377156        718.03053050994845        357.92578994344996     
           2         280   788.19577988321305        757.14742909712288        318.61903617524456     
           2         281   930.96839703440742        624.73428641784665        338.29350747251186     
           2         282   669.40670775649153        695.40123060370070        301.99698702675630     
           2         283   1093.6307011665181        731.19112009204002        730.57130650875422     
           2         284   669.39376161276471        805.48079638352533        302.03375270543296     
           2         285   669.35092992227953        780.10985172155983        302.15640287320025     
           2         286   669.40670775649153        672.95881347570162        301.99698702675630     
           2         287   488.13219050028283        663.05589349223271        277.16614558485958     
           2         288   669.41247582949700        749.52954141784687        301.98065106703910     
           2         289   570.45818495711023        816.82401919646873        288.31549195074211     
           2         290   669.40670775649153        804.13167669739903        301.99698702675630     
           2         291   419.75169252008118        654.34117908095732        267.59344748403748     
           2         292   930.98571560589187        702.48563506874461        338.27039557828067     
           2         293   376.54087648602695        716.92439077562813        717.00154216014471     
           2         294   669.40094843516772        780.63652653769577        302.01332565774737     
           2         295   930.94246709345896        854.01620213427736        338.32818770066370     
           2         296   488.15123049090130        694.75068384362737        276.98352361930421     
           2         297   419.75105906615829        699.50399578540100        267.62788393223815     
           2         298   570.45998749674266        760.81919774314747        288.30715009373404     
           2         299   788.26864098009958        757.69804733263516        318.47963553513290     
           2         300   930.96839703440742        813.27487627021890        338.29350747251186     
           2         301   930.85645185497424        719.61856118718526        338.44389610471546     
           2         302   488.13436404395100        716.43665463427737        277.14489573788433     
           2         303   1380.3763350063516        731.10228893106319        451.42002620323319     
           2         304   488.14316481909071        793.10947892426827        357.94579341883360     
           2         305   583.98055587074316        788.30426734682464        787.76899988056937     
           2         306   488.13436404395100        686.33761747462859        277.14489573788433     
           2         307   788.19577988321305        712.87605725800017        463.45396512710420     
           2         308   669.41247582949700        734.01182458268090        421.50654298192853     
           2         309   419.75185457851427        758.59293813427746        267.58483986915212     
           2         310   488.13436404395100        847.84302320380880        277.14489573788433     
           2         311   930.94246709345896        672.21953417792463        338.32818770066370     
           2         312   930.97993991438875        738.25663949737020        338.27809880956357     
           2         313   419.75137283475715        733.27345608080100        267.61066451013409     
           2         314   570.44204856646763        790.96172553600002        288.39059753208244     
           2         315   570.45458563115983        825.12159464583920        288.33217758807046     
           2         316   419.75185457851427        701.81734113427729        267.58483986915212     
           2         317   419.74856745246154        699.59631004122400        267.77865624661615     
           2         318   669.39376161276471        753.51280842655251        302.03375270543296     
           2         319   570.45998749674266        728.41902543595324        288.30715009373404     
           2         320   788.25818518195172        803.25630031178594        318.49953677888499     
           2         321   1513.2902411570988        675.85348492926505        351.79579643719723     
           2         322   788.24774501915567        722.21346410456931        318.51944239438620     
           2         323   616.42881789291891        675.61249770141603        637.55585964425313     
           2         324   788.27701685414149        779.51736950932752        463.31440435341898     
           2         325   669.35803395997880        743.23653853080395        421.64883896105613     
           2         326   930.98571560589187        686.23166196084424        338.27039557828067     
           2         327   488.15213510840601        690.98991013596822        276.97503654232293     
           2         328   488.15123049090130        734.19265625927346        276.98352361930421     
           2         329   788.28540269724510        792.34711609363592        318.44780262933983     
           2         330   669.39376161276471        784.24555613427754        421.55519571276812     
           2         331   930.87074286805887        646.74958959569744        338.42459984669807     
           2         332   1015.6959494713129        677.14660163832127        312.41759071947132     
           2         333   1768.4554077447017        725.61235358810211        366.18392900144039     
           2         334   419.74856745246154        751.67497190037705        267.77865624661615     
           2         335   930.94246709345896        806.29358170449404        338.32818770066370     
           2         336   1649.9350206837944        650.98636038080349        651.08966489781585     
           2         337   419.74889537158310        680.21742891784675        267.75710608048314     
           2         338   2443.6318375448459        699.39838329478380        588.09119587831447     
           2         339   669.35092992227953        760.81486892144051        302.15640287320025     
           2         340   315.65555745870859        827.78429565583542        827.63015549781267     
           2         341   788.20614137697828        706.84747922797692        318.59910864647185     
           2         342   788.28959935199453        685.49449104471796        318.43984614841446     
           2         343   1884.8870619519880        734.92243649230011        734.87472069527507     
           2         344   788.24774501915567        717.75450191784682        318.51944239438620     
           2         345   419.75185457851427        790.19739463073472        267.58483986915212     
           2         346   669.39376161276471        698.21087314622503        302.03375270543296     
           2         347   570.44651525301003        720.68573891092569        288.36972965468379     
           2         348   930.95686550755613        716.61224871195748        338.30891907106394     
           2         349   419.75137283475715        764.31161481724644        267.61066451013409     
           2         350   788.28540269724510        777.08329182250270        318.44780262933983     
           2         351   419.74856745246154        691.91508213427733        267.77865624661615     
           2         352   930.85645185497424        773.43102883510130        338.44389610471546     
           2         353   2075.0420831314937        766.16393765691373        383.79239030652485     
           2         354   788.25818518195172        761.01586385913652        318.49953677888499     
           2         355   669.41247582949700        825.38623969257981        301.98065106703910     
           2         356   1768.3478693026125        665.89192418451046        366.38904554296676     
           2         357   2075.2149989342074        718.04352092788099        383.59160824303581     
           2         358   488.14762886132172        786.84289513427757        277.01747811189983     
           2         359   419.75185457851427        791.35791964079965        267.58483986915212     
           2         360   788.19577988321305        791.77781516612231        318.61903617524456     
           2         361   930.95686550755613        696.24730239569851        338.30891907106394     
           2         362   570.45458563115983        696.49775298309942        288.33217758807046     
           2         363   669.41247582949700        749.80348177773351        301.98065106703910     
           2         364   419.75185457851427        798.07751575965813        267.58483986915212     
           2         365   1619.8036639456202        803.66852013427729        491.97371958294650     
           2         366   669.41536314333609        666.66465660470931        301.97248408840647     
           2         367   2075.2149989342074        747.92004641728488        535.11115521858028     
           2         368   788.19577988321305        734.11697261615404        318.61903617524456     
           2         369   570.41989671724366        803.84638487862287        386.91429877745844     
           2         370   419.75030059355498        795.08552846205555        333.99210547803926     
           2         371   669.39376161276471        678.10948560734130        302.03375270543296     
           2         372   1513.3083423349774        708.96130413427738        351.72626733025834     
           2         373   930.94246709345896        786.21450318469010        338.32818770066370     
           2         374   788.26864098009958        766.32506225900261        318.47963553513290     
           2         375   788.27701685414149        846.52142020908673        318.46371768535766     
           2         376   488.14942630526616        647.85564190542209        357.88979352298276     
           2         377   930.94246709345896        719.93019814140860        513.53082692063776     
           2         378   930.87074286805887        739.33164490493198        338.42459984669807     
           2         379   930.97993991438875        792.23810913427747        338.27809880956357     
           2         380   788.27701685414149        807.23431467627756        463.31440435341898     
           2         381   930.92808648570929        710.91209401236893        513.54771526691331     
           2         382   488.14539155377156        679.41099645259226        357.92578994344996     
           2         383   275.56944659611969        761.93501490067638        748.31377364622608     
           2         384   434.20042534198149        757.69005374580297        757.99247070449246     
           2         385   699.56427524103151        678.26021043569335        335.41177973864387     
           2         386   2886.1311045027815        697.60463141784669        429.79599867140257     
           2         387   570.44651525301003        712.04082091238558        288.36972965468379     
           2         388   575.63158764640445        709.09363268294078        709.57659028639364     
           2         389   1181.2110751945265        762.55951905870188        323.32660858783476     
           2         390   930.98571560589187        817.14173503054451        338.27039557828067     
           2         391   419.74856745246154        688.03583619461619        267.77865624661615     
           2         392   954.01073185111295        651.47492767433619        651.10837886453874     
           2         393   930.94246709345896        744.11598885070828        338.32818770066370     
           2         394   669.38658851612138        767.20977716984078        302.05418393266694     
           2         395   1165.7183941192068        745.30731853648967        746.08459835467374     
           2         396   374.34031921375657        694.74082534033755        694.80776829615195     
           2         397   930.87074286805887        736.11500611742213        338.42459984669807     
           2         398   2075.2149989342074        772.59150392587685        383.59160824303581     
           2         399   488.14942630526616        748.54071173872762        277.00049962835783     
           2         400   419.75137283475715        796.95185413427737        267.61066451013409     
           2         401   570.41989671724366        646.79653764193108        288.49499722194520     
           2         402   930.98571560589187        725.81443668467523        338.27039557828067     
           2         403   488.13219050028283        790.70734813098784        358.04586943349227     
           2         404   906.08807919522508        813.70977770286549        813.98546690029877     
           2         405   930.95686550755613        792.25881687977187        338.30891907106394     
           2         406   788.28540269724510        676.63775295949995        318.44780262933983     
           2         407   930.96839703440742        686.85644763427729        513.50043962408006     
           2         408   1295.8202342620930        756.00214270847960        755.98694172689090     
           2         409   788.25818518195172        853.46765327191440        318.49953677888499     
           2         410   788.20614137697828        843.89035184696502        463.43605764237594     
           2         411   488.14762886132172        671.68558473223436        357.90579037157983     
