3.25064700928357 2.99723325607802 3.42917420923248 3.46374991464765 3.71159467238802 3.46266412444356 3.42499534112964 3.13654009499042 2.81413527249962 3.44681591974264 3.43418065592286 3.21444898811388 3.00496572961132 3.00525031355083 3.4762978450226 3.22621006372016 3.18167938023797 3.49504450534103 3.45135354969306 3.42721408896227 3.4873510723766 3.28552698795088 3.26461347496504 3.10004137288152 3.47380612994238 3.45709830352837 3.42966324930602 3.49905851759993 3.42387635123169 3.45097202402838 3.09212660048078 3.42838469511149 2.8696091687492 3.43838742340315 3.34277971425992 3.45137569601681 3.45143365121081 3.43234278548435 3.42874790264582 3.36284241236193 3.43726673311792 3.45135613113395 3.08585345255609 3.19443803130568 3.43478388204292 3.33291631568333 3.18622900168701 3.24041176653932 3.11651492407923 3.11217052561675
-2.2376497361803 -3.21080060646943 -2.18930116735694 -1.441553631496 -2.32656099324995 -2.26187916880698 -2.08767832670175 -2.73887306661455 -2.28971045193793 -2.22057423158745 -2.16713458599777 -2.28746900943799 -3.42522254488314 -3.3761334032576 -2.23435147271893 -2.32758405887373 -3.27729247514191 -2.29530251172477 -2.15764193255583 -2.18099605392271 -2.22873648545405 -2.4135073748075 -3.34122743441091 -2.1698967786947 -2.24289219837437 -2.14946617062932 -2.24307350423702 -2.20691550556783 -2.18143283481652 -2.15309136406313 -2.79404043371583 -2.14157140628979 -2.39572302868707 -2.21198347855096 -2.1255387931799 -2.22513705649647 -2.23852487317115 -2.18339287275153 -2.18455374951499 -3.7007581634889 -2.15129972225643 -2.19470088424536 -2.85282520724312 -2.3306037137528 -2.23274149606833 -3.62189246389892 -2.59430683890604 -2.75539702937684 -2.46168815711618 -2.23841638705959
-0.2559049860871 -0.176624023374465 -0.258605234788582 -0.268474957952768 -0.275273274384827 -0.268460358485296 -0.260673569628045 -0.241220239420115 -0.245240516696258 -0.262974198221201 -0.267571569236959 -0.261901638522051 -0.254291946428336 -0.241552948818669 -0.266548719105627 -0.221566875784303 -0.218412707047193 -0.267543680414181 -0.266697307339422 -0.261116944519905 -0.263544256909357 -0.259226996101631 -0.235734539308812 -0.259517201213054 -0.265143493247835 -0.271529838282674 -0.252879716378339 -0.259143421178984 -0.264524948746181 -0.2617547962271 -0.253713513542789 -0.263460235386964 -0.246542961620234 -0.241729761633743 -0.264644639463 -0.257078865887213 -0.26433768185832 -0.264796369500934 -0.264711002850333 -0.237656616826146 -0.26981778509406 -0.25731049365264 -0.263369924683637 -0.259383186326628 -0.265798005563096 -0.1970574496487 -0.216640085111509 -0.260560181056785 -0.274289564152384 -0.262964290681988
0.595232134126651 0.658580626177938 0.569917957946417 0.573141111526092 0.550216712256562 0.570114123763367 0.576604323860209 0.647164360798277 0.670263263979844 0.573312068472313 0.593902425426707 0.614690701357247 0.617875598280887 0.657752810912905 0.578809615208858 0.615958289696368 0.631328946398323 0.597932141654959 0.565462112697936 0.572450132099036 0.561413513363076 0.799064622381095 0.618090497991814 0.537129731422168 0.59318354257867 0.571207819571865 0.565429001055585 0.789821115434891 0.777310720287127 0.577959352469105 0.601885967267903 0.555364804234268 0.631374895579663 0.563628763791907 0.480589840184392 0.575144796510725 0.573461456617713 0.569496875156832 0.57485738073947 0.612978097579492 0.768657228886378 0.582474996613196 0.720236703990808 0.622961237246168 0.568805868200424 0.647551603449592 0.604867801934674 0.637331308180493 0.575879364533645 0.604316703932291
-0.067015804229536 -0.0628036849730244 -0.0698898383674379 -0.0726672611703072 -0.0709506248834613 -0.0706286879261181 -0.0698824773570348 -0.0640564350767297 -0.055297485863695 -0.0699106386656313 -0.071474383018712 -0.0681148935004974 -0.0513068345726771 -0.0638628275684579 -0.0701030390433141 -0.0641131850115329 -0.0647906540197588 -0.0715280705428142 -0.0698164511896019 -0.0709580516359893 -0.0722895567101645 -0.0648847873587263 -0.0643358908325365 -0.0675625540733937 -0.0691670601524036 -0.0701852265110173 -0.0696697263186701 -0.068111974379257 -0.068006062628321 -0.0702136828903699 -0.0628427702964648 -0.0697548302086948 -0.0530153767574398 -0.0701533150004564 -0.0703439186236386 -0.0705995021279465 -0.0711275888436182 -0.0685576978060027 -0.0697024172351691 -0.0674860428659298 -0.0696041463692963 -0.0696260665963963 -0.067007217024662 -0.0556283454540436 -0.0704898945601447 -0.0824771600394818 -0.066950029400643 -0.0618093742404375 -0.0687228976870379 -0.0674667367746469
-0.276408987796358 -0.47166645143259 -0.36671483817523 -0.250712929610713 -0.38841174910731 -0.375619670569846 -0.379795340696838 -0.2902772552586 -0.365514356313404 -0.368788943365354 -0.372251189451182 -0.368350877941742 -0.254272341375099 -0.302429605187207 -0.376092162636259 -0.308738875113857 -0.339137148350331 -0.357392075101593 -0.332004093984731 -0.363785569677331 -0.367721025308561 -0.369618524560489 -0.27277568889035 -0.364448064148405 -0.375977907647698 -0.373255251523992 -0.3402144171889 -0.360019329268807 -0.380325731077055 -0.38071869857995 -0.28355262642123 -0.345968140095259 -0.355183029911964 -0.378952409140159 -0.344384612573433 -0.371154573236662 -0.376027357180737 -0.361766310095335 -0.360844624475228 -0.309514243638408 -0.377764359721313 -0.375635233428471 -0.333053939707352 -0.362126770968528 -0.356454795457277 -0.295044464734963 -0.349761644571125 -0.300030939939462 -0.383655158802059 -0.366399595628144
0.503433442346226 0.558808782215868 0.516337731826738 0.525896202458414 0.501146134471696 0.524956133729037 0.522797153427442 0.487721079106863 0.49366643010128 0.519626673090801 0.521463718545923 0.501212993009058 0.529960148947685 0.558318359094761 0.518690315139021 0.464072052714888 0.524967623353226 0.525762702358009 0.515937615772147 0.518938538613331 0.526547689310928 0.481694660412016 0.53623510530559 0.535229678241838 0.52385770011864 0.524608559273951 0.525505529065283 0.52854838533974 0.522598408559706 0.515400782669716 0.499631196363599 0.522160342194399 0.516974173257485 0.520917810517532 0.511202543905214 0.518034289991424 0.524291860174173 0.522671765907454 0.522278805331944 0.492482570727106 0.520988688114776 0.515969322984851 0.435394123077477 0.509202228217887 0.534411765777469 0.567476272711087 0.491267074083862 0.513627699147191 0.474532635928162 0.517509372342301
-0.10386689306375 -0.0922243715050024 -0.112935412567326 -0.129246026218888 -0.13068278327654 -0.128260267925246 -0.126123778428933 -0.105923621475592 -0.100891502372845 -0.127184277467399 -0.114097614152232 -0.155138658347628 -0.106791361491676 -0.102309205411545 -0.126320940568664 -0.118662862226504 -0.11679262787134 -0.121300181656503 -0.114311040505955 -0.124071453010458 -0.118171535565145 -0.103465819179706 -0.0988836275558378 -0.122678763094774 -0.125984885725123 -0.126399099185671 -0.12469912603354 -0.122486679492186 -0.125402632212212 -0.127726938301529 -0.120454411911476 -0.119858882516528 -0.131515366538966 -0.112762145462519 -0.12653094752236 -0.125394611530996 -0.126799965803658 -0.124178292464403 -0.125461754955805 -0.0693939377718805 -0.124721596561386 -0.123859522714197 -0.0740743645706936 -0.123563904341855 -0.125809276280459 -0.102116392176579 -0.117022544611033 -0.122455629441201 -0.135836543503729 -0.108560741352033
2.34856475816159 3.5173479912329 2.19233772120192 2.12152713080626 2.1537315049575 2.13615295325119 2.16101171700264 2.29808685801129 2.46917512741738 2.22201125456675 2.12998287286394 2.25521466146231 2.70712726523539 2.13754604154252 2.16974273389661 2.23048568755643 2.25303802398942 2.08120705298617 2.11873009571509 2.14503974109477 2.10412994209055 2.34630096485357 2.5838057753117 2.97450344225184 2.19724501057981 2.08661531238691 2.23665128938821 2.19026899929066 2.17717009568742 2.1665162210767 2.59954071502543 2.15819093897387 2.15643849083322 2.22240368912174 2.11786181480704 2.15547321286273 2.12160437916409 2.13404090752682 2.12713176924328 2.19173775245714 2.17101275346271 2.18365184638383 2.57953688020211 2.30232804583111 2.16374580742639 2.13205356313066 2.43758477934387 2.27533773400951 2.42104889289375 2.30204204057367
5.82910146952347 4.44287490717446 5.76567378308878 5.70597193889025 6.26901663740399 5.75165040792264 5.68258595705972 5.14788906554089 6.4425962900375 5.65146100805009 5.60443568812734 6.63795955318889 6.84099294212523 6.26392734821274 5.9503177164047 6.87958210146697 6.58286001712841 5.54852041078639 5.56704894210755 5.71152521123479 5.37946310092893 5.39524269022713 6.40580134673953 6.16646233744677 5.36005981511901 5.87901060043869 5.4962494577207 6.04757538283909 5.75536000363917 7.54097897882262 6.16894674238525 5.48127002721575 8.28621103201757 5.6659098547257 5.9537741356427 5.66132475373903 5.8310329317053 5.8300303736133 5.66557678028951 7.14925875470065 5.97501734766279 7.58494571624316 7.20693619382591 8.24208620130286 5.92137233979993 6.57125619238917 6.87482342793735 6.40462718733321 7.15944058989101 6.20911778447369
1.4471629845482 1.46917535065836 0.898108342816405 0.955786848542647 0.933251832536893 0.827478962112171 0.873761960050703 1.05135542674168 0.946386481491501 1.15152659387003 0.855757270493156 0.94836671791526 1.30937259613653 0.962938356181055 0.882813104992385 0.942263903745324 0.963120885040657 1.16689387357605 0.857396734934943 1.15026061689484 0.835478417854128 0.932862009636328 0.909955796573619 0.917442463028426 0.818867353149081 0.849514232245261 0.848317154396508 0.926209237735993 0.788926852035122 0.807660540677595 1.15794391466933 0.826176303271472 0.837766975482967 0.838161608094956 0.873616775980507 0.871618265833369 0.862006903666239 0.894255492532057 0.790573866989308 1.20920373253798 0.799074258910673 0.888196667639294 0.921400765598445 0.899817137583991 0.878446687343701 0.982690564427847 0.716627944402768 0.81753470526743 1.03577864303631 0.946367538666357
7.83886686095998 9.04389568059283 6.79571834437077 7.71985423386205 7.30562899940047 7.0737854767151 10.0740716773892 8.41061304415475 7.79126187017123 7.02235128579399 10.0612158554562 8.34835706355654 8.84654271137688 7.80369351955957 7.61931793703801 7.9266573315105 8.54093289222915 7.53799997802092 7.39232315903012 7.86189064740317 7.43453951702356 7.58297732293834 8.40163127410906 7.14212361034609 10.1973646518675 7.65126241203093 6.90392761148909 7.21919621064341 7.32095707846892 7.28470456701345 8.81591999200833 7.35608539917422 7.88321684875543 9.9065245921102 8.28447981119349 7.33914797641027 7.22522892981286 9.9822966551355 7.15123377121438 12.0314715763129 7.20921876011889 7.66664722128468 8.69563234256694 7.22361646968072 7.43549944470702 9.06699742971976 10.9458838771706 8.39720426096345 7.87145621653846 10.5913991266448
-0.632407243549318 -0.588210893380854 -0.673779506089895 -0.672036617529744 -0.653344055639918 -0.64590033642459 -0.669596742680384 -0.672534121649303 -0.666830869800001 -0.673252286452368 -0.653031351717317 -0.61025666397096 -0.667388755796122 -0.604768235436208 -0.67702268588594 -0.595756623630096 -0.6309854131703 -0.689494885636717 -0.674137906538993 -0.684212125493633 -0.679415804438804 -0.649392587118894 -0.62105600556088 -0.65625778563796 -0.67310405369939 -0.682814736157395 -0.66858653182523 -0.645448112838435 -0.670665491858264 -0.663259349974753 -0.582885490016635 -0.670136308454968 -0.674311184276703 -0.662920218028442 -0.675664045277538 -0.681336834527016 -0.650690652592746 -0.679873782603082 -0.681695950391363 -0.608228556895455 -0.670766228736849 -0.67750397761544 -0.650765138773515 -0.653726409680136 -0.669960002027372 -0.605005776293014 -0.58004301766215 -0.556435917687076 -0.650035112498094 -0.531722575378921
-5.10163010374147 -5.38299677974165 -3.93902467768171 -5.3203952959934 -4.1375262010927 -4.11767691207033 -3.97313305003486 -6.18999061033428 -4.48240628843015 -4.01079445994921 -4.04456361632717 -5.64474763872956 -5.05747862827524 -5.18309545374267 -4.01279000481363 -5.40685381041668 -5.38707652720515 -4.17143078203337 -3.96038725189529 -4.07748089780831 -4.23292583392781 -5.0672169546445 -6.67863122377797 -3.80400032898814 -4.13203633013962 -4.12675022953138 -4.00854683655489 -5.54240042859097 -4.02902768153249 -4.00573621188226 -5.17590504719534 -4.11413009955093 -4.71459545547196 -3.94517776081747 -4.60602250570047 -4.04071494760868 -4.08587086176607 -3.9938597040935 -4.03833054189401 -6.20172008202035 -3.95723818209848 -4.04319806603034 -5.84624385749753 -5.10018298103622 -3.98812709962106 -6.02456513415536 -5.59121803806801 -6.75383845254147 -4.45003874233337 -5.31216913373269
-5.7013915160642 -5.6979441750074 -5.6913277758295 -5.84406556948184 -5.80294664006614 -5.57028044009695 -5.83228772741843 -5.95795035833653 -5.82906026793514 -5.80763383368773 -5.6282916420933 -5.78398588836166 -5.61094858671894 -6.03933219411293 -5.65383941175992 -6.07381755434433 -5.95847239216397 -5.54226794767683 -5.70013631844395 -5.59970188878458 -5.66960776511689 -5.97290219521425 -5.91148903828134 -5.60218027193485 -5.62219701721507 -5.62001737154098 -5.65208980386841 -5.58975182176413 -5.66053477842818 -5.65093088421038 -6.05079139458166 -5.56881796423097 -5.59723966123773 -5.66138888704187 -5.69167561606681 -5.66535385033635 -5.64532407592343 -5.71393819075811 -5.62572152571992 -6.29244739444963 -5.6988378459273 -5.62772857755522 -6.40506145756843 -5.65828937002106 -5.71157443579666 -6.84684834706601 -6.03360325955535 -5.98499170008031 -5.83465618152149 -5.76766723612829
-5.99492926834195 -5.92525097056712 -6.00772313501941 -6.02653851050519 -6.10669006225556 -5.98230532135353 -6.01924840686787 -6.14458114993008 -6.05573187944244 -5.99594520170641 -6.02673521995715 -6.27869031166384 -6.07542208336602 -5.98937063020833 -6.04631179707919 -6.34639519317974 -5.95287060469427 -5.84889043724406 -6.01522780803824 -6.00476599159713 -5.91009670608621 -6.31485665479045 -6.17941196761359 -5.9817408244935 -5.929491240882 -6.02207430944032 -6.04482117193131 -5.97296679734041 -5.97266019635166 -6.04383379939205 -6.58696867694389 -6.02622631880925 -5.80561311370764 -6.0507367074494 -5.97616531087192 -5.97676593330588 -5.95467638707697 -5.98903386124155 -6.02454554070523 -6.62028579198088 -6.01412153971579 -6.02625550209328 -6.8355747626001 -6.07696626898036 -6.02497281745016 -7.27574417286723 -6.34028303329427 -6.23989144358535 -5.93832335583406 -6.07077829528941
-7.2179279753918 -7.10321564709315 -7.16631366605056 -7.2226542131353 -7.38315627136037 -7.10613877169371 -7.19312683634838 -7.06131662741571 -7.28785991311406 -7.09356582163799 -7.13532618328044 -7.08342418950517 -7.06250037241229 -7.25121341938643 -7.15852012615663 -7.58442958553108 -6.71791328310943 -7.07531091117885 -7.1643494225267 -7.10228414068777 -7.06150333158916 -7.25151291610057 -8.50538699164802 -7.0752264639103 -7.12009258193978 -6.99532261472586 -6.99012371569663 -7.06242354617883 -7.12223005032194 -7.15324418897285 -7.24127134593803 -7.1098858437093 -7.12045946814016 -7.14432055023946 -6.95431422281704 -7.1237146520069 -7.12195047265075 -7.16331058970055 -7.12559499970679 -7.57580473993363 -7.16575557809628 -7.12755908744915 -7.44274163448885 -6.96085148655914 -7.09270268433253 -7.68297342728025 -7.5731810080699 -7.10477955646476 -7.43425811315444 -7.26924855800182
1.12192352907065 1.08628942637264 1.13130990906647 0.969998584514112 0.961806615992624 0.889617751797742 0.909164563126311 1.05860015841266 0.935738927989689 0.899956881921397 0.892828050932271 0.913425001648565 1.07018258505351 0.890703591166202 0.915669970206096 0.859612789922029 0.986285056859203 0.818160974084244 0.892718480258553 0.855464318365574 0.839161875181724 0.890770536891357 0.823088065249295 0.946572146417611 0.865170748491515 0.873539133826433 0.886419993269046 0.943618569104804 0.831703982793835 0.914414968728053 0.942908764853708 0.851992398239315 0.896348265073441 0.89001242778881 0.880792144290532 0.907010277285938 0.900177381226513 0.867588358458536 1.14897827664936 0.956691278858231 0.91827865350425 0.817638164476599 1.20072461760585 0.923459917349894 0.911281978841632 1.07121181219549 1.02814563127575 1.10262347352724 1.09622644507828 0.923198727612242
33.0750634968017 37.4122415095476 29.0224785899682 32.6026956274489 31.0681481461466 30.9208994915156 28.9236535993551 33.5971906036604 34.0656599611669 29.9625618723222 28.8703270917255 34.6106375109168 48.7130457960566 34.655299115413 28.6651867468614 26.9510386651949 48.1301219563386 29.7405671877123 41.1908914076343 29.9163951261248 31.228462247346 32.831379429055 37.3650598287359 30.410759287574 29.4350782113788 42.2649826732859 30.2163216906331 30.7304597804157 31.068056199042 30.9176792072919 46.717737006925 30.8980001637798 32.6006943262591 28.2286610140372 32.7259201724898 31.1822981232013 31.0972528611689 28.5429668218 31.1281183667302 32.6935261197192 30.6045608023903 28.861510673148 34.9635877034639 31.2552645761361 41.3699885155132 54.0536913640978 31.8418396215471 30.7869421006047 29.1688638953075 30.8307734379728
17.0894554949989 13.7436690068157 12.1527461956001 12.9899759631458 12.6355806564994 11.6565532851919 12.2262970428406 12.7941415168877 12.1435595300542 11.8546628693418 11.4715185850144 12.630837221997 13.8658620013125 12.9799193069824 15.6460130574536 13.5124806493424 13.8940019344945 11.9239154204467 12.0014561204077 10.956879817369 11.7806596169972 13.8183388394095 13.9764692515576 12.4132952951425 12.1972449648885 11.8152345896435 11.1032400375677 10.9592952295391 11.1530575783784 10.7823682763176 14.1924369858889 11.0460252166672 11.5618542670301 11.9644606037038 17.1998271736178 12.196844946592 11.579188351724 12.4724413728195 11.4635514320572 13.5123936712422 10.6644018261719 12.4061372071099 12.3519356542127 12.8765199482684 11.6053135479292 14.585484846777 16.9043721817185 13.5527849124493 14.3892809166912 12.8455858732043
0.268155930560952 0.26445905356183 0.25 0.256818181919781 0.25 0.25 0.25 0.25 0.25 0.25 0.25 0.25 0.263908563135427 0.25 0.25 0.25 0.25 0.25 0.25 0.25 0.25 0.25 0.25 0.25 0.25 0.25 0.25 0.256818181919781 0.25 0.25 0.25 0.25 0.25 0.25 0.25 0.25 0.25 0.25 0.25 0.25 0.25 0.25 0.272339166474734 0.25 0.25 0.25 0.25 0.25 0.25 0.25
-0.0757828058195139 -0.0943786625770992 -0.1 -0.0972727272320878 -0.1 -0.1 -0.1 -0.1 -0.1 -0.1 -0.1 -0.1 -0.0945871669154256 -0.1 -0.1 -0.1 -0.1 -0.1 -0.1 -0.1 -0.1 -0.1 -0.1 -0.1 -0.1 -0.1 -0.1 -0.0972727272320878 -0.1 -0.1 -0.1 -0.1 -0.1 -0.1 -0.1 -0.1 -0.1 -0.1 -0.1 -0.1 -0.1 -0.1 -0.0654311484767886 -0.1 -0.1 -0.1 -0.1 -0.1 -0.1 -0.1
