3.3858205923685 2.99723325607802 3.45255494282565 3.46374991464765 3.40409607977101 3.48627319837112 3.42499534112964 3.13654009499042 2.81413527249962 3.47031693772744 3.45759552438033 3.21444898811388 3.00496572961132 3.00525031355083 3.4762978450226 3.22621006372016 3.18167938023797 3.51887435459617 3.47488550606435 3.42721408896227 3.4873510723766 3.28552698795088 3.26461347496504 3.10004137288152 3.47380612994238 3.45709830352837 3.42966324930602 3.49905851759993 3.44722096306522 3.45097202402838 3.09212660048078 3.45176004565375 2.8696091687492 3.4618309743666 3.34277971425992 3.45137569601681 3.45143365121081 3.45574512300683 3.42874790264582 3.36284241236193 3.46070264301113 3.45135613113395 3.08585345255609 3.19443803130568 3.45820286340582 3.33291631568333 3.18622900168701 3.24041176653932 3.11651492407923 3.11217052561675
-4.04966428442043 -3.21080060646943 -2.12959295281203 -1.441553631496 -3.27916106062425 -2.20019155419303 -2.08767832670175 -2.73887306661455 -2.28971045193793 -2.16001311527809 -2.10803091458985 -2.28746900943799 -3.42522254488314 -3.3761334032576 -2.23435147271893 -2.32758405887373 -3.27729247514191 -2.2327033513813 -2.09879715170018 -2.18099605392271 -2.22873648545405 -2.4135073748075 -3.34122743441091 -2.1698967786947 -2.24289219837437 -2.14946617062932 -2.24307350423702 -2.20691550556783 -2.12193921116227 -2.15309136406313 -2.79404043371583 -2.08316491252066 -2.39572302868707 -2.15165665550972 -2.1255387931799 -2.22513705649647 -2.23852487317115 -2.12384579351644 -2.18455374951499 -3.7007581634889 -2.09262791077516 -2.19470088424536 -2.85282520724312 -2.3306037137528 -2.17184854526818 -3.62189246389892 -2.59430683890604 -2.75539702937684 -2.46168815711618 -2.23841638705959
-0.221785755905071 -0.176624023374465 -0.251552364643797 -0.268474957952768 -0.263179107261348 -0.261138712235687 -0.208538854925568 -0.241220239420115 -0.245240516696258 -0.255802174526479 -0.260274162694484 -0.261901638522051 -0.254291946428336 -0.241552948818669 -0.266548719105627 -0.221566875784303 -0.218412707047193 -0.260247034475975 -0.259423744303599 -0.261116944519905 -0.263544256909357 -0.259226996101631 -0.235734539308812 -0.259517201213054 -0.265143493247835 -0.271529838282674 -0.252879716378339 -0.259143421178984 -0.257310631854692 -0.2617547962271 -0.253713513542789 -0.256274956132978 -0.246542961620234 -0.235137131672767 -0.264644639463 -0.205663091943616 -0.26433768185832 -0.257574650225115 -0.264711002850333 -0.237656616826146 -0.262459118118206 -0.25731049365264 -0.263369924683637 -0.259383186326628 -0.25854896893972 -0.1970574496487 -0.216640085111509 -0.260560181056785 -0.274289564152384 -0.262964290681988
0.658217628551833 0.658580626177938 0.585461175212932 0.573141111526092 0.766080286104454 0.585662691006788 0.576604323860209 0.647164360798277 0.670263263979844 0.588947852390913 0.61009976454334 0.614690701357247 0.617875598280887 0.657752810912905 0.578809615208858 0.615958289696368 0.631328946398323 0.614239382124908 0.580883806910409 0.572450132099036 0.561413513363076 0.799064622381095 0.618090497991814 0.537129731422168 0.59318354257867 0.571207819571865 0.565429001055585 0.789821115434891 0.798510103883581 0.577959352469105 0.601885967267903 0.570511117302718 0.631374895579663 0.579000457578925 0.480589840184392 0.575144796510725 0.573461456617713 0.585028608347095 0.57485738073947 0.612978097579492 0.789620608168385 0.582474996613196 0.720236703990808 0.622961237246168 0.584318755746142 0.647551603449592 0.604867801934674 0.637331308180493 0.575879364533645 0.604316703932291
-0.0614767187395804 -0.0628036849730244 -0.067983751838105 -0.0726672611703072 -0.0372969697450426 -0.0687024509539752 -0.0698824773570348 -0.0640564350767297 -0.055297485863695 -0.0680039848554298 -0.0695250816346095 -0.0681148935004974 -0.0513068345726771 -0.0638628275684579 -0.0701030390433141 -0.0641131850115329 -0.0647906540197588 -0.0695773049534871 -0.0679123661287852 -0.0709580516359893 -0.0722895567101645 -0.0648847873587263 -0.0643358908325365 -0.0675625540733937 -0.0691670601524036 -0.0701852265110173 -0.0696697263186701 -0.068111974379257 -0.0661513518017294 -0.0702136828903699 -0.0628427702964648 -0.0678524257201095 -0.0530153767574398 -0.0682400427446612 -0.0703439186236386 -0.0705995021279465 -0.0711275888436182 -0.0666879423834321 -0.0697024172351691 -0.0674860428659298 -0.0677058514400286 -0.0696260665963963 -0.067007217024662 -0.0556283454540436 -0.0685674428616757 -0.0824771600394818 -0.066950029400643 -0.0618093742404375 -0.0687228976870379 -0.0674667367746469
-0.238670109319867 -0.47166645143259 -0.356713524257783 -0.250712929610713 -0.38900567077173 -0.365375497583473 -0.379795340696838 -0.2902772552586 -0.365514356313404 -0.35873106294188 -0.362098884133051 -0.368350877941742 -0.203417872342288 -0.302429605187207 -0.376092162636259 -0.308738875113857 -0.339137148350331 -0.347645018362671 -0.322949436741131 -0.363785569677331 -0.367721025308561 -0.369618524560489 -0.27277568889035 -0.364448064148405 -0.375977907647698 -0.373255251523992 -0.3402144171889 -0.360019329268807 -0.369953210984027 -0.38071869857995 -0.28355262642123 -0.336532645224788 -0.355183029911964 -0.368617343282332 -0.344384612573433 -0.371154573236662 -0.376027357180737 -0.351899956036625 -0.360844624475228 -0.309514243638408 -0.367461695211756 -0.375635233428471 -0.333053939707352 -0.362126770968528 -0.346733300890854 -0.295044464734963 -0.349761644571125 -0.300030939939462 -0.383655158802059 -0.366399595628144
0.512965633653816 0.558808782215868 0.523378701002021 0.525896202458414 0.451398985786119 0.532114626568375 0.522797153427442 0.487721079106863 0.49366643010128 0.526712491465809 0.528574587541147 0.501212993009058 0.529960148947685 0.558318359094761 0.518690315139021 0.464072052714888 0.524967623353226 0.532932193860634 0.522973128819332 0.518938538613331 0.526547689310928 0.481694660412016 0.53623510530559 0.535229678241838 0.52385770011864 0.524608559273951 0.525505529065283 0.52854838533974 0.529724750600801 0.515400782669716 0.499631196363599 0.529280710603151 0.516974173257485 0.528021235312256 0.511202543905214 0.518034289991424 0.524291860174173 0.529799108276033 0.522278805331944 0.492482570727106 0.528093079422205 0.515969322984851 0.435394123077477 0.509202228217887 0.541699199055752 0.567476272711087 0.491267074083862 0.513627699147191 0.474532635928162 0.517509372342301
-0.0860238105814877 -0.0922243715050024 -0.109855355815048 -0.129246026218888 -0.0725474232509827 -0.12476226056607 -0.100899022367268 -0.105923621475592 -0.100891502372845 -0.123715615302965 -0.110985860992621 -0.155138658347628 -0.106791361491676 -0.102309205411545 -0.126320940568664 -0.118662862226504 -0.11679262787134 -0.117991994834757 -0.111193466627519 -0.124071453010458 -0.118171535565145 -0.103465819179706 -0.0988836275558378 -0.122678763094774 -0.125984885725123 -0.126399099185671 -0.12469912603354 -0.122486679492186 -0.121982560373643 -0.127726938301529 -0.120454411911476 -0.116590003853731 -0.131515366538966 -0.109686814176806 -0.12653094752236 -0.100315688851092 -0.126799965803658 -0.120791611710363 -0.125461754955805 -0.0693939377718805 -0.121320098422662 -0.123859522714197 -0.0740743645706936 -0.123563904341855 -0.122378114148954 -0.102116392176579 -0.117022544611033 -0.122455629441201 -0.135836543503729 -0.108560741352033
2.51349815815545 3.5173479912329 2.25212875085293 2.12152713080626 1.44316941100554 2.19441167102616 2.16101171700264 2.29808685801129 2.46917512741738 2.2826115624125 2.18807331571676 2.25521466146231 2.70712726523539 2.13754604154252 2.16974273389661 2.23048568755643 2.25303802398942 2.13796724618613 2.17651364464109 2.14503974109477 2.10412994209055 2.34630096485357 2.5838057753117 2.97450344225184 2.19724501057981 2.08661531238691 2.23665128938821 2.19026899929066 2.23654746281823 2.1665162210767 2.59954071502543 2.21705069273205 2.15643849083322 2.28301469972824 2.11786181480704 2.15547321286273 2.12160437916409 2.1922420240539 2.12713176924328 2.19173775245714 2.23022219307581 2.18365184638383 2.57953688020211 2.30232804583111 2.22275705759917 2.13205356313066 2.43758477934387 2.27533773400951 2.42104889289375 2.30204204057367
6.40061476267858 4.44287490717446 5.92291943406162 5.70597193889025 9.15914163128302 5.90851360320343 5.68258595705972 5.14788906554089 6.4425962900375 5.80559176511182 5.75728393644479 6.63795955318889 6.84099294212523 6.26392734821274 5.9503177164047 6.87958210146697 6.58286001712841 5.69984369697183 5.71887755188199 5.71152521123479 5.37946310092893 5.39524269022713 6.40580134673953 6.16646233744677 5.36005981511901 5.87901060043869 5.4962494577207 6.04757538283909 5.91232436971373 7.54097897882262 6.16894674238525 5.63075921200373 8.28621103201757 5.82043467124809 5.9537741356427 5.66132475373903 5.8310329317053 5.98903120435387 5.66557678028951 7.14925875470065 6.13797236866363 7.58494571624316 7.20693619382591 8.24208620130286 6.08286431510998 6.57125619238917 6.87482342793735 6.40462718733321 7.15944058989101 6.20911778447369
1.61060686126744 1.46917535065836 0.922602207076384 0.955786848542647 1.07084217767759 0.850046570506058 0.873761960050703 1.05135542674168 0.946386481491501 1.18293186507992 0.879096105490745 0.94836671791526 1.30937259613653 0.962938356181055 0.882813104992385 0.942263903745324 0.963120885040657 1.19871825242053 0.880780282599794 1.15026061689484 0.835478417854128 0.932862009636328 0.909955796573619 0.917442463028426 0.818867353149081 0.849514232245261 0.848317154396508 0.926209237735993 0.810443039229423 0.807660540677595 1.15794391466933 0.848708384605539 0.837766975482967 0.861020561383625 0.873616775980507 0.871618265833369 0.862006903666239 0.918644279055444 0.790573866989308 1.20920373253798 0.820867193569341 0.888196667639294 0.921400765598445 0.899817137583991 0.902404324628253 0.982690564427847 0.716627944402768 0.81753470526743 1.03577864303631 0.946367538666357
8.88425533260983 9.04389568059283 6.98105612016082 7.71985423386205 8.44852883392543 7.26670690168208 10.0740716773892 8.41061304415475 7.79126187017123 7.21386996007859 10.3356126556029 8.34835706355654 8.84654271137688 7.80369351955957 7.61931793703801 7.9266573315105 8.54093289222915 7.74358179866672 7.59393197546243 7.86189064740317 7.43453951702356 7.58297732293834 8.40163127410906 7.14212361034609 10.1973646518675 7.65126241203093 6.90392761148909 7.21919621064341 7.52061954722055 7.28470456701345 8.81591999200833 7.55670591305027 7.88321684875543 10.1767025395574 8.28447981119349 7.33914797641027 7.22522892981286 10.2545411134232 7.15123377121438 12.0314715763129 7.40583382014283 7.66664722128468 8.69563234256694 7.22361646968072 7.63828579622079 9.06699742971976 10.9458838771706 8.39720426096345 7.87145621653846 10.5913991266448
-0.584248879502245 -0.588210893380854 -0.655403701104532 -0.672036617529744 -0.67657994532767 -0.628284872441429 -0.669596742680384 -0.672534121649303 -0.666830869800001 -0.654890860184606 -0.635221405496001 -0.61025666397096 -0.533911002647924 -0.604768235436208 -0.67702268588594 -0.595756623630096 -0.6309854131703 -0.6706904793846 -0.655752326995782 -0.684212125493633 -0.679415804438804 -0.649392587118894 -0.62105600556088 -0.65625778563796 -0.67310405369939 -0.682814736157395 -0.66858653182523 -0.645448112838435 -0.652374614535029 -0.663259349974753 -0.582885490016635 -0.651859863406582 -0.674311184276703 -0.644840575449167 -0.675664045277538 -0.681336834527016 -0.650690652592746 -0.661331770073972 -0.681695950391363 -0.608228556895455 -0.652472604044156 -0.67750397761544 -0.650765138773515 -0.653726409680136 -0.651688365336175 -0.605005776293014 -0.58004301766215 -0.556435917687076 -0.650035112498094 -0.531722575378921
-5.53183441336065 -5.38299677974165 -5.51463457223281 -5.3203952959934 -6.12652188383591 -5.76474770144172 -3.97313305003486 -6.18999061033428 -4.48240628843015 -5.61511226783509 -5.66238908696551 -5.64474763872956 -5.05747862827524 -5.18309545374267 -4.01279000481363 -5.40685381041668 -5.38707652720515 -5.84000311971038 -5.54454217625915 -4.07748089780831 -4.23292583392781 -5.0672169546445 -6.67863122377797 -3.80400032898814 -4.13203633013962 -4.12675022953138 -4.00854683655489 -5.54240042859097 -5.64063877816036 -4.00573621188226 -5.17590504719534 -5.75978216389343 -4.71459545547196 -5.52324888865955 -4.60602250570047 -4.04071494760868 -4.08587086176607 -5.59140360953615 -4.03833054189401 -6.20172008202035 -5.54013347852485 -4.04319806603034 -5.84624385749753 -5.10018298103622 -5.58337796324057 -6.02456513415536 -5.59121803806801 -6.75383845254147 -4.45003874233337 -5.31216913373269
-6.29053860147716 -5.6979441750074 -5.6137187595481 -5.84406556948184 -7.11482867091232 -5.4943220693274 -5.83228772741843 -5.95795035833653 -5.82906026793514 -5.72843882568462 -5.55154220946656 -5.78398588836166 -5.61094858671894 -6.03933219411293 -5.65383941175992 -6.07381755434433 -5.95847239216397 -5.46669156544598 -5.62240718567056 -5.59970188878458 -5.66960776511689 -5.97290219521425 -5.91148903828134 -5.60218027193485 -5.62219701721507 -5.62001737154098 -5.65208980386841 -5.58975182176413 -5.58334566666305 -5.65093088421038 -6.05079139458166 -5.49287953631444 -5.59723966123773 -5.58418812834091 -5.69167561606681 -5.66535385033635 -5.64532407592343 -5.63602085063218 -5.62572152571992 -6.29244739444963 -5.62112641959758 -5.62772857755522 -6.40506145756843 -5.65828937002106 -5.63368932869341 -6.84684834706601 -6.03360325955535 -5.98499170008031 -5.83465618152149 -5.76766723612829
-6.11729217946598 -5.92525097056712 -5.92579963650293 -6.02653851050519 -7.07430771278095 -5.90072842939222 -6.01924840686787 -6.14458114993008 -6.05573187944244 -5.91418231137387 -5.94455246573311 -6.27869031166384 -6.07542208336602 -5.98937063020833 -6.04631179707919 -6.34639519317974 -5.95287060469427 -5.76913283918407 -5.93320197307 -6.00476599159713 -5.91009670608621 -6.31485665479045 -6.17941196761359 -5.9817408244935 -5.929491240882 -6.02207430944032 -6.04482117193131 -5.97296679734041 -5.89121482882414 -6.04383379939205 -6.58696867694389 -5.94405050414643 -5.80561311370764 -5.96822666020924 -5.97616531087192 -5.97676593330588 -5.95467638707697 -5.90736521646221 -6.02454554070523 -6.62028579198088 -5.93211079022488 -6.02625550209328 -6.8355747626001 -6.07696626898036 -5.94281409598795 -7.27574417286723 -6.34028303329427 -6.23989144358535 -5.93832335583406 -6.07077829528941
-7.03663462891348 -7.10321564709315 -7.06859120551188 -7.2226542131353 -7.66861308006542 -7.00923687790848 -7.19312683634838 -7.06131662741571 -7.28785991311406 -6.99683537717426 -7.03802627933127 -7.08342418950517 -7.06250037241229 -7.25121341938643 -7.15852012615663 -7.58442958553108 -6.71791328310943 -6.978829397316 -7.06665374712737 -7.10228414068777 -7.06150333158916 -7.25151291610057 -8.50538699164802 -7.0752264639103 -7.12009258193978 -6.99532261472586 -6.99012371569663 -7.06242354617883 -7.0251087300067 -7.15324418897285 -7.24127134593803 -7.01293285348672 -7.12045946814016 -7.04689799582993 -6.95431422281704 -7.1237146520069 -7.12195047265075 -7.06562908020361 -7.12559499970679 -7.57580473993363 -7.06804072784799 -7.12755908744915 -7.44274163448885 -6.96085148655914 -6.99598400992314 -7.68297342728025 -7.5731810080699 -7.10477955646476 -7.43425811315444 -7.26924855800182
1.33655546206877 1.08628942637264 1.16216381613713 0.969998584514112 1.28755936610509 0.913880054481035 1.09099747846109 1.05860015841266 0.935738927989689 0.924501160884992 0.917177907229629 0.913425001648565 1.28421910525361 0.890703591166202 0.915669970206096 0.859612789922029 0.986285056859203 0.840474455528128 0.917065348264764 0.855464318365574 0.839161875181724 0.890770536891357 0.823088065249295 0.946572146417611 0.865170748491515 0.873539133826433 0.886419993269046 0.943618569104804 0.854386819026214 0.914414968728053 0.942908764853708 0.875228554901178 0.896348265073441 0.914285494362929 0.880792144290532 0.907010277285938 0.900177381226513 0.891249859496353 1.14897827664936 0.956691278858231 0.943322617154823 0.98116579980867 1.20072461760585 0.923459917349894 0.936135124089472 1.07121181219549 1.02814563127575 1.10262347352724 1.09622644507828 0.923198727612242
37.6456600767567 37.4122415095476 29.8140007451256 32.6026956274489 35.6283146952424 31.7641967629412 28.9236535993551 33.5971906036604 34.0656599611669 30.779722662835 29.6576996605053 34.6106375109168 48.7130457960566 34.655299115413 28.6651867468614 26.9510386651949 48.1301219563386 30.5516735776454 42.3142793718551 29.9163951261248 31.228462247346 32.831379429055 37.3650598287359 30.410759287574 29.4350782113788 42.2649826732859 30.2163216906331 30.7304597804157 31.9153668352781 30.9176792072919 46.717737006925 31.740672908076 32.6006943262591 28.9985335986193 32.7259201724898 31.1822981232013 31.0972528611689 29.3214113830852 31.1281183667302 32.6935261197192 31.4392306548931 28.861510673148 34.9635877034639 31.2552645761361 42.4982609463853 54.0536913640978 31.8418396215471 30.7869421006047 29.1688638953075 30.8307734379728
19.2784727417755 13.7436690068157 12.4841847331462 12.9899759631458 14.5441223523837 11.9744592886161 12.2262970428406 12.7941415168877 12.1435595300542 12.1779718615052 11.7843781874495 12.630837221997 13.8658620013125 12.9799193069824 15.6460130574536 13.5124806493424 13.8940019344945 12.2491131185774 12.3287685649325 10.956879817369 11.7806596169972 13.8183388394095 13.9764692515576 12.4132952951425 12.1972449648885 11.8152345896435 11.1032400375677 10.9592952295391 11.4572318805031 10.7823682763176 14.1924369858889 11.3472804543381 11.5618542670301 12.2907640795762 17.1998271736178 12.196844946592 11.579188351724 12.8125988698742 11.4635514320572 13.5123936712422 10.9552491530378 12.4061372071099 12.3519356542127 12.8765199482684 11.9218221039527 14.585484846777 16.9043721817185 13.5527849124493 14.3892809166912 12.8455858732043
0.350608446543693 0.26445905356183 0.256818181919781 0.256818181919781 0.246073676405699 0.256818181919781 0.25 0.25 0.25 0.256818181919781 0.256818181919781 0.25 0.263908563135427 0.25 0.25 0.25 0.25 0.256818181919781 0.256818181919781 0.25 0.25 0.25 0.25 0.25 0.25 0.25 0.25 0.256818181919781 0.256818181919781 0.25 0.25 0.256818181919781 0.25 0.256818181919781 0.25 0.25 0.25 0.256818181919781 0.25 0.25 0.256818181919781 0.25 0.272339166474734 0.25 0.256818181919781 0.25 0.25 0.25 0.25 0.25
-0.0624781543855527 -0.0943786625770992 -0.0972727272320878 -0.0972727272320878 -0.111812755107438 -0.0972727272320878 -0.1 -0.1 -0.1 -0.0972727272320878 -0.0972727272320878 -0.1 -0.0945871669154256 -0.1 -0.1 -0.1 -0.1 -0.0972727272320878 -0.0972727272320878 -0.1 -0.1 -0.1 -0.1 -0.1 -0.1 -0.1 -0.1 -0.0972727272320878 -0.0972727272320878 -0.1 -0.1 -0.0972727272320878 -0.1 -0.0972727272320878 -0.1 -0.1 -0.1 -0.0972727272320878 -0.1 -0.1 -0.0972727272320878 -0.1 -0.0654311484767886 -0.1 -0.0972727272320878 -0.1 -0.1 -0.1 -0.1 -0.1
