34.3612278360507 34.5046167414664 34.2810513358549 34.5301730575731 34.5782038667564 34.3313335515073 34.5126520612821 34.1968029478505 33.9415782128909 34.6903497145801 34.6490328259421 34.4324152427036 33.9022460309174 34.8575998553418 34.2970935722729 34.5979464993853 34.5642310775625 34.4501074867589 34.438529503858 34.1484635473561 34.5781304717349 34.5958767937734 35.5999627724554 34.377343126572 34.4191240422143 34.3271453389025 34.5487532913999 34.3289116703147 34.2904982148819 34.6538310552348 34.3080320184833 34.1083945803557 34.6834303569743 34.2556166603219 33.9946638405039 34.5082208733643 34.5822948403046 34.4634925469914 34.6547996304517 34.6348235069138 34.0090961248109 34.263870484631 34.3949952313654 34.2517657312915 34.5056833585283 34.8023739822427 34.1407914562862 34.5055068763269 34.1240592156809 35.05209862562
36.4930732246087 36.6674056593135 36.8964567304137 36.9016677075172 36.9184302589936 36.9843745264331 36.763861989747 36.6020779156143 36.4759293333851 36.8865236071798 36.9315107384187 36.8284090002927 36.7132011484902 36.8417728841389 36.9026797852522 36.8038911852506 36.8027001522233 36.7732154139539 36.9970844204883 36.8121394788362 36.9111967509721 36.7654614769002 36.6908788477722 36.8511718546265 36.80117712473 36.9567912413609 36.7825830520349 36.8384491557406 37.0016905782484 36.9799439427727 36.6451823678087 36.8306057925615 36.8045311623014 36.8683994722631 36.9379600648877 36.9353236742496 37.0833696902067 36.8795743009176 36.770705111472 36.81873229753 36.8456807356332 37.1036726397819 36.5851022638661 36.8981500208019 36.7475826311365 37.0207982759142 36.7830375536737 36.6617644391841 36.655405674941 36.8629288459728
39.2815609022175 39.8142390678556 40.0062870276872 39.8271451281537 39.9246679627107 40.1502936241842 39.7576094425324 39.6619270890013 39.5458424281006 40.1999286446798 39.5462001327944 39.8687985730718 39.5397707408414 39.9527060828604 40.0036420936382 39.9789012418746 39.9574090824655 39.9039090176311 40.0792011671625 39.8413040249651 39.946896638973 39.5068362024919 39.97164123868 39.702355457399 39.9255034077275 39.8174315895372 40.0849852560574 39.8821044626572 40.1733668570431 40.1840287800734 39.8215325191016 40.0227993552545 39.708819725041 40.1947932210438 39.9834623015618 39.9026145437785 40.1034348656673 39.8707363253311 39.9050033821335 39.8190132722969 40.3704609219943 40.1290896518642 39.5511414275704 39.9008136050988 39.8992443613176 39.9324476783175 39.9510779821524 39.7981244132473 39.6291661629901 39.7949461422503
43.1833550134398 43.8242828289098 43.8721855868997 43.9622516256833 44.010393430226 44.0208894426557 43.8127699922547 43.6091868989869 43.5025945633081 44.2482320460602 43.9464468191779 44.0003474915299 43.5882381898687 43.8558064477822 43.7968348550228 43.9362323680161 43.8658257083842 43.9437866280916 43.936142416781 43.9147506332284 44.1990769119622 43.8138956230008 43.9675495915822 43.8168973365001 44.4716189244047 44.0301634470803 43.8529909166266 44.3625907093676 44.1639262232216 44.1350852724749 43.8423774330889 43.8624735025359 43.801349298682 43.9982526294342 44.016166712479 43.9600554913626 44.173660672892 43.9330406856957 43.8683049710651 43.8598174361588 43.973839249773 44.3320373449457 43.6520709652057 43.9891858985805 43.9518777521125 44.0360183238947 43.8659575845514 43.7854524740686 43.7874464969635 43.8744514379389
48.9130660341813 49.5259187774264 49.6777006173405 49.6683040534176 49.7559635677743 49.7060532911581 49.4214678405921 49.2345749746446 49.1873095127604 50.0974352461494 49.6533889956439 49.6474796505934 49.4272169964643 49.5232489385894 49.6469801381643 49.5775152672718 49.7765916571217 49.6511605808276 49.6207919644562 49.6523467117706 49.8343158513833 49.5583330135998 49.6916808015981 49.6341974141472 49.7854886043709 49.3742728958412 49.548986108328 49.796243453985 49.8159874582724 49.8804693660897 49.5078945374124 49.5824834058109 49.4351083961793 49.6956153551623 49.6862898375634 49.7022688526209 49.8628690769327 49.9415736971656 49.6086547246798 49.5159986945523 49.5870463681198 50.0086661115104 49.3672629507444 49.7553481602323 49.6378326412188 49.6606009159088 49.7223928158314 49.4655872641771 49.5191105090117 49.5065308974735
54.7029532568723 55.1456986411104 55.4233451500741 55.4238579834928 55.2728058630204 55.431054795148 55.2320661018208 55.0097523406946 54.7987588910469 55.8145269682372 55.3964143519098 55.3199927228165 55.1221824423967 55.3244747155827 55.3201249326967 55.3335309220928 55.601156228749 55.4754033139545 55.5803573316181 55.4174165248186 55.557976331454 55.1844197237048 55.3307073459447 55.4566338764005 55.4970751787522 55.3659559017242 55.3278389135348 55.718317135225 55.5781184136855 55.6486333165395 55.3708135714264 55.3570665720367 55.1914824831155 55.5882891111356 55.4968687809812 55.415132684733 55.5475178744239 55.6257306062202 55.4000814213877 55.2030695192034 55.4414005288069 55.5966135790059 55.2337733511834 55.3236652636296 55.365106018631 55.4563803537559 55.2680192327463 55.1509394412636 55.5518122454593 55.2079405594322
5.91453233624008 5.88342467983949 6.23826408993718 5.97232553900239 5.86097353430317 6.09893470207995 6.17773502809953 6.11942016662532 5.94959759792284 5.86517095263546 6.08786189128148 6.06499915586972 5.93331631810654 5.9937593064116 6.16728689114308 5.97416295723123 5.53119984387203 5.77080733587522 6.18599236585903 5.97386813050791 5.97080673166142 6.05214446225359 5.97001604260189 5.8865306329424 5.92513831071296 6.20734673305955 6.15584639566288 5.74566290176798 6.06559743929989 5.95860457782604 6.04047462319174 6.46784457515988 6.16859174991629 5.90124214200086 5.97544766621941 6.05962409536111 6.14409353275149 5.83145480126447 5.92397294711527 6.07717234462422 5.97525727883138 5.90792636909158 5.89555774378721 5.97931430222761 6.02108659883375 6.07278368295357 5.88629051369153 6.0233064230045 5.9451393331732 6.13720168059038
25.8242801530395 21.9576128936546 19.3372010613691 16.6283797052413 20.8897360127726 15.5391462048639 31.2105331834779 17.2438705102279 14.0878142735999 19.7474243650626 23.2565571169757 26.6981581293165 32.405592909856 20.4166339293155 33.2384167184422 19.5580487254789 20.7524271661038 22.2420102105705 31.3148995424156 17.5611926314304 25.3368708398298 20.5971319008103 21.995659054245 19.9732845784134 22.1928536261378 20.7142811736212 18.7133472256274 20.483061100249 23.873760732865 26.2608848588735 21.2570391459133 20.3372225142695 17.971957873622 26.2731404859788 22.3791690954147 32.3701979648379 22.9196852831946 17.8957818990588 20.0732013565577 24.3015268879562 24.8426213416734 20.8918762522601 31.0564948116004 19.6743643912322 22.0046352877438 21.1356483067251 31.4613609759131 34.7902191295476 24.7226610627725 20.2743638385463
19.8499000188246 24.1176037343961 17.9652198617491 19.9526603605228 21.3323645263648 19.4286440286069 24.9367689606295 6.17484389936322 19.9136771971102 17.4982847973321 15.0946708572099 22.7955602657452 20.281158398465 21.541336094616 16.2095822267431 16.5445123748014 18.7201441664082 21.1781200450062 26.7199266327717 17.1531120491776 18.3449839159934 19.0040977724555 17.0082915505483 15.0446579263593 20.9334558000784 17.5733845415576 16.2848852325878 24.7788897305979 15.1286194255947 21.4192543412072 16.8381705279813 16.8386120985804 14.2490740358373 17.5926191663013 23.2135168998277 16.2333597809283 21.1658860693728 22.7892141528762 21.1990779947364 17.4869202519632 14.456851011914 18.702962597251 18.1797093728858 16.2606276415206 17.9225824178346 22.1247498372475 22.4106702895427 15.9133799038254 23.867877960089 20.3587391245226
48.511239291913 46.1845931771522 44.6682791790841 43.7666438131798 41.373669197846 47.6146844690217 27.3180129950387 39.7381779358662 45.9460400741628 47.2992574716438 39.1199309657639 33.834886496958 33.1529658024247 36.7545970085078 26.0311290247649 38.9430592314057 38.5862583189467 25.378036496131 35.6833056420503 42.9425308700556 31.5121493924802 37.7173588981692 35.3062633828821 43.668233641054 42.1742390957094 42.582790295743 44.4506584407597 44.6066919008602 38.9077929421974 32.9131086594608 34.7517331889457 49.1609502421105 41.5234572203327 37.9259146402854 38.5231118992497 24.9459491981203 45.4768497374417 40.0267710752146 43.4526895936074 29.686731400077 35.0244545100515 44.565052067829 28.2241096449562 39.2307189794968 35.8230670019524 41.3765986246533 26.7467911456496 28.6720542215753 33.2042202792022 42.9900897381623
18.4558337395064 17.0652407276713 17.9469803700408 15.9037638412506 16.4987854305589 15.115612190781 11.1811715570369 28.9432802967923 14.5483325693935 16.0663128463753 16.5387659431034 14.5237666369498 16.4411014764037 11.2390995656245 18.5830187327205 16.5386741670151 16.3113721726493 18.6236037786896 12.8613281725578 16.3344458733933 22.0104570155397 12.5964118527188 17.8507528033723 16.5865600599401 15.0607647496748 14.9310127414835 21.1255985049788 15.0075107284911 21.7799284982798 21.6865100622612 16.9880884318741 16.1588721629804 17.6837818006726 20.3800564139696 12.2011082447241 18.4224203250172 16.3402458391562 13.4196933247478 15.9366552126733 10.3696441996229 22.7608533561688 20.3267377563235 18.9945388292001 19.6731352973362 16.8749617965967 15.4353991437589 13.8202247302774 15.8359109610817 11.209999893996 18.0388626318381
11.1875099700648 13.7933647632834 13.3498555115648 14.5818036757025 11.685646404727 12.6178274089203 14.663806124088 12.8803985878853 12.7298393804604 12.7291703984042 12.3263943361236 13.5121900160368 12.2584201659342 12.9989284930819 13.5971570358108 13.1480144676245 11.1785939488307 13.219748263933 13.9153708886225 10.661635810323 15.1689272838355 13.3827261956549 14.239971426217 13.2499751404038 13.5568256203779 15.3657358152009 12.477144999957 14.5238425766065 12.4141453632531 13.5512262235202 12.4779829670121 13.7677038301302 13.6894308277975 14.3569205904131 10.8705534076707 13.5875837904326 13.4849685544877 13.2896053641443 12.2661928056449 11.677179563365 16.1470324650459 13.504884969808 13.5475824283325 13.8833160818754 13.8767188736896 14.3046535628722 12.1484503415031 13.0892709740417 16.2467162236175 14.6739397453399
12.0197376112986 14.0082818875135 14.9765347336154 15.3045858689388 12.6109097228964 14.0735902714569 13.8117854781609 14.2853346166217 13.8074957843069 13.9791755314774 14.9365387961972 16.2806672729867 15.0879351929342 13.4934143421894 14.7613562131722 14.8501221707567 14.0288347254539 15.0155411237246 14.7802446125757 14.9152124483402 13.9659224638958 14.8279826860533 15.2007747136152 12.0113756081302 13.7986068814457 15.163712917443 12.8961603810693 14.0001015809109 14.3257459946623 14.72588751836 13.0172483486322 13.8040108683245 14.4485869045022 14.6132726358419 14.6554082932136 15.3849950617586 16.6943583858959 15.136065238257 12.7332473028534 13.7309516752803 13.6586771686913 13.1763035181165 15.0499400877509 13.4765432296584 15.1847324692496 15.2336232259168 14.1904000898437 13.4382985305831 14.3209089953959 14.5697596318796
17.520673090972 21.701468456847 22.0439614160602 18.7840114046705 20.5834318908491 21.6867559483849 20.1022387267783 20.3048669380535 21.2537921026809 21.941046460618 22.5895286369604 18.5369749245789 19.7783016637578 20.3148326191775 21.4010564010871 18.3164336611676 18.8589810760953 22.0155755970121 22.8224092059712 19.4869801357926 20.6096984694465 21.4374715491583 21.7888811735141 18.7352294498473 20.933311027986 19.0753339303636 19.5231093317498 20.9258639226876 17.5049605572777 20.3643634766275 20.4765519127899 19.7610471346002 20.0075462222689 20.2356836151393 19.9862014935036 22.3845763333675 17.8105850778072 21.874125067763 22.0106555194594 20.1157275421155 21.6289412517735 20.3856791717203 20.6916924164552 20.5164599617267 20.7817708770407 16.1109921262869 21.7593253639048 20.9910793814424 19.9942686326255 21.5405197086201
25.9941865995537 28.6582143148123 28.5312654940027 29.94692441807 27.0919904460304 27.4137682765106 25.2100037042435 27.333205597118 27.8915720735692 24.9421467887744 26.1819956622391 29.7732444478978 29.0417583162928 25.5190659698869 27.6774651116979 29.3006711426457 28.1635357933141 31.6147099102951 29.8320098556816 26.7688220720472 27.4489860547285 27.0249906182393 29.868477549476 28.0620006293884 27.5503774908833 32.7468505271527 27.4854352300147 27.9515562577448 28.7406112472667 28.0303038036634 25.5007990993275 25.422930282063 27.0274753237308 24.4749225256544 27.2464149950294 30.4007814371634 29.2724102739947 26.971397765343 27.9512467994898 26.3005038315588 29.9028529544939 26.6642620381258 27.2641162184168 26.0379185874654 29.5876800330388 27.3645988180269 27.7129736178733 26.0052742357896 24.968467384407 29.5701835590724
31.9710656085242 35.578713836733 35.1268881608987 36.7670889923505 33.7600731844836 31.4010860936531 31.2914388581921 34.5447987837731 34.4525524154825 31.491996843949 35.5063749802635 38.0179688834364 35.0864597146367 30.8286102712085 33.306820748403 36.3248381320365 34.5847829504771 37.4048322028695 35.0491613719824 32.6584072531744 33.5010134301959 33.0406776426786 37.2966445292828 32.6653905740782 34.8486763665353 35.2301565638974 32.7822282980297 36.1093180966703 35.9879551078441 33.636266755426 31.0475940757454 32.1281175897965 33.0122304534883 32.0322638481334 32.6960838051865 36.3419279643677 36.1264801117449 35.2583777930788 35.834257755561 31.6775131704829 31.714217971469 33.3875806528306 34.148801431879 31.8784468677975 34.90394023767 32.0958132970934 34.9098437419815 29.1499069703904 33.9727027722922 35.9039666514423
35.9175465526441 39.2126662281854 37.700784090213 41.5661302219876 39.4372933009584 38.9324529003838 37.6870205187875 38.2767285789671 39.9663989664042 35.6129795289551 38.203223019231 39.7092652782387 40.7339619397165 37.008312690831 39.7149303775262 40.6715410967548 40.0502351287735 40.1443597553762 37.4929961602446 40.4622652544914 39.1731649039723 39.0503889170733 42.4607330998288 38.8242197219771 42.3213786543346 39.5459444182939 36.062909839281 39.1798983498039 40.5871463621814 39.7475353178412 36.6566824725615 35.9756469156988 37.0379147152727 38.1532055983238 37.7489828113535 39.9959274576762 38.251997664139 42.6139993495065 40.2301733252769 36.8152889872439 37.8492160310188 40.9060699474479 38.270499276999 37.7925163460338 41.3743667743406 38.2012421676106 38.6828174099327 37.5184156237731 38.639673368959 39.8363986271097
17.6100958212788 19.1641484402619 18.5412617191564 15.959236887684 13.9817657400294 18.7358335365 17.4469823367584 18.2006698057539 15.983127259793 18.7920080654715 19.0256974791533 18.6205256548643 14.9204273578027 16.5543586847257 17.2569325784467 18.1636691689121 15.798123780017 19.7684236857521 18.9535230768709 17.6094706130797 18.8280497946281 15.6404220897393 16.7875406248098 17.8385559124226 17.2366040312099 19.2116806691274 19.48823097276 17.164491578045 21.9920988437505 17.1617653009949 16.8350281264059 19.8588946150222 17.9836350520241 18.2902157521258 18.5665254038229 20.0941172471012 15.5724135284792 18.1264102378367 18.4730325474379 16.0805425865576 17.590996121686 18.7476121502587 18.6783112014638 15.8153177218607 19.7351537337927 15.2110296330959 20.0400751090938 17.4310710117407 13.0030255129798 19.1567046890333
92.6336276417417 6.0479038915805 61.9733467344722 28.0671417659665 85.9779029353563 38.2954836295929 38.2999245126306 69.7231188745488 48.0298272840584 -3.3559927811009 188.946701582264 13.4743090525819 -19.5606868084402 18.8012099694051 44.8867256995273 60.4511153277166 -12.4155929826028 48.612387347762 46.6410684132726 24.2204217228692 65.6688566096495 51.6019830850619 87.1141889030431 49.5374326060066 75.7274102945879 51.4275579135686 53.750582094025 72.9500329748762 10.9496400887489 164.775085586659 54.0259522196916 36.5965061708494 25.1008320312922 25.2158499287883 -16.6870231145547 24.7190461994965 52.6295940941205 55.725664350161 39.1341804337578 4.18388927271505 -6.14074858160603 -10.4667070694849 28.7830587232808 39.9940241288057 47.532612199627 52.0050247109181 38.1036580151166 68.2203827827885 39.9494397814303 70.5331919007185
7.18604465733444 -4.13116385201837 -9.03397900650998 -4.78942592518063 11.0030477732729 9.50364689689507 -1.10276836526968 19.2094822055013 -11.1566126150459 -14.3815960267399 3.55644701882355 -1.36130000957227 -52.0960606712498 -17.7100319901435 -3.83719985399138 1.61915677177661 -15.8503436297413 9.60005198357275 10.2087625202737 -6.80631444070866 7.95199036028696 -1.29098015662625 38.8768780528547 -9.52794909803054 12.7238810686971 2.7580326774319 11.1890319034608 10.9390115494711 -5.28247308547096 6.09044565019945 17.0266502154456 -27.1214257625582 -15.6748677686002 -8.01598388501338 -4.9070266496923 9.75889991140744 -0.190588165251955 -8.54258219989554 23.6636801467749 -5.9506039293032 -12.1642958579753 -5.52543826725208 -7.78499421872405 2.11122519613177 5.09962519662726 -3.76285671841876 0.0615696967255675 4.6718042744706 12.0148219753583 -0.86975335651493
1864.76419041548 3791.35678431422 3963.389509769 4435.36615342001 3425.31809377872 4280.0151538065 3523.76173423719 3797.0022897638 4715.73693836337 3606.85251253688 3858.00256188621 3122.07743401801 4601.6670707423 3773.99099043031 4959.81374508024 4170.49643408487 4420.97412143575 3004.26909031178 4829.97621446818 3662.97209318651 3943.70663472462 3529.53790247013 3747.6893365224 3686.0193770279 1978.36480149852 3180.44690791566 3986.83820245685 3817.93361885376 3175.33266073825 4638.76246445565 4425.95498238781 4230.59694677002 3852.75332471187 4187.44161513634 3377.94901880635 3562.64723515913 4374.46951269705 4159.7797871433 4148.13511105491 3761.51807474089 3369.05312322905 3723.23010159412 3756.38526473117 4119.63493803852 3927.41302503281 3873.81006502788 3577.20244475035 3952.0484712506 3477.49878170383 4384.01380008751
1187.972350499 2656.11485192764 1483.55508347968 1721.45160560945 1808.68561178048 2377.57330406801 1757.59173841171 2036.38155613533 2127.7894072269 2060.68796699714 1710.75527411121 1803.14464377482 1937.99287808905 2481.48349336857 1739.4557553289 1559.26938583826 3034.35600862462 1642.14501027434 2456.50936567392 2084.91069714573 2439.49421414456 2385.95876689062 2337.77113428781 2421.68446529194 1461.44320663945 2025.44460945894 2209.8830111378 1797.34874516128 1352.66761533417 2647.41464675776 2651.19900233758 2407.56795482919 1944.82669637967 2281.8033054046 2205.88078671745 2061.07077669492 1763.11717191161 2128.28800327733 2543.8797453136 2166.85771211218 2003.31860353784 1897.77109499456 1627.70201474612 2537.37716358337 2319.14144737295 2101.86710706087 2453.55987506868 2081.88136794001 1723.97753247599 1951.67012298682
-49.5908833229793 -6.37108304706376 -29.7133317222894 -43.2170601663736 -78.9827510371456 -38.0070318245284 -37.178321782947 -27.2628701262812 -7.09553739804685 -24.0986989304214 -28.9254248252778 -30.1861792779141 -23.2271650679177 -27.1158267218466 -13.0145143487245 -24.342311840475 -15.7023998171805 -10.5166632912739 -11.7152591237825 -14.6238135847245 -41.8016789370338 -17.1731926159002 -34.1828331813913 -26.4703164402529 -15.7684162128138 -16.6607717639409 -37.8575925030037 -36.9689426387826 -24.0885633535565 -43.78043237116 -23.7356013650071 -20.9334768968858 -39.0834337325262 -37.2606425910888 -16.8072687096689 -27.2196351930849 -25.9224609226508 -23.4207563215998 -9.01954739637928 -17.735444361042 -21.4433860201423 -19.6173203876608 -24.8112949654436 -5.71383331046934 -13.8389230792483 -25.0439474700003 -42.2698910479428 -20.0732104997789 -15.3346041635058 -38.9799816286909
-15.4618110546561 13.1282177000225 -0.59347500423742 -10.3068399335626 -8.214314641456 -8.11151446604902 -17.4266304252493 -18.2547874222395 2.90088982884241 -5.99503826538015 -8.18449352857552 -18.8830743642037 -5.21503016424054 -8.96593865291345 -0.706163083179324 -5.54106038179594 -9.19698786143457 -2.8335422780185 -13.6504118537035 -6.21903622088186 -10.705658715886 -8.50369017344593 0.729412289676609 -2.72789075858156 -4.06713801536629 -3.01609857915859 -18.5588340303351 -8.16383684387991 -3.4328211276789 -16.5634238370126 -20.6708807841551 16.0899027736971 -5.00860934614779 -19.7615070481076 -4.02095517921793 -6.30356873693733 -2.87223403098518 -11.6042208127919 -1.24015072871507 -7.95881090235326 -6.31197832107784 -9.22224606355622 -3.17688522225165 -3.24783178316407 -7.23914028172637 -6.82232060072548 -4.67648960129821 -9.34043139001802 -1.28506703879953 -11.4999585247468
811.849346318042 2113.66564307833 2638.91971597925 2017.61599498981 4172.69948439937 1504.53593276452 2593.80761196632 1569.7074902277 1511.62690137244 2449.2835734855 2267.68161535719 2643.75326268486 3121.2745510113 1491.22728933086 2073.50676301358 2144.45906289949 1013.13496786446 3167.76713470122 1613.8694532592 2783.37220287486 955.842303648697 1489.58108836032 1767.11262399282 2377.86067994021 3928.16070755773 2931.93154255358 2683.29842285288 2749.17215074399 3315.25213208136 1665.76612512346 1557.02873951612 1497.45321103408 1535.25969346036 2170.13809234684 2541.36119879972 1656.12473765453 2517.01514170541 1849.60990263816 1988.97329725219 2203.74886312043 3266.73957105474 2722.32560414998 2536.85912908512 1442.25364718051 1760.1580422667 1947.13046538734 2518.53417087635 2495.70110840803 3041.67198363364 1394.80916801839
555.670078685928 1436.21291560612 1217.47335248165 1960.93064189831 727.557078971293 1082.23929867344 1755.62516303977 1272.77728282366 1374.78432195553 1016.05928155463 600.212297628876 1102.36087685441 1166.3864800122 886.777531798552 1153.15130511619 1231.52560216598 913.622279416108 825.557964034893 1409.3098166966 611.749999718555 1272.82620160347 1048.03982195194 1000.55151078526 1393.11867403582 1282.80201621484 1618.43461271297 1019.28152956538 1789.07576842958 904.961884084068 998.259414371864 1854.68812024864 1586.12673949024 1294.80797672544 1754.99047132562 721.92558194834 1056.77256725263 1417.35450885266 1257.84296950142 949.385803619543 1047.55149701605 2312.46168444421 1178.61198279771 1221.68460950863 1637.04896720977 1330.6544279794 1714.26533052286 1017.98038173758 1494.33488564993 2317.78222454774 1275.97504557187
71.8722105071431 78.2788235505963 96.6438747705139 33.5597072774303 44.620490551554 36.605364098183 54.3099191532791 7.28878680559129 58.7929247440085 113.959208623941 62.9781495612046 67.3117089951568 112.812641231968 59.2298402652166 67.9248260309768 52.4016419785124 52.3711945596293 57.0341690897144 32.5383462785713 13.777099611016 38.2737710900805 23.2780238577914 22.9568608375806 83.6095151904738 32.7506376705374 38.2100317757164 72.9835160753579 56.6729379401537 53.7029966012836 58.0149469659614 21.5748260764686 113.364914638183 64.244086756258 123.126181781521 72.8018607019623 60.3574605474185 38.3843731825493 21.6324266244693 11.177649932455 27.2544148327823 62.9237917505599 57.7739741715057 25.0550424696341 68.3085653907613 75.2444809864928 94.781422020711 41.1518095407316 44.7389578771088 54.6791019943901 57.2378399253328
49.2905501285516 66.3938525773395 71.351918164224 40.3411497808733 55.8570666745232 16.1637079323423 50.5646616186613 24.3964708325587 21.708950651945 74.620926996094 46.9861734356705 56.6146228808597 135.25108577517 51.3593043097137 50.7170200841255 53.2381603397507 43.4055371261165 30.5764261403319 20.5296967038684 34.7007152067887 54.0592045266482 60.2673458808322 18.3859917920281 55.8602375240067 28.6031326781004 39.7343054640426 64.8143825801727 49.6680843273165 61.9458494975782 47.9518872094752 22.9951220304908 111.032172674536 85.4290510607755 70.9198485455251 44.8373520367424 30.0667361842909 63.525425614025 53.4043947494366 38.7096372976147 48.2946375977543 42.6536579536027 48.993661329852 46.4527364235439 49.6217142103846 61.6488220838956 82.6350138885432 65.1591549327609 58.6673306404123 67.3043634728662 44.0946792081041
7.77480999062137 11.1476262894831 8.87681613235889 8.56456843674323 9.38058967133833 10.1192570669011 9.10779264820068 10.2115483317591 11.4786294160384 8.10419464252196 10.6467259773397 10.8842179426511 12.2107455905928 9.50235529068344 10.0766214185758 10.3805674378631 8.1058899510143 8.1453462516116 10.577512592572 9.91726877516478 9.62602428241911 9.70749619945097 12.659460853721 8.85681255510479 11.479546219105 5.2272814852223 9.08068049193148 9.68226085819889 9.68147446067874 9.96123361533077 9.01609516376037 8.88966142617629 7.70511156358169 9.09382926182323 10.3715455001987 8.48221397699199 11.4186611986649 8.14125550025268 11.4398119554307 13.2059152417497 11.6411907700514 8.63727388944715 8.83122888214836 10.7841722367098 10.3582222055808 12.1825839230174 9.29656813118198 12.3794169822129 11.6716309634043 10.1125217364613
41.501640198557 72.1525881441897 85.655162654805 45.9848741538501 28.5179760744764 28.573379101594 43.6236380804023 13.6066077529004 48.7839055326209 100.271613830033 71.3729252544953 73.0624246579256 142.111512181444 53.7966252496231 44.6282586912045 68.0630885919673 63.9585052184104 37.5049965804055 29.7405602272547 8.06526263894657 54.9167056641744 82.3916518189299 13.3234915083583 84.3072731937135 -0.744723538833819 38.2688438824026 45.1216243084704 42.5999764208904 75.7389488830007 53.1116987186706 14.2198745302465 75.6847843785683 49.846328354445 87.6449011846581 55.7072619498682 32.9189635762369 38.4091724009481 12.7324741800773 2.36337040771397 52.7683950142067 61.5288169559446 56.942534637181 36.3247326049497 57.834096804939 72.3213744446851 120.711325691999 27.7630189855746 70.7639957937541 29.5717964881697 51.620439215199
25.7548363769937 79.4178250401774 42.5900151376233 58.9883964268828 57.3870587712625 59.1348179873197 63.8013736231532 30.9790263615983 60.5081232474768 87.4331498390251 62.0063112357855 51.9381329219907 88.8917113262607 66.6156528464687 64.7297416710546 39.963014731521 58.7922312452022 68.9144964188465 35.7141527280028 24.9481090404942 67.2674710860558 83.4170081419898 21.7573643528109 84.3314811736961 11.372983442026 38.528808635925 46.4474588803833 38.7699987319629 75.5409112430447 51.7249269008269 20.9597792044566 71.2774434188383 59.4316868293405 57.9739260496612 60.8155048882731 54.5872466887909 43.1404215490711 44.8918703068573 19.9321675412148 53.5642879468844 65.2216843686852 45.7205893692085 46.8945060268997 53.5010685075781 60.8537619086333 83.860284904689 60.3374078567374 43.5504982220172 61.4831930770582 46.5909806588271
8.24675983911778 12.6470142643857 9.08248743146966 12.5140480772942 10.7300337133278 12.3174081400734 7.53639040013545 9.41774070545475 9.68822626428823 7.4299460450761 11.5351536438035 10.3870909320686 16.1613985652773 10.7062705824785 11.6935895780031 14.0706916026101 12.8784258027971 6.31468161539794 7.47911769771958 10.6182446789037 8.32881242566344 7.84786055522298 11.5168939436149 10.8486030943527 12.5985060220434 13.2689531900233 9.77263677704844 7.01139557541391 9.37653863210405 11.8881462694642 8.39692102959874 9.74895890931387 11.7256439921029 8.60509023405237 11.1057504139773 9.85509395274147 13.0720515917665 9.74355607955289 14.7807281417699 9.80105279196723 12.6638155011002 11.4865587047274 10.849265181336 12.0871502337301 9.35474498666084 12.3643849574471 11.1191971778668 8.46656301101523 12.1341844917243 10.8221834353035
66.4012922279413 62.9444538261283 66.3718639241037 29.482130204577 44.0248491210471 45.246222728096 48.8062697949174 18.8828387157275 31.5942566354904 79.5226508533588 46.2827717028233 62.662303621399 106.360441668878 66.4815393694884 69.6594117107385 25.839463576991 52.7021493323556 44.2067084145832 37.2908212414589 15.3332313868991 65.9416737210787 57.7433989463584 20.0713477472783 93.184656820361 9.46983686689662 30.4021443241027 49.809300912479 30.5596087693635 92.7828147015542 74.8482393651403 8.32109151936043 61.753776892626 37.0976749432965 100.523423572501 49.0205336395987 53.4149294404621 40.5174079969574 47.2650920972423 3.69588169926031 56.3377522973315 54.2754324647813 43.6165411422132 54.5340538348204 50.5934866989667 71.1890110239561 88.1513544109532 15.3228173044761 77.4451454257517 24.2286742072623 61.4742789504642
58.2348272573953 51.393979561951 29.2783061368715 47.1690835673933 42.1720353247368 51.9594442331137 51.9515095732213 19.6836181338057 29.5623945958884 46.5560115388392 58.6144679351182 36.2520160468315 111.77379298993 46.3166609158608 61.7401341545714 44.7030628863247 62.1726850093456 95.5585312338379 40.0606534694995 15.6670588082422 60.7394266102311 85.4684265104463 29.6228641042744 70.5668969229151 42.7011710705377 47.076942167039 50.3368575075597 68.5043815005377 48.0874423450893 54.4936088247537 5.11010964687427 48.8256748387824 49.3548501619034 59.0915972652295 50.1452499330249 76.1618397824077 37.3816190940564 40.5391963225227 10.2148890394058 34.6664542531234 81.7595609636755 68.8888966664381 55.6006064862381 45.2633518182858 114.943857177841 56.2007159897737 64.8902690564258 42.5622993676542 39.6915897882864 33.7017065785285
1.1314169190141 2.045659588652 0.229064637455499 0.731465940419711 0.66941348936795 1.33079616981993 0.512324795061367 1.23464458718446 1.60004618521512 0.640493802414348 0.824748414872995 1.29318550169491 0.41321648719969 2.47411966688215 0.420368709120886 0.417933891340405 1.33469884335166 0.25027495805453 0.931210378087442 0.918613417986356 0.510133771356267 1.25735718077716 0.57544551300236 0.914503394770481 -0.0168801412233155 -0.0924151631785338 0.809120056216415 0.580740099858315 0.661082790661471 0.503351924955043 0.386587275524952 0.29906307963743 0.875221104843049 0.755635318304618 0.375232315210242 1.21011159065336 0.591075996202718 1.38104285848472 0.215464596353843 0.944312198110399 0.923471604952314 0.639199912714351 0.172136267089145 1.24414204681956 0.771557974018358 1.34694109584934 0.896775418498458 1.76952827262251 3.32221280881765 0.660381578780055
68.7239176208603 83.524891297967 72.6979717813814 47.2267274730998 28.6393802709892 51.2613428837281 51.9615707536244 45.0713389086553 73.2349345758094 44.4012011290294 53.8470459081572 64.5357271931907 89.3956411108957 50.0755907531946 52.7180930505026 35.24643902736 53.4847171648831 57.6229012548942 82.2454892599752 40.99506274248 86.331087957019 100.962442928566 28.375621789546 52.5010007359449 24.7734530598485 56.3393386400501 38.7461076947352 53.0382417630445 29.9497944274486 39.2169860736871 32.4560607981947 74.3664511116241 52.4106079766871 113.263950134165 52.8340360280944 48.4940206029081 54.1520485473162 55.5649221346076 42.5133560512851 32.032171821439 88.5615677673424 45.8257523302452 69.8552992809911 53.9041587173518 60.0158529099621 53.7696846720291 25.7604791005628 76.923738662071 47.4954476803749 67.3595081722444
36.6935994403114 74.7585463120752 45.0074563235621 49.1404287693973 28.4914888668844 70.3550151361516 62.1924879636616 57.6426077632788 39.2067062216269 55.0631870755616 50.7086531553722 31.6920883361995 89.6576061946488 35.9048158333564 62.7769588784004 37.3449690154784 73.5162427091339 75.5404078382704 34.1305462823801 24.2221181050138 92.1207115324145 41.8881509113716 53.1300393866733 63.9668911635492 37.8562383129751 27.2184053068052 34.944328207345 49.5012433340178 74.5321663548455 45.3352477374794 12.9871225576994 40.9183838027825 51.8455547668044 53.9759436381849 18.3617760664823 80.2360855153447 34.242598852381 51.2676617070545 31.9033702058817 16.9793253269495 61.2501486628844 61.2905889495827 55.5887774033174 46.1014074651854 148.512564195148 64.1747199131996 70.9895679264434 52.2357644953784 56.2338281867568 39.8944215164693
6.64822529288394 6.94396160533336 5.35738361469208 4.5750725572007 5.31256943897575 7.55281737971126 5.50093122507824 5.90892813824721 7.14189136374827 5.06342480062859 5.3248990616274 5.89920113192998 7.56864707413822 7.82164906848132 8.50853357490046 6.73977743101978 5.60048023506799 6.62014729394699 3.96426625809696 7.62179771407216 6.00615072735147 7.85747442521574 7.30578047345467 6.63214808370345 5.30185594926766 6.13334749410573 6.4659779317155 5.16923164318914 3.58094975949534 8.22270521608788 6.16808464834312 5.68362191955129 5.97068792480117 6.58199887887361 7.04444366940985 5.93214712111692 7.20079816111541 4.97582690907155 5.35513680639195 7.34356039101953 8.07787106909936 5.60554780122474 6.99019558624769 7.25422797199404 8.59130900900176 8.29589179111428 5.22753676250757 8.71544995959165 6.54963902860127 5.48291154017083
304.770617022041 184.211668066175 115.995550899378 253.836318647987 191.015771862741 262.189272228928 205.308253038882 170.210903729839 193.704773244323 212.843287751737 57.5014346263218 225.88282818882 243.464077219668 236.369045938579 258.483030134812 218.642045164105 310.408728263192 185.069531841943 234.47270037697 246.973405226216 140.255398432659 140.289718217236 159.117198086432 192.481462403639 189.031418651198 189.594701966677 160.175146892105 213.839273482076 238.66580195818 55.0223419523802 210.747528333073 170.03934522087 161.414388802043 142.56472331784 279.614124565577 204.596500648893 238.855481143321 175.720267147145 249.138343436682 239.890805821027 234.799032785186 298.371042007422 182.175544138352 123.032327778085 151.521001604364 119.603712249975 249.463559234215 126.879254215949 188.68788846545 164.238230823863
242.616253406858 209.222085489479 169.067230013819 159.466942269176 169.94213757711 172.313944410576 153.885559659587 169.96978488139 177.885455920096 159.334448696235 168.465201012524 188.220074254492 174.548920252524 183.148890690574 148.510753125513 153.243218332545 197.95645055758 165.284643461167 239.505773174619 230.650231815922 153.210240393795 170.866804605117 173.027361827381 205.606254235322 196.080425118426 201.998206556139 167.273556583507 129.592459180135 127.351946378041 171.729847638446 184.606884672255 162.343879241611 155.902849028664 187.711838761154 152.465727645418 157.726594721683 123.944090284998 198.578797223376 199.979177496903 171.113541335899 194.700062710652 142.854620186854 172.362034024543 168.737807276691 184.574644859979 153.474607101019 197.467914408809 183.364740970968 130.498358271173 145.555860758653
