34.4560333646317 34.489923695202 34.2810513358549 34.601397080632 34.5536533381502 34.3313335515073 34.6378898259176 34.543781620262 34.3130723498689 34.5831133186453 34.5954362867102 34.4324152427036 34.2677025956752 33.7210707397555 34.5384579411201 34.5979464993853 34.4781236133513 34.5221440529488 34.438529503858 34.1407669929976 34.5781304717349 34.5958767937734 34.4373652826072 34.377343126572 34.4866867472462 34.4277394591582 34.5097545395716 34.3289116703147 34.3254024346098 34.7016999555014 34.2017860354672 34.4780343662956 34.5735197039593 34.3349080114814 35.059958663094 34.3043500435576 34.5370044437559 34.4634925469914 34.6887168063935 34.6089642981846 34.3158795631574 34.4485920374671 34.2445622386605 35.2838215263925 34.5056833585283 34.8023739822427 34.2320019570988 34.604594975192 35.19439278316 34.8568346539848
36.4502624051987 36.7033145977926 36.8964567304137 36.9407414589106 36.7822989175592 36.9843745264331 36.8217239442631 36.8758252753179 36.5720602687902 36.8215749366233 36.9000089383084 36.8284090002927 36.6482762470266 36.7150668448178 36.9096296572212 36.8038911852506 36.8774481784204 36.8320562186134 36.9970844204883 36.7971554131214 36.9111967509721 36.7654614769002 36.7727902946202 36.8511718546265 36.7993465267137 36.7945229626245 36.8892406901056 36.8384491557406 37.0444424021311 36.9819050830177 36.6106732532061 36.9611503123456 36.7482588435668 36.8989951177833 36.9387434180302 36.9846692592416 37.0852503138606 36.8795743009176 36.8114779398078 36.802951322105 36.9297355036272 36.9948045647813 36.7472665275348 36.9518785337884 36.7475826311365 37.0207982759142 36.7382475574423 36.7416645797737 36.6550823434071 36.8798945392892
39.1073959128343 39.8944538575482 40.0062870276872 39.9742273758729 39.7937859448812 40.1502936241842 39.6811077699776 40.0017359013526 39.4820599313191 40.1204800461201 39.7345096677748 39.8687985730718 39.7425570567163 39.7991891670994 39.8270412803442 39.9789012418746 39.9079263184146 39.8569902519977 40.0792011671625 39.8618246386982 39.946896638973 39.5068362024919 39.7473434587069 39.702355457399 39.9262179744592 39.8639863984928 40.0058555064082 39.8821044626572 40.1725107128686 40.1535804500427 39.6272681064894 39.950156425931 39.7379305593506 39.950758406272 39.9626486523804 40.0566953140112 40.1135714506505 39.8707363253311 39.9255942239165 39.8640177330227 40.1593679265404 39.9374746803668 39.7511143774789 39.9801763178536 39.8992443613176 39.9324476783175 39.8969846199773 39.7234160650791 39.6600492146808 39.8271420574761
43.0500287117763 43.8554185952537 43.8721855868997 44.0674447595745 43.8690637180806 44.0208894426557 43.7642401679833 44.0003718176186 43.4315511978636 44.1870894902082 43.9560665697243 44.0003474915299 43.646121096581 43.7534997586703 43.83443132057 43.9362323680161 43.9180278862448 43.9032048051193 43.936142416781 43.9268759529676 44.1990769119622 43.8138956230008 44.0844835942264 43.8168973365001 43.757646079139 43.8931966885033 43.9682298467192 44.3625907093676 44.2133199137834 44.1458804229463 43.6396411359203 44.0282482826397 43.7645835296708 43.8622638693231 43.9969234061316 44.08683452156 44.1159591510901 43.9330406856957 43.8753588551226 43.878069427034 43.9743877806082 44.1527425443895 43.7717693496068 44.0037222563012 43.9518777521125 44.0360183238947 43.8057455136979 43.8721956682227 43.7702154258594 43.8161527787394
48.8927848493465 49.5828415815092 49.6777006173405 49.7912352280463 49.6326987754656 49.7060532911581 49.4517586003142 49.6450376138535 49.2150360790768 50.0328105876166 49.6712852728848 49.6474796505934 49.5053391623533 49.5082959222652 49.6364603119498 49.5775152672718 49.8388122346527 49.7001545673976 49.6207919644562 49.6667065405395 49.8343158513833 49.5583330135998 49.8100145395679 49.6341974141472 49.7741150864006 49.6582331810213 49.6825281412814 49.796243453985 49.8731785695639 49.9587346248691 49.4268334394727 49.6718697857632 49.4737691210949 49.695025648803 49.7059519850494 49.8531764726807 49.9365435505239 49.9415736971656 49.5518233652716 49.5621389101972 49.7212246278898 49.8800205197849 49.5111678041475 49.8320011236742 49.6378326412188 49.6606009159088 49.6598099388181 49.5670678066191 49.5424478155919 49.5506510492315
54.6729238939506 55.5831584589191 55.4233451500741 55.8266410300825 55.3771521407647 55.431054795148 55.2405901195805 55.3789001649149 54.8446811490153 55.7457728935463 55.4824642279238 55.3199927228165 55.2199079754599 55.2608972539242 55.4172089598849 55.3335309220928 55.6380953400779 55.4661058013147 55.5803573316181 55.425799318611 55.557976331454 55.1844197237048 55.557969347296 55.4566338764005 55.5567876313166 55.4555837681745 55.7247148559034 55.718317135225 56.019011794785 55.6937158482194 55.2787663828919 55.38775627331 55.2039191828849 55.7258699796079 55.5083104378663 55.5060214434551 55.5910489515436 55.6257306062202 55.4282928561471 55.2414997206149 55.5439888389612 55.6182466702138 55.3168433614491 55.7773322042126 55.365106018631 55.4563803537559 55.313238857573 55.2084663551189 55.537488931095 55.2390397422296
5.87893830935015 5.9150018161231 6.23826408993718 5.97957149356107 5.94255492342668 6.09893470207995 6.12932313150207 6.3164708503603 5.85055872037898 5.83274174969309 6.11566882202268 6.06499915586972 5.97134407851267 5.98516032254441 6.09408519972221 5.97416295723123 5.57933548243069 5.80179745518753 6.18599236585903 5.98061005671921 5.97080673166142 6.05214446225359 6.10889030930258 5.8865306329424 5.94255188375833 6.218061741978 5.7997065150695 5.74566290176798 6.0926905682592 5.9989196781767 5.6334709130679 6.32247181273244 6.14537571938225 5.88163393417231 5.99424531960137 6.13744255912716 6.11813318199157 5.83145480126447 5.90882847085278 6.11180362636414 5.9566306458997 5.90192830716247 5.99015325332928 6.02988849828366 6.02108659883375 6.07278368295357 5.92143923313158 6.07211644928212 5.90248675321806 6.1071630630774
24.1185847490787 22.1162747666314 19.3372010613691 17.0338222687275 21.7578954067358 15.5391462048639 31.7060200204559 18.4389468605042 14.9974779635574 20.0663640942005 24.0286014338595 26.6981581293165 33.2054402850938 20.9181968208121 24.6085616186182 19.5580487254789 21.0929148285186 28.1454215135261 31.3148995424156 17.6273800150108 25.3368708398298 20.5971319008103 24.8556815015114 19.9732845784134 22.3855680814558 19.672643105287 23.7781577975641 25.6038263753112 24.0445622122529 26.8506705126235 22.4689262278652 21.6000581032603 18.1819718336837 24.6946574933528 22.5301983611563 33.6218949076569 23.3569278975657 22.3697273738235 20.5165427964112 24.8070411409201 26.3258049908757 21.9924294635275 32.1761431233964 19.9472844373898 22.0046352877438 26.4195603834064 32.0449033633929 35.31823062306 24.9114831028979 20.6749124859512
19.1984541303084 24.2918733236608 17.9652198617491 20.4391574160591 21.6624526092505 19.4286440286069 25.332655846128 6.30785977790898 20.2043802751058 17.7808987782982 15.5957663027621 22.7955602657452 21.3459571338409 22.0705288526251 17.0311410091457 16.5445123748014 19.0272879080183 21.439325308734 26.7199266327717 17.2177613945054 18.3449839159934 19.0040977724555 19.2198231761413 15.0446579263593 21.1152341148637 16.9990684184718 16.553941573655 24.7788897305979 15.2368550156177 21.9003032088426 17.7981330705768 17.8842022037374 14.4155836886265 17.6282191707258 23.3701768900943 16.8610744100307 21.5696711670347 22.7892141528762 21.667285810461 17.8506787708647 15.3199710806427 19.6882070673063 18.8351239981284 16.4861928063324 17.9225824178346 22.1247498372475 22.8263413107612 16.154897425131 24.0501715003534 20.7609547246832
44.3399460735593 46.5183149752206 44.6682791790841 44.8337868888946 40.5485987363074 47.6146844690217 27.7517036267195 42.329024553432 44.3327018415746 48.063185571205 40.4185892420982 33.834886496958 25.1801399127348 37.4183597058461 27.3504784297649 38.9430592314057 39.2193478747462 25.6910424051436 35.6833056420503 43.1043794313841 31.5121493924802 37.7173588981692 37.9175619808585 43.668233641054 42.2460049676107 40.242644982758 45.1850653062233 44.6066919008602 39.1861533006095 33.6522946926803 35.5764765729197 37.5852061014244 42.0086856939146 35.5670357422033 38.7830910467963 25.9105638841634 45.0273160430479 40.0267710752146 43.1072968735987 30.3042673234714 26.8278722696768 33.8805929990863 29.2416448467757 39.7749220562403 35.8230670019524 41.3765986246533 27.2428881318703 29.1072102668773 33.2424476918394 42.6682587048683
18.1395900586898 17.1885511744747 17.9469803700408 16.2915384107021 17.184460709163 15.115612190781 11.3586796853325 30.8911991633076 9.6385167549924 16.325799115204 17.0878007890791 14.5237666369498 17.3042900436596 11.5152036136997 19.5248716460072 16.5386741670151 16.5789948915433 18.8533023225753 12.8613281725578 16.3960097009354 22.0104570155397 15.7455148158985 13.6396860613951 16.5865600599401 15.1915468079131 14.5934460010898 21.474632357869 15.0075107284911 21.9357499480335 22.1735611492052 17.9565979583574 17.1622539586531 17.8904282368006 19.9498951405017 12.2834493008901 19.1347819616435 16.6519714026576 13.4196933247478 16.2886359228219 10.5853509313539 24.1197488235779 21.397520305588 19.6793296744798 19.9460382936743 21.0937022457459 15.4353991437589 14.0765609689032 16.0762527354912 11.2956174998199 18.3952458005257
11.5873909452166 13.8930332062327 13.3498555115648 14.9373454643391 12.1712917807429 12.6178274089203 14.8966032657379 12.4889311488576 13.5518173281038 12.9347586353289 12.7355917356788 13.5121900160368 12.9020101440777 13.3182651762943 14.2863088980992 13.1480144676245 11.3620025348364 13.3827971003905 13.9153708886225 10.7018190594783 15.1689272838355 13.3827261956549 14.1235528695453 13.2499751404038 13.6745480327042 14.2798612126659 12.6832904491086 14.5238425766065 12.5029606285607 13.8555693125022 12.7138261034263 14.6226065270531 13.849400687473 14.8476495294653 10.9439150098091 10.4796403424189 13.7422235225478 13.2896053641443 15.6713835262151 11.9200853170205 12.718588282155 14.2163023811432 14.0359996784703 14.0759035114126 17.345898592112 14.3046535628722 12.373778664772 13.2879269667004 16.3708023037888 14.9638441173786
11.6963938313867 14.1095032840389 14.9765347336154 14.5388836788787 13.1350082436082 14.0735902714569 14.0310562563742 13.7371380635147 14.0809359632678 14.2049525429579 15.4323847562641 16.2806672729867 15.880080000308 13.824898755196 15.5095137947474 14.8501221707567 14.2590075675914 15.2007387886213 14.7802446125757 14.9714272458326 13.9659224638958 14.8279826860533 14.3677213469976 12.0113756081302 13.9184288319755 14.4191813384416 13.1092287371792 14.0001015809109 14.4282375391074 14.6249815557045 13.3988537602241 14.6611680432093 14.617427994296 14.2257040945279 14.7543125708582 14.4112522480953 16.5690042441756 15.136065238257 13.0144767935052 13.6041711376652 14.4741437157885 13.8704117434574 11.5710851636284 13.6634879627712 15.1847324692496 15.2336232259168 14.4536023064948 13.6422517178561 14.3278751597161 14.8576057788679
16.4924951353226 21.8582794748929 22.0439614160602 19.2420138000611 15.3951342783701 21.6867559483849 20.421374405248 20.653100857419 16.6684507113093 22.295415277826 17.3138557814622 18.5369749245789 20.8166994803759 20.8138946204859 22.485737399836 18.3164336611676 19.1684027322094 22.1443095661673 22.8224092059712 19.5604257300721 20.6096984694465 21.4374715491583 20.2732408670884 18.7352294498473 20.9809840618515 18.7846112042529 19.8456671077508 20.9258639226876 22.037746684118 20.0950945706409 20.1374250222422 19.4739122637231 20.2413473497145 19.1992038986948 20.1210814492186 22.0591640650993 22.6879506816803 21.874125067763 21.8671796743144 19.9929310552094 21.6057346454217 20.8858518277575 19.8867387101344 20.6687888792681 20.7817708770407 20.1387401578586 21.5913058976644 21.30966119702 20.0108031997419 21.9660830507005
23.9819835206961 28.7183054693479 28.5312654940027 29.8490776276889 26.739863740738 27.4137682765106 25.610228363085 27.1428781261659 25.3472930831612 25.3449862372952 26.5247110068957 29.7732444478978 28.5261100036426 25.93570258472 28.0583298186756 29.3006711426457 27.8292381953875 31.3192354861728 29.8320098556816 30.1321628070235 27.4489860547285 27.0249906182393 26.924636595359 28.0620006293884 27.6278762383253 28.1742842855871 27.6473896262746 27.9515562577448 28.8960653714913 27.4986954481985 24.9314654274063 25.5418180310932 23.7005621065191 24.5811712462439 27.2876162812424 30.0072667231307 28.8117028732475 26.971397765343 27.354472729882 26.1083626625288 29.1832546574764 27.2471478454217 26.5931661401443 26.1280353934839 29.5876800330388 27.3645988180269 27.5308808522458 26.3999565353551 25.0082899016343 29.1613624402218
30.7896740025131 35.6050241921924 35.1268881608987 36.6954465071054 33.2131792503049 31.4010860936531 31.7882101236233 35.678681248172 33.7818487934222 32.0006226149731 34.7898656680705 38.0179688834364 34.5660885139736 31.5859577831433 34.5160245071712 36.3248381320365 34.930661034746 32.7984079080357 35.0491613719824 32.7814953926509 33.5010134301959 33.0406776426786 33.8933527721692 32.6653905740782 35.0926863116486 35.6569393338364 33.3238511754355 36.1093180966703 36.2454258951802 33.3555190185812 30.7848752730036 31.8386954920454 33.3979997334277 31.9217714537059 32.9167383571348 35.9715331323177 35.6471876507517 35.2583777930788 35.244191609253 31.5228265019866 32.2739110439829 34.2740664652974 33.4537142560778 32.265352769675 34.90394023767 32.0958132970934 34.4947708812319 29.5923153915006 34.0327313950948 35.4931716913436
34.1343946025102 39.4257921386918 37.700784090213 41.377775951774 38.7895104308213 38.9324529003838 37.4421589745779 40.1681378761662 39.0669269665683 35.4626794262106 38.2901066324243 39.7092652782387 40.7229802945904 37.6048674466737 40.8102425419616 40.6715410967548 39.8756055154297 40.3752641131178 37.4929961602446 40.544064817273 39.1731649039723 39.0503889170733 39.2863898300207 38.8242197219771 42.4080927424866 40.3101969625762 36.5268693811244 39.1798983498039 40.8030676087702 39.5255954049848 36.2359097851584 36.342588922183 37.2865658174938 36.7069957516937 37.9327803853663 39.3941764179791 38.6321468123894 42.6139993495065 39.7744230672479 36.4616760290938 37.5240103386503 40.1349503786042 37.7303354561231 38.1787141921498 41.3743667743406 38.2012421676106 38.9387964929986 37.3422881582793 38.8536741673038 39.491545158972
15.9230918384968 19.3026252273454 18.5412617191564 16.3483640323442 14.1135681900131 18.7358335365 13.1441312872243 18.1495472795686 15.9988509205904 17.7032684917074 14.5793101729785 18.6205256548643 15.7037776906445 16.9610394352122 18.1315747696416 18.1636691689121 16.0573255684798 19.8759234789288 18.9535230768709 17.6758399543071 18.8280497946281 15.6404220897393 15.4258687559917 17.8385559124226 17.2599174535595 18.5923418454038 19.8102124939383 17.164491578045 22.006790267284 16.8961881077419 16.4821760848081 19.7461810559959 18.1937854674735 16.9451395437728 18.571395881115 19.6175308805888 15.8694910284156 18.1264102378367 18.2027593141538 15.8411011736726 16.9407267158859 19.0825631559475 18.3836639487363 16.034705609409 19.7351537337927 15.2110296330959 19.8380199743783 17.6956225457266 13.1023375489669 18.9659828751475
79.2540296331003 6.09160498803708 61.9733467344722 28.7514906988777 89.5510703540804 38.2954836295929 38.907959894202 71.8721859619653 51.1311593336378 -3.3017902983464 195.219135907637 13.4743090525819 -18.5684062320917 19.2630877338073 47.1617432290291 60.4511153277166 -12.2118887990727 49.2119595208645 46.6410684132726 24.3117074559453 65.6688566096495 51.6019830850619 87.5212952377493 49.5374326060066 76.384998853203 78.0683979469854 54.638640851695 72.9500329748762 11.027977756067 125.222261836217 57.106030923775 38.8689585862586 31.7426893750422 25.7323278281591 -16.5744081717183 25.6748869574344 53.633617536444 55.725664350161 39.9985071344573 4.27092148554396 -4.34105187478398 -9.93399371565979 29.820745149368 50.6860195855072 47.532612199627 52.0050247109181 38.8104011082357 69.2557641946443 40.2545580169732 71.9266745686813
7.54000082490407 -4.10131278407625 -9.03397900650998 -4.67383013629462 11.4603249394732 9.50364689689507 -1.08526122413836 23.1020894055084 -10.4635405458128 -14.1493195406249 3.67450983849933 -1.36130000957227 -49.4533155767344 -17.2798054783084 -3.64906630864371 1.61915677177661 -15.5902850636871 9.71845645501973 10.2087625202737 -6.78066173282538 7.95199036028696 -1.29098015662625 39.9243813537082 -9.52794909803054 12.8343705015115 2.89632987769572 11.3738953483689 10.9390115494711 -3.93351027840393 6.22722921589935 17.9973581914423 -25.5024532273608 -11.6187725949015 -7.55306050702577 -4.87391082538631 10.1362589006127 -0.186952283405704 -8.54258219989554 24.1863217445028 -5.82682096233679 -11.4656682081324 -5.24421565051496 -7.50929972210592 2.14051181838393 5.09962519662726 -3.76285671841876 0.0627116857148915 4.74270829330346 12.1065864982537 -0.852570152479421
1877.02475549562 3818.75246577723 3963.389509769 4543.51176081649 2652.36511254228 4280.0151538065 3579.70366722813 3986.38170164677 4833.45205031173 3665.10661910401 3986.0760741196 3122.07743401801 3594.88393391686 3866.70430645467 3867.05247486783 4170.49643408487 4493.5095955832 3041.32294109629 4829.97621446818 3676.77767826632 3943.70663472462 3529.53790247013 3575.2884332933 3686.0193770279 1995.54418282388 3061.25972840814 4052.70812317532 3817.93361885376 3198.05013378623 4592.92710458963 4517.64094443346 4493.29498153404 3897.77524099687 3899.77167453163 3400.7456274672 4625.51044110423 3309.62374162259 4159.7797871433 3150.86633075888 2852.3657334734 3570.19632937233 2909.71197697679 3891.81041317842 4176.78194086333 3927.41302503281 3873.81006502788 3643.55206187932 4012.02874926978 3504.05856071904 3319.82255227645
1212.35207314656 2675.30747360694 1483.55508347968 1763.42501277647 1883.85302431424 2377.57330406801 1785.4946122923 2111.84007070409 2265.18281162873 2093.97004216207 1767.5469514138 1803.14464377482 2039.74112763247 2542.44457247906 1827.6175063476 1559.26938583826 3084.1410663454 2077.99848408214 2456.50936567392 2092.76863634947 2439.49421414456 2385.95876689062 2267.16955957123 2421.68446529194 1474.13383382469 1957.25868747128 2246.3943545505 1797.34874516128 1702.9313580573 2639.03216991776 2085.98688651369 2557.06538468416 2459.44156888935 2260.63083725018 2220.76751258788 2140.7686516639 1796.75244884338 2128.28800327733 2600.06447086228 2211.93214149547 2122.9231072673 1997.74287577805 1686.38390476537 2572.57530665086 2319.14144737295 2101.86710706087 2499.06827467092 2113.47810167452 1737.14460029228 1990.22811840253
-36.2312968568232 -6.32504671451552 -29.7133317222894 -42.1739894014618 -75.7660774368172 -38.0070318245284 -36.5880925498836 -27.3021905747194 -6.65474780030165 -23.7094819688898 -27.9808659142751 -30.1861792779141 -22.0488902472917 -26.4571069887283 -12.3764275097353 -24.342311840475 -15.4447685837223 -10.386953581314 -11.7152591237825 -14.56869705708 -41.8016789370338 -17.1731926159002 -32.9342108605975 -26.4703164402529 -15.6314891734671 -15.7437494417718 -37.2371422875517 -36.9689426387826 -23.9162250988863 -42.7971802429001 -22.428835389421 -19.6838846203237 -28.9700388845242 -35.7320614440638 -16.6938422709338 -26.1870547135315 -25.4279338624095 -23.4207563215998 -8.8203395541169 -17.3665161061019 -20.2118357064343 -18.6188775663039 -23.932638246664 -4.22633595589735 -13.8389230792483 -25.0439474700003 -23.3358035924892 -19.7685591891301 -15.2174844394066 -38.2098771242252
-16.0502961074771 16.5288498831855 -0.59347500423742 -10.0580779082898 -7.87977616685236 -8.11151446604902 -17.1499717107752 -18.7296234815397 3.08820306953513 -5.89821268219602 -7.91722912913603 -18.8830743642037 -4.95048049951125 -8.74813077350831 -0.671540710228388 -5.54106038179594 -6.78456880035675 -2.79859412603708 -13.6504118537035 -6.19559693947934 -10.705658715886 -8.50369017344593 0.791393561460903 -2.72789075858156 -4.0318205072829 -2.80393024402645 -18.2546722542859 -8.16383684387991 -3.40826148943664 -16.1914306689016 -19.532843315513 17.0890019295316 -4.95008050412716 -18.6741698021594 -3.99381914455515 -6.06444201892249 -2.11307996167436 -11.6042208127919 -1.2127604684403 -7.79325371879301 -5.94946472951448 -8.75287077697342 -3.06438035101415 -3.2030868474332 -7.23914028172637 -6.82232060072548 -3.4423128814294 -9.19867157212411 -1.27525219810144 -11.2727606274918
838.565035186316 2128.93862158477 2638.91971597925 2066.81064988945 4224.60920388626 1504.53593276452 2634.98593858533 2518.6340093546 1609.2341013423 2488.84183815172 2342.96148996771 2643.75326268486 3285.14730075174 1527.86135318805 2178.59939696898 2144.45906289949 1029.75759972133 3206.83752660048 1613.8694532592 2793.86261360636 1194.80287956087 1489.58108836032 1785.91904987046 2377.86067994021 3962.27138858648 3538.1208661397 2727.63146206887 2749.17215074399 3338.97063940157 1703.17708703051 2057.24581647462 1590.43725575383 1553.20019667175 2183.2209034297 3198.13995730718 1720.16408252664 2565.03265448417 1849.60990263816 2032.90222865534 2249.59069295263 3461.77433213539 2865.73369969805 2628.31793853465 1462.26038915866 1760.1580422667 1947.13046538734 2565.24770765398 2533.57838836146 3064.90308759465 1422.36559001451
950.300531177866 1446.5907391103 1217.47335248165 2008.74316244229 757.793723051775 1690.99890417725 2229.37102037487 1224.43955256255 1463.5554652229 1032.46960758279 1211.20596115682 1377.95109606801 1227.62395099268 908.56245014028 1514.49634910334 1231.52560216598 928.612194174442 835.740174979963 1409.3098166966 767.569574113215 1988.79094000542 1310.04977743993 1032.42189194641 1393.11867403582 1293.94138999706 1642.98022684052 1036.12194047067 2236.34471053698 1424.11923001558 1020.67903520647 1960.42592119779 1684.61694845916 1309.93864599496 1869.37454157165 908.497009760625 1097.63604893791 1444.39361446358 1257.84296950142 970.354161465244 1069.34239990445 2450.52301511468 1240.69952279861 1265.72876577551 1659.7578827716 1663.31803497425 1714.26533052286 1036.86178686247 1517.01442071815 2919.3556761757 1626.47966488227
74.9323793848675 78.8444526478534 96.6438747705139 34.377979050724 46.474879616686 36.605364098183 55.1721232655764 6.28755883174898 62.5892403276299 115.799758482969 65.0688254171376 67.3117089951568 118.735515821188 60.684903330419 71.367495717852 52.4016419785124 53.2304552846881 57.7376132645003 32.5383462785713 13.8290249099247 38.2737710900805 23.2780238577914 24.4519044271432 83.6095151904738 33.0350319808104 39.7232180141841 74.1893383770196 56.6729379401537 54.0872071732876 59.3178879600469 22.8048305393648 120.404285360883 64.9948204918424 127.738570679842 73.2931752596907 62.6913742579736 39.1166381972719 21.6324266244693 11.4245221342134 27.8213543184239 66.6805426097654 60.8174218750237 25.9583265064608 69.2561323082327 75.2444809864928 94.781422020711 41.9150894639014 45.4179614751866 55.0967196434203 58.3686541666596
52.8856244781442 66.8736029516213 71.351918164224 41.3247705227057 58.1784381424569 16.1637079323423 51.3674074128781 23.907426207955 23.1107184330662 75.8261261048072 48.5459661423325 56.6146228808597 142.352020655819 52.6210167577117 53.2875374907162 53.2381603397507 44.1176971907507 30.9535475957239 20.5296967038684 34.8315007175516 54.0592045266482 60.2673458808322 19.4068049963166 55.8602375240067 28.8515116034658 41.0825886578348 65.8852357287509 49.6680843273165 62.3890324068197 49.0288248411799 24.3060991212027 117.926692271693 86.4273448161778 74.6189990063216 45.1399438053214 31.2293624309176 64.7373106303904 53.4043947494366 39.5645874388947 49.2992505078792 45.2002172391692 51.5745751097946 48.1274498202245 50.3100597275976 61.6488220838956 82.6350138885432 66.3677208579521 59.5577252871514 67.8184079435655 44.9658317757117
8.25430927383689 11.2281770886479 8.87681613235889 8.77339459080633 9.77043887953838 10.1192570669011 9.2523845827434 9.84876410325794 12.2198155352944 8.23508511190084 11.0001636870953 10.8842179426511 12.8518325643943 9.73579381008503 10.5873401223385 10.3805674378631 8.23888429905471 8.24580877195265 10.577512592572 9.95464653681618 9.62602428241911 9.70749619945097 13.2319267738974 8.85681255510479 11.5792303126507 7.06727271933488 11.5383876034059 9.68226085819889 9.75073921452474 10.1849500937185 9.53011262327621 9.44166309775053 7.7951507793179 9.64261662751315 10.4415394706997 8.81020583279934 11.636496880675 8.14125550025268 11.6924743292039 13.4806213706656 12.3362069509092 9.0922727321001 9.14961222093033 10.9337687739136 10.3582222055808 12.1825839230174 9.46900000934489 12.5672995139455 11.7607743272398 10.3123088634779
42.5193397123608 72.673950135155 85.655162654805 47.1061033769627 29.7031585397188 28.573379101594 44.316190761988 12.9623245260256 51.9339291385187 101.891095984463 73.742281176137 73.0624246579256 149.572632275284 55.1182138624364 46.8901762013672 68.0630885919673 65.0078803955429 37.9675731689826 29.7405602272547 8.09566026871833 54.9167056641744 82.3916518189299 14.2323487449252 84.3072731937135 -0.738256637660738 39.339593556575 45.8671167676467 42.5999764208904 76.2808125910797 54.3045190717889 15.0305651505108 80.3844152741482 50.4288149641882 88.7710249255009 56.0832109778636 34.1918802916028 39.1419105144481 12.7324741800773 2.4155683616353 53.8660699014142 65.202283375156 59.9421833329692 37.6343113511766 58.6363633511724 72.3213744446851 120.711325691999 28.2779648709384 71.8379816449737 29.7976543328772 52.6402737841528
34.8705096046425 79.9916843631214 42.5900151376233 60.426684888369 59.7720153898492 59.1348179873197 64.8142605426284 29.7433357629102 64.4151908448154 88.8452785608178 64.0647251256719 51.9381329219907 93.5586923707342 68.252158627798 68.0104732166691 39.963014731521 59.7568427205058 69.764469370813 35.7141527280028 25.0421373959325 67.2674710860558 83.4170081419898 23.4246555345338 84.3314811736961 11.4717421842001 39.3660100189316 47.2148565721532 38.7699987319629 76.0813581185494 52.8866021448755 22.1547191715935 75.7034013970445 60.1261845569642 61.6158908137255 61.2259276796566 56.6980366775172 43.9634184824984 44.8918703068573 20.3723940750974 54.6785187987915 69.1156267388806 48.1290825482678 48.5851460950737 54.2432278879887 60.8537619086333 83.860284904689 61.4565404671168 44.2114645563708 61.9527777192922 59.389313977173
8.80293999216949 12.7383993789913 9.08248743146966 12.8191726788481 13.9699558136224 12.3174081400734 7.65603533601792 11.4162850278638 10.3138043335016 7.54994675683058 14.8976054361336 12.9838636650857 17.0099022067416 10.9692849485628 12.2862619295317 14.0706916026101 13.0897237421696 6.39256520814374 7.47911769771958 13.3228304859267 8.32881242566344 7.84786055522298 12.1903042717972 10.8486030943527 12.7079067447607 13.866071616967 9.93409876196619 8.76424446926739 9.44362176524849 12.155138724482 8.87563869362004 10.354318478825 11.8626657315468 9.03259395280064 11.1806992792985 10.2361725913473 13.3214292748611 9.74355607955289 15.1071787751321 10.004931828179 13.419885636752 12.0916536668198 11.2404027362404 12.2548215004661 9.35474498666084 15.4554811968089 11.3254350095041 8.5950601200365 12.2268606589527 11.035990929906
69.1409978806527 63.3992794479263 66.3718639241037 30.2009801862989 45.8544838425622 45.246222728096 49.5811000133958 18.6293309027422 33.6343281124662 80.8070174752848 47.8192136913374 62.662303621399 111.944563717431 68.1147504674955 73.1899963160306 25.839463576991 53.5668400736739 44.7519421230252 37.2908212414589 15.3910216798839 65.9416737210787 57.7433989463584 21.06003818903 93.184656820361 9.55206939474088 30.4277586450262 50.6322424354448 30.5596087693635 93.4466163618843 76.5292344276917 10.9943575749453 65.5883647848459 37.5311852863938 101.63640694503 49.3513562528194 55.480388043902 41.2903652684572 47.2650920972423 3.77750981054029 57.5096760574127 57.5158487186852 45.9141961655741 56.5001147725391 51.295312508969 71.1890110239561 88.1513544109532 15.6070234899496 78.6205311498045 24.4137233685048 62.688790018722
58.3963292773677 51.7653434755296 29.2783061368715 48.3191868545363 43.9246687044663 51.9594442331137 52.7762724506558 19.298509029682 31.4712667906667 47.3079355080333 60.5602833294117 36.2520160468315 117.642126104119 47.4544938443374 64.869341849864 44.7030628863247 63.1927600114377 96.7371245792024 40.0606534694995 15.7261072824934 60.7394266102311 85.4684265104463 31.4558946814207 70.5668969229151 43.0719720978833 46.5838558949433 51.1685152385398 68.5043815005377 48.4314772202154 55.7174650991564 5.40144259432268 51.8574949312085 49.9315935308586 61.0406251348351 50.4836628671926 79.1068802211057 38.0947544037325 40.5391963225227 10.4404974779519 35.3875771194137 86.6408672606026 72.5178620849323 57.6051187650642 45.8912387386379 114.943857177841 56.2007159897737 66.0938477114744 43.2082677984006 39.9947386661768 34.3675313162499
1.2198585053057 2.06044116729538 0.229064637455499 0.749300956894176 0.697233736061598 1.33079616981993 0.650572841614845 1.16650864329228 1.70336270321272 0.650838387919784 0.852127459989558 1.29318550169491 0.543638906704935 2.53489984339539 0.552093096904329 0.417933891340405 1.35659741384479 0.253361782394187 0.931210378087442 0.922075632651069 0.510133771356267 1.25735718077716 0.623047310940531 0.914503394770481 -0.0167335603790336 -0.085550501851505 0.822488211944897 0.580740099858315 0.665812414950929 0.514656560945842 0.408627039484541 0.317633339172839 0.88544862993799 0.810447729979273 0.377764628220038 1.2569044147237 0.602352050418925 1.38104285848472 0.220223398036154 1.20494442882142 0.978605802190605 0.672872020862296 0.178342121356164 1.26140061223456 0.771557974018358 1.34694109584934 0.913408725275756 1.79638442039671 4.18448321769224 0.673428348102038
69.8652205242946 84.128427563849 72.6979717813814 48.3782362665708 29.8296081898267 51.2613428837281 52.7864933586233 44.7566160014848 77.9637845965588 45.1183228558783 55.6345979333893 64.5357271931907 94.0890794112542 51.3057669996085 55.3900318908326 35.24643902736 54.3622475942939 58.333606694615 82.2454892599752 41.1495713797683 86.331087957019 100.962442928566 30.3947764013649 52.5010007359449 24.9885764771973 57.625309959317 39.3862648599868 53.0382417630445 30.1640660394 50.1221863439468 34.3064163694663 78.9842203780423 53.0230598535403 116.550617878066 83.1103041389101 50.3691965718532 55.1851161042141 55.5649221346076 43.4523160183571 32.6984970068391 93.848975543425 48.2397853389051 72.3737215428864 68.3148871363538 60.0158529099621 53.7696846720291 26.2382820630116 78.0912109906089 47.8581993803196 68.6902902428
38.7343571418611 75.2987385012874 45.0074563235621 50.3385985107821 29.6755705466464 70.3550151361516 63.1798328117535 57.863632406532 41.7383208752557 55.9525100397463 52.3920204435107 31.6920883361995 94.3647981516979 36.7868673659636 65.9587165065512 46.681211269348 74.7224328780812 76.4721030080761 34.1305462823801 24.3134102316816 92.1207115324145 41.8881509113716 54.0506400245455 63.9668911635492 38.1849677530811 28.8434796990601 35.5216729631868 49.5012433340178 75.0653963062485 46.3534190164921 13.7275326379259 43.4592023080566 52.4514036311706 56.6290245280496 28.8838958395007 83.3386696593284 34.895850555451 51.2676617070545 32.607995533552 27.0820702872334 64.9069776970896 64.5192867302157 57.5928632202134 46.7409197768989 148.512564195148 64.1747199131996 72.3062758077608 53.0285472002892 56.6633202278978 40.6825920704101
6.89496660699507 6.99413745821487 5.35738361469208 4.68662456518992 5.5333552383611 7.55281737971126 5.58826196682252 5.71523017557681 7.6030501443121 5.14520393822992 5.50166890928077 5.89920113192998 7.96601519654584 8.01379871159298 8.93977605765206 6.73977743101978 5.69236801322403 6.7017984186057 3.96426625809696 7.65052394351803 6.00615072735147 7.85747442521574 7.4353201249887 6.63214808370345 5.34789528691438 6.01897787789978 6.57280781346667 5.16923164318914 3.60656916329935 8.40737658559905 6.5197339092963 6.03654523684997 6.04045927771652 6.68659893457145 7.09198418132131 6.16153250899499 7.33816897465942 4.97582690907155 5.47341161568553 7.49631928811587 8.56014571013948 5.90083978740445 7.24220601867882 7.35485761336821 8.59130900900176 8.29589179111428 5.32449662655692 8.84772442824792 6.59966261628567 5.59123418934224
277.487290564787 289.910545910563 115.995550899378 260.0254994078 193.722332370595 262.189272228928 208.567650637305 222.742551726796 206.212476381921 216.280909756987 59.4103008266207 225.88282818882 190.079185439157 179.589642541468 196.124009136665 218.642045164105 292.524189797114 187.352129908722 234.47270037697 247.904237422465 140.255398432659 140.289718217236 145.171893944624 192.481462403639 190.672896916997 184.420255489513 162.821535757435 213.839273482076 240.373303030587 56.2580728918985 160.816999706961 89.3660189548437 163.300620410287 128.620355633358 281.501143504667 212.507876867595 243.412166531518 175.720267147145 247.853700621179 238.733752156442 174.097790210711 233.011266015998 188.74333427959 155.92376889424 151.521001604364 119.603712249975 188.606401752547 128.804901889073 190.129012944588 167.48298867336
229.466653610107 210.733887710998 169.067230013819 163.355155493255 177.004786098736 172.313944410576 156.328589670131 177.410744432832 189.371690553761 161.907851939618 174.057714142486 188.220074254492 183.713064917958 187.648196869408 156.037801744335 153.243218332545 201.20434674682 167.323220010629 239.505773174619 231.519542670061 153.210240393795 170.866804605117 172.75148320936 205.606254235322 197.783114324681 192.568503366105 170.037224269761 161.990573975169 128.26306805207 175.586678853468 190.262170951519 172.424588552692 157.724674727325 173.117671603673 191.868332582169 163.825596545176 126.30859212708 198.578797223376 204.395964581203 174.673002205137 200.47621448973 150.379990770744 178.576027637925 171.078514668032 184.574644859979 153.474607101019 201.130530858014 215.647538937688 131.495053820217 148.431522042678
