34.4515768381992 33.8868345983226 34.6486704718486 34.2690475382038 33.7272789936918 33.7285723185202 33.8648251138563 33.7777434716492 33.4253210540037 34.1063635267596 34.8901921814298 34.6926958442639 33.8479293864296 34.2562313671117 33.5775794537118 34.1507150464797 34.761291700672 34.0225349444871 34.1238724946954 34.2447023238669 33.8507383764494 34.0257249195091 33.2814666704153 34.348004457325 33.0718627164172 33.0066275250616 34.3132584083598 33.6713635566739 33.9684316416532 33.8066747721765 33.9054802146386 33.9859913542057 33.6805349066499 33.9564946740702 32.7774775907615 34.9232273570776 34.5037063887967 34.8200114887902 34.1645332348694 34.1901255848474 33.6671031991088 33.9869172292147 34.1354832078398 34.0880567960272 34.9514015115958 32.6752685876349 33.8604529603798 34.9788868654706 33.9109851379882 34.3547554593889
36.3377794527156 37.0843330676416 36.9287017439378 37.1263236975783 37.2429331865699 36.8789999969342 36.8125227839807 36.6800038764423 36.4077198061652 36.8584190492519 37.0909326417478 36.9965815162756 36.7329745125111 36.6533024471538 36.7724586701907 37.1470032360402 36.813036087659 36.8925498912854 36.9412747873033 36.9273766212261 36.7536552235912 36.8014697242431 36.7582754479244 36.8062177218905 36.7887344610963 36.8455623028153 36.9709832875852 36.9267322798015 37.0614659285832 37.0142283593277 36.8381152937898 36.9245907346754 36.5997111502996 36.9184406515224 36.9367620836046 36.6753736856006 37.1519561693223 36.7282514094059 36.8528545266778 36.7763062895984 36.9526851477398 37.2543120707524 36.7290649247252 37.18370221415 37.2438068865946 36.8113237074486 36.8337667550136 36.6466294282275 36.5885593865742 36.8234492871396
39.0605678836068 39.9531961186408 39.9332094472003 39.803567829287 40.5399715442578 40.03242298015 39.9679783317515 39.9243209839791 39.5951423672555 39.9638974539405 40.2258094977465 39.9881806079318 39.7192258618623 39.834783484594 39.852157380474 40.1654464496505 40.2584436057934 40.3948182365874 40.2504437592504 40.3590037634016 40.0952588210662 39.6919406413669 40.3669803138851 39.8162818275146 39.7142124921457 40.0232388830656 40.2355705905384 40.2427985942595 40.426946264039 40.0500988171939 40.4089349013387 40.0245167788084 39.935166013277 40.2869837063858 39.9878569448112 39.969468454994 39.9350329570929 39.8660256787357 40.1387475382393 39.9718667915798 40.6078569634173 40.2279726693978 39.6886850049369 40.1522048194502 40.1658712369472 39.8402088773192 40.1967932254719 39.9034891452366 39.5864137302267 39.824630135113
42.864281519812 43.6033722909396 43.620012827012 43.8876170996453 44.3264742262243 43.4252185953513 43.8277950442779 43.5007457236787 43.2640657137325 43.9235054641241 43.7407327377389 43.8350938240054 43.5412962403958 43.4883765082574 43.6008867210666 43.7673996655515 43.7729199307169 43.7631155848552 43.6603764505638 43.7598937104474 43.5972058823119 43.6262714135838 43.6825499484175 43.6451875456594 43.6141013864677 43.4440373697782 43.7914649994894 43.5745167903478 43.9085007060799 43.848326571826 43.8029745204823 43.7284089542608 43.2538171918083 43.8357358362521 43.6876972213096 43.5674122161896 43.8941152216447 43.5258197437792 43.765023493202 43.4986869264482 43.8375275621114 43.9881734863622 43.4611911660485 43.7797158724135 43.9973732367532 43.5228984131378 43.7814888858965 43.6246355206446 43.4655779342465 43.6075965881455
48.5885588369604 49.2670327338286 49.4569786002939 49.5406894828083 49.9201951980252 49.1545581508312 49.4896726611056 49.1621392216987 48.934911192638 49.9002636173127 49.5394412132142 49.5944324281375 49.1951924772223 49.1776242957396 49.3379911350185 49.6145952726471 49.9285995612837 49.4232671682319 49.3685068227155 49.3242234704543 49.4135822946123 49.1012081793708 49.3544182777309 49.4505800567267 49.5243443847731 49.2122063618543 49.4985962262829 49.3465438519742 49.6188239718881 49.6155179234489 49.4544115916649 49.4125721749084 48.9351675122261 49.5232641419187 49.3495907206998 49.3354648376863 49.66284070908 49.3638982341391 49.547031417513 49.3431293508497 49.4197723380051 49.6515242626793 49.171310286998 49.3946293667881 49.5434748716865 49.1464692590159 49.5282700627486 49.2795792646368 49.1833419061941 49.2546140190799
54.498265177181 54.8506543391777 55.3912761154926 55.3488162426257 55.8090118592422 54.9939954184504 55.2625077252595 54.6861480597601 54.6486724357485 55.289751049297 55.2715745910727 55.2987195973853 55.039220030851 55.0182248034859 55.0578457532089 55.2588300022361 55.459762983134 55.2262423617214 55.1775176345186 55.2774962042046 55.1506629678497 54.9963774817264 55.1693541944117 55.0239350510146 54.9803120240611 55.1463096201989 55.2549520473061 55.2130223417649 55.4402443338468 55.3410714428345 55.3187985415808 55.2517822992609 54.6400932354751 55.5196609286667 55.2312445460336 55.0204040785028 55.3746085216664 55.0977154400913 55.2646955762011 54.9783015721545 55.4147978953703 55.2057230844681 54.8758819310833 55.3543892335042 55.1481163297956 54.9533233426999 55.1492330838561 55.082557079811 54.8107096543635 54.9482861406199
5.70830660804612 5.63937593512198 5.88200355786025 6.1010836780382 5.85952638333888 6.19844242142382 5.8837881140429 6.216269760889 5.80917951213878 5.72949711515901 6.11826677208304 5.76059060556668 5.80069509126726 5.84095924169368 6.11931992278153 5.68592823870465 5.35160614016025 5.83013775846875 6.26407029894288 5.86183082995245 6.39429039083805 5.85177931476477 5.7712141942929 5.89419853794545 6.17811464055515 5.853657120055 6.2414241627254 5.93967621070794 6.01640195627945 5.85040060144345 5.50446228136332 6.02507990256893 6.01293437260547 5.85705574477576 5.79294029483035 6.08692260227056 6.13310152009278 5.82290566019528 5.98275390353376 6.03412115224509 5.99613590837203 6.24060919168676 5.90922510933151 5.88899623698373 6.31090734477233 6.10723497196738 5.75069920188139 6.02712564325218 5.61800455809167 6.10946580465547
21.1600019705031 20.3302230317605 18.1264876804312 20.8618585154031 19.7238490305427 14.4871503133013 18.7950948691502 16.3478253432456 13.1089079841666 18.3241293540694 22.4264530891817 25.5938551783014 25.5757568422541 17.9876114290522 30.9067973192179 18.2775841620322 19.4109688005429 20.7309053168196 23.6575730962184 13.516231525037 17.6222494035735 18.6584109197124 20.4231875782675 18.5238202319015 18.6790821486089 18.7712945505158 17.4794398798593 19.1289652176923 22.7318615647603 23.7310097773683 21.3450281193338 19.5509825527012 16.3411047484599 25.0861310632316 21.724959090656 23.5096660983833 21.3743877301489 16.5981832400642 18.2900904527761 21.6066572250228 23.8904537075922 15.976619783137 32.0905342547092 16.6659186853163 18.5218751485729 18.2369164014583 19.1574106547759 32.2691206935689 22.3420397587194 18.5402215570596
19.5372729215212 22.3301260153641 13.472325615967 18.5920016361833 16.2734279194215 17.0332701799311 23.4640805992995 11.0690818820719 18.5299548200677 15.9097615354238 14.555891750149 21.8526785751966 21.1612939573229 18.9785047169898 15.0725071159355 15.4613438996232 17.5100546768495 19.8078272091281 25.2327417091097 15.5048805194875 16.1603673684782 16.5142018099378 15.7923673878583 13.9528647771597 14.9540393814562 15.9250120587888 15.2111040820964 23.1408048567447 11.524005331096 15.4846430172252 16.5558892525518 16.1876289213072 13.0565528295655 16.7977920411487 18.2959018174905 14.7373545768513 15.7910669333894 16.9094395334087 19.3159549965116 21.5384033623973 13.9027490339079 17.878368045222 17.4316205264411 14.6767487011692 22.4286592976383 26.4070411689537 21.3223061791103 14.7602052992827 21.5695663580307 21.0281910622376
36.9387657661704 42.7616191464039 42.9938383657971 43.508772302082 40.6144625698966 41.7442300089932 34.6436396752515 39.4005372049623 44.7470869074213 46.3975877429389 37.723610259377 32.4353905158168 32.9339495462184 34.4790136588244 24.2050888155701 36.6528515504755 37.0491624988173 32.1795785499976 33.6972345383897 40.2624207439685 38.105870252194 34.3245997365351 32.7822157080198 34.1040558534323 37.6649325216689 41.1585989132084 41.5197026201373 41.9273086666345 37.0468051870372 32.0704240721629 36.5154450595473 39.059235829471 37.7583806598334 36.2124377885801 38.769286920711 32.893101768473 43.7774831299012 39.471734744945 42.9217247573659 27.0838911512665 33.6820377204884 42.6002243591203 27.0626971496767 36.7485012517666 30.6260982381542 38.4707397529969 34.3118405647327 26.5943130384815 30.0068834722766 42.61670155727
16.5913921219403 15.8004493368448 16.8233095134117 14.8192169873761 16.1321152751622 10.6015965293937 10.5208461859321 22.0777670904259 13.537426691706 14.4973695161711 15.9484422698676 13.9230271297766 15.8942519413187 13.1075433913076 13.823560813178 15.455887919036 15.2569881972405 13.8483563023433 12.1454888808048 14.7793209453439 19.2894811683705 11.5034225565992 16.5746010163854 15.3828708347766 13.6035898278629 10.8243944651987 19.7326338544142 11.2123143830669 20.7381788337903 15.6778504636144 16.9387254609758 15.5341678298546 15.9560753274274 15.5674352382727 15.5814595104835 13.3797436467854 15.2385491273811 12.4466497237176 14.5209954394882 12.2345691975438 17.510780556436 15.5444420904601 18.2129200282595 18.0526614364922 11.7127407206884 10.6547603261664 13.1490517399022 14.688350199604 10.1305544209413 18.1701073794534
10.3507274228745 12.7710686655295 12.5140133102997 13.5874070373871 8.5607721784171 11.06216486459 8.8305965689481 12.129819238992 11.8452933755942 12.5437410696551 9.50913939487801 12.9532918614483 11.0269553513076 11.8556536318784 10.7570235999898 12.2872145564583 10.4559980689445 11.9655826775854 13.1408654014951 10.4508635233487 11.9814322279016 12.4806261147509 10.5775637576333 9.83073791852017 12.5662354792209 11.1395515221588 9.3235487278454 10.8509593606306 11.8203678507091 10.5025558347251 11.4339849071706 13.2354424103277 12.9919705975551 10.9666247714153 9.57972539340651 12.3354033215933 12.5757811615252 12.3259942631403 11.1765817490365 11.8436274277632 12.422519389258 10.3275746884765 12.990104027383 13.0920397888361 10.8935374856389 12.342785392342 11.5584663214699 9.71259797541082 12.8882794507986 14.5189943463158
12.8478583117114 13.7567290993048 15.4766210657174 15.8162642264854 15.3901804929869 13.5587066175389 14.111919461553 13.6586931887889 14.2544534187121 14.2475021157027 14.4970275045664 16.0300863114773 15.4799076532242 13.0716025084778 14.8599580947029 15.0651863696037 14.1506711953063 14.4018255473744 15.0443884933074 14.7580068536893 13.5642086047942 14.2668975826804 14.4789711411385 15.1063354464589 13.1002526950671 13.7413661264416 16.2382488639369 13.0745817177761 14.7072632729084 14.7815508789898 13.061273625992 13.2703458131782 14.1819933069949 14.4230163100736 14.7404441498936 14.0634252150773 16.5518900371368 14.4573401164539 16.1502061869398 13.9638177461885 14.1663696303105 12.595373730099 14.4306401810045 13.284311386292 14.6497180587662 13.8393103256591 15.698766333973 14.269136655104 15.5337367900927 14.9202348907835
19.2964443973979 21.3936760912046 21.7403847653484 23.591927982584 22.3335185509068 23.0876361286056 21.0677239232092 20.1010523398189 20.3721047488888 21.549127416091 22.2222616228875 24.7536423956423 24.8574751347539 19.0858447689074 20.8381092336408 23.2094689994746 23.7826406822684 23.7942381965127 25.2439269324556 19.3724982306125 21.0325641718853 18.4591949069679 22.4342652353932 23.435949850226 16.8346432819525 18.9061261713536 25.2289136423236 19.9447059760371 23.0750779779566 20.565411468418 20.4409240147847 19.1203177676291 20.4443346518082 20.9738377682042 19.5188168998134 24.6227234637972 22.3920472785089 21.5908728120859 23.9540851239956 20.6353902963951 20.7999475020343 19.4868953615617 21.9964975817517 18.4405441984396 20.9782281268675 21.429946142264 21.2369962698474 20.3623904902305 18.6485173447426 23.589220026591
24.7860396722801 27.5685305255228 23.2225918913045 30.5022767309589 27.9324463596007 24.4084735795866 23.7211789449917 26.3544811581577 28.434945059439 24.3491584972732 29.5389527457789 29.433563737144 28.5747910061736 24.3744988393197 25.8793537709149 29.2534620665917 27.9573112387066 26.0233849906505 24.0830051835531 23.8861251397555 24.511786840796 25.6543210752247 28.0657275625548 26.9854854605383 22.8182892041003 25.6950268860901 26.5620382759841 26.103732484998 28.7160365369338 27.9863270670569 25.8889528312041 25.0972816801917 27.3496374379223 23.3691558330711 25.238232287192 28.3368075220182 29.4123969467321 25.2170649472414 28.4631871485022 24.0851494570448 29.3673997021881 25.4886619108099 27.6967508057883 23.8131182990062 29.2460594920375 25.8224562680788 27.0822302156246 25.3824194950379 23.4717205698824 31.5785081916565
32.0871354178186 33.4438182241975 34.6544302101808 36.9880000709148 35.0500173024862 29.6986243926575 29.4434633691268 33.3799856422877 35.256434157228 30.3081919192218 34.7843687874934 31.1963314067118 33.7943498513346 30.3243415292832 31.0739630588051 36.7471901515524 34.3196958831896 38.0287249638863 34.0600361855504 31.4957833325235 31.3252808837875 32.9065602946426 35.8354230068827 32.1853030244994 30.4051309064044 32.4092654392801 32.2427354909475 34.0177569341133 35.9346354150131 33.9372778930494 32.0023319566714 31.3679570261042 33.9394275476386 32.4265574314067 30.3626573368854 34.5534242068193 37.0789100001166 34.0876683520343 38.6940992168931 32.411465281467 35.9234094179264 31.9155562626519 33.6443577695369 30.3429188474271 35.8367002209188 31.3128930524732 34.4428393546575 31.2000646417791 31.6004364695075 38.3267944591359
34.797682976598 39.3686975364826 41.1060041840819 41.6826360890776 39.7552333140622 37.9412807722398 36.7093921573622 38.1956025617797 39.8931309208238 36.4164008942364 38.1787884360504 38.8917427483675 40.175826722966 37.0738573565765 39.1716473138738 43.8072287436888 41.0265985688015 44.5427004537797 37.4193800698628 40.0455029048182 38.5652365165832 37.4550762984331 40.3418004960784 38.6903834405175 38.970036907384 38.2081849074237 36.5469979769976 38.4889648800355 40.0314218653135 40.1601988723217 38.8153372537687 35.9023014894843 38.326841447118 38.8692535108356 38.1574884949347 40.6020008828092 43.5350439462156 38.7446425837127 41.4561439594509 36.9833717690492 42.5044002220129 39.4911342684474 38.1274733321456 38.2640674835562 41.1108571074303 39.6823790041571 38.239789299539 38.51552697976 39.5300686475858 38.2557608567214
16.4764375058798 17.7437963721858 19.0676514560772 16.4548596021672 13.9798412769461 18.9795816862965 16.993421283262 18.948950773116 15.7779022903746 19.7734110693052 14.7754739923182 18.5117120891083 17.9605059443092 16.8439541906349 19.2528686527163 15.097330850376 15.9329410291355 19.9880962971579 18.4370027397711 17.3669000090044 19.6800241268524 17.6983791476479 15.5873979639681 17.702516390386 16.4700150781764 21.3232225817671 19.7652804011744 17.4130731718763 22.7332889156732 18.4239644567097 18.4453743779248 20.0725346103055 18.2997080095662 20.8040218077382 19.9563253375387 21.2668004013781 15.3508270900471 18.1608354103783 14.662783918072 16.6414861111 17.025954935844 17.9210490449607 18.3836911751621 15.617764348748 20.2707816645296 16.669728691442 20.5200493588753 18.0556327034808 17.7405149095571 18.1046838688761
108.167637662298 5.89586363890428 29.7436976787167 26.1531212483469 72.3679196396325 34.9337003917421 36.038049561685 62.9999642456588 35.7539402001918 -3.71821426046261 182.202564123185 12.9169777498913 -21.7594489948595 17.5103066388762 42.7984939911602 56.4933835475964 -13.2886987422397 28.1603203135804 35.23608574181 23.2774487461301 47.0111999263747 48.3678804080329 80.8863883690773 29.4031958216136 55.1403740743432 46.6036851348073 50.2064145388854 68.1274462140305 10.4259109181212 62.627106556373 42.0739184257971 35.1816799533011 24.4804527384739 24.0766084481582 -17.7289508008561 17.9528257149349 49.0811866021961 51.6850726766477 35.6578747562286 3.92570684903974 -6.38889910699479 -10.9532403865217 27.5986456638751 15.5700801258859 45.1110952860318 35.8980722746797 29.0025368182419 50.6213946530644 38.9425615105514 64.1310937208987
4.11546779764616 -7.65302997957782 -9.64918798302516 -5.14652388581804 10.1691407293115 6.96440253950839 -2.08533519298551 17.3571795361263 -16.0076311744004 -21.8786199570249 3.42950557258489 -1.42104307551736 -60.5197921186382 -19.5278645088487 -5.32186751717263 1.51315065132842 -16.9649924696914 8.6892891925903 9.64056044703989 -6.95626628786218 5.9147366765479 -1.84446762968492 36.097566841383 -10.2861796329055 12.3185300539388 2.49933093666563 8.3610059969403 8.17268358168299 -5.55235526456462 5.84119694742374 10.4185752856245 -28.2257358646962 -21.6128090641573 -8.40149974520396 -8.1797797350243 5.67011616435456 -0.204635412076476 -9.22137255223643 17.2493004037418 -6.45370147460154 -12.6558607491325 -7.70970954924876 -8.12453193557082 1.93988322523089 4.70377945435134 -4.3740243751185 0.0585795921307224 4.33325859283206 11.4513808130466 -0.992428821500762
2454.22571679989 3510.3601375704 3788.23389845012 4132.89923706678 2556.90909015981 5610.79422045836 3315.65927708631 4861.71133619306 4506.83785876166 4662.22320954285 3720.29759335827 4030.0184951831 3989.9131224618 3678.33115944772 4671.19657568555 3897.45422160331 4135.19777962959 3653.38173700294 4561.14808830885 3317.98744156631 5182.36814373204 4793.599942667 3479.76671742865 3418.52438157137 2689.64454463539 3881.64413927093 3723.95690788742 3565.53735015827 3023.45421291743 4689.87115765664 4614.31945571938 4384.11440786829 3470.78422601746 3998.25476642203 3429.28037795743 4356.93407316302 4303.56208744291 3962.26010680312 3779.6545276394 3435.50495499413 3239.92410349642 3559.07668248949 3601.81129097527 5213.42139709505 3182.18278091118 4703.16956679178 3403.47721893976 3665.66041538117 3446.13370841459 4510.9093903544
643.329938554733 2459.25673246864 1390.66883871101 1604.05833055853 1525.10517130635 1099.96724625166 1653.79381249696 1921.7728652051 2665.23397755129 1520.32641646878 1319.75417372232 1728.56204741807 1680.35259758106 2405.15530123486 1617.43584031391 1457.18408983262 2838.21209643165 1486.35371088194 2319.78430113037 1933.81587916153 1864.8787296718 1829.07771625768 1736.51494680373 2245.94244964289 844.844848960518 1174.69386972155 1651.33545672926 1342.82357356577 1287.9685491939 1019.79511585081 2761.55115933998 1481.27425904004 1437.46820077581 1742.96991440193 2012.37502840354 1871.13026841338 1644.24378347616 2123.4645303972 2317.90583954716 2088.30041933999 1926.53543686606 1451.28024185361 1560.72263143524 1924.66325157519 2227.49621922262 1813.59824700753 1867.5230757165 1931.01632621484 1610.52489559104 1894.00138151067
-52.1269271636861 -11.7574290732556 -31.7367931875589 -61.9190792092515 -83.1082996585451 -41.635572266357 -52.7281602862893 -30.2595290162547 -10.1807555367584 -35.0802084814876 -30.0072495960182 -31.5109533075546 -25.055194382315 -28.0634969494752 -13.5143128713815 -26.0748320269294 -16.8066447565652 -36.7918695620375 -52.324894739802 -14.9531292866542 -43.3367053722109 -18.4514788833769 -36.845417377417 -28.5768140701521 -16.3847540080843 -18.4098869619784 -40.5781245324797 -39.6120532166643 -33.7590012324044 -44.6235033186045 -32.7107889186571 -21.7858306858232 -38.4704812647857 -39.0526333043701 -17.6212727805023 -30.0330863187907 -37.1107580993138 -25.2817607654111 -13.2219170835733 -34.2619300125727 -22.3099232893851 -20.529209857407 -46.0327542725514 -15.1725464270154 -15.5938055238851 -38.8154868779241 -44.4650067822479 -28.8971179486132 -15.9080765669016 -43.5113301117373
-22.6704794584248 10.1062377093992 -0.633890323963218 -14.7670858634641 -28.4630435760582 -20.8649310436205 -24.7153211400182 -20.2613029050205 1.72756384659667 -6.61885733064853 -15.0943955814317 -19.7117915823437 -10.1096081855743 -9.77158139162473 -0.723594688788408 -5.93543537085766 -13.1250008166228 -9.9129652632197 -34.2945213731448 -11.2348218989919 -11.4633917734453 -8.83773174157757 0.677266545058761 -5.23551157136919 -5.66544271451897 -3.33274080548115 -19.8925137249762 -8.74751389758946 -11.4037076320407 -17.0806462426481 -21.5510357726516 15.4678648071285 -12.5870353315878 -20.7119049652687 -4.18882326043549 -6.95511246384977 -9.74674560953129 -16.7017170826058 -1.81795930389879 -15.3139977945625 -6.56704832041137 -17.1572124183327 -10.4784374834438 -3.41305599399241 -14.3744306256538 -10.5738800191809 -8.7455007359673 -13.4463566538721 -2.42507673583992 -12.8075652349193
1074.46685632024 1565.60894470529 2473.6954210455 1880.02598161088 4188.83742019825 561.482692997922 2440.62536579391 1134.67690323402 720.174053737446 2218.27993349776 2186.74050127938 2027.52078415532 2165.06133076284 866.292575896867 1928.05372793016 2004.06142526461 606.492720129125 2867.23913321542 1524.04426950656 2565.81230572695 865.210504499994 1422.75961324051 1312.62527765958 2205.29896316224 1978.79739078574 2125.53455757115 2005.09520382314 2567.42965280667 3156.68123518575 1569.74697561838 1044.63674335782 1151.649162785 1140.01525996223 2072.09216724501 2345.24796172425 1202.80202307764 2347.3122294971 1372.39777551112 1812.29196423194 2010.14079777002 2513.22561894463 2602.30104385057 2432.46824029016 1153.83697376746 1121.76482057206 1344.06685821707 2396.22269303722 1851.87865549014 2281.09001155013 1392.72009417289
427.698132666305 911.264315341726 912.997311450589 1169.41199960678 627.065353988545 973.843563596787 1057.24376126543 920.03828405729 1023.40481352666 963.374223518653 578.788720472243 1056.76445917281 1093.2556955558 888.064397992646 894.782962256318 920.718141455999 683.651831924256 597.78942089233 1330.87006867763 633.223293307763 723.95484173855 641.880389837765 929.022000936257 1033.61586936722 786.032590156849 750.912746454006 609.326637356764 1336.64272067965 861.676905476589 762.556357911855 1702.28322687756 975.876384327727 814.433219163836 857.958779346115 795.472101565566 767.507514937906 845.947666703919 746.648637996082 553.632937027785 1018.33602372788 1423.25099917202 901.318545718037 937.130163266967 825.340637399121 955.1988811395 1183.32451672055 968.542622924784 887.069968295892 1380.90900029268 1136.60265765224
53.671616904298 78.7617702742985 90.5929456831544 31.2711248193406 44.0235302448683 34.5659000109907 51.1025434917376 6.58595478169434 54.7076377939985 104.768629360774 60.7302495237737 64.527527460192 106.169504963998 56.1997087172644 67.0592243099339 48.9709088536634 48.9858663522774 51.623302657908 30.7273181761574 13.377931166989 40.7551564659314 21.271260911127 21.3156729670078 77.5419597605212 31.6081237797521 34.6259546848256 68.1711810334453 52.9263987123712 51.1343436006139 57.9643433474469 20.4470551724477 108.982210654599 60.8004165140224 117.563392740769 68.0669690218019 54.7951446558007 35.7964110346712 20.0638889692253 10.1847345962721 26.0629191901623 60.512049563835 55.2267785545992 24.0240360088442 55.433740018957 70.1035703805607 81.7822498140761 39.1532904422474 41.4969168795715 53.1020645772616 53.1221080433169
44.2599932569288 64.5894672968552 66.8845331583561 37.5901112523054 61.2405655458031 15.1046214720832 47.578469270408 22.0440051303057 20.2004818492284 68.9466408762205 45.3090803206666 54.2728997247111 127.832537341409 48.3855701334642 49.9239409177481 49.752660395713 40.5997582924678 27.6756219303664 19.3870492765398 41.9830656362102 50.8573185560759 45.3554519679369 17.0715757256933 51.806451459884 38.8907646744511 36.007252454193 60.540698037646 46.3846225364768 58.9829349069389 46.6893147254164 21.6255179144377 106.739652832399 80.4057226427411 67.7157196547187 41.6408601585636 27.2958991913133 30.3321068872512 49.5321151585164 35.2710439651039 46.3584434625951 41.0188291639991 46.8335807540353 44.5412221472424 53.4946614664212 58.0513649081287 71.3017087646753 61.9947299165216 54.4159600189784 65.1316999804857 40.5079600365294
6.89020143023561 10.8185506439091 8.32103352258695 7.98051325046275 8.46630608682587 10.1305113569474 8.56991461550175 9.22688471454014 10.6810250246678 7.42369483366924 10.2667088461644 10.4340193208831 11.3202755645706 8.98329905085753 9.89143708368121 9.70095215828072 7.58191683702288 7.37259228128622 9.98878652779966 7.70206018001447 8.18375932272199 7.4196466579509 9.40354796435632 8.21407230014249 10.9715761924377 3.78957260008698 8.48192505665465 9.04218516356713 9.21840256528784 9.91108498609304 8.68911012361912 8.54598583069278 5.80954081774304 8.68297388545898 9.63858815734488 7.70052513235849 10.6487889691237 7.55094420347638 10.4236086566842 12.7807940724281 11.1950073773668 8.25646528992254 8.46782682265297 10.1259732636618 9.38009500258322 10.511755368636 8.84508448640719 11.4823335612671 11.4699442809962 9.26467394633975
38.0767339082946 68.9780650040063 80.2922432103897 34.2791724034805 27.3913514451784 26.8827449214257 41.0473610903355 12.2945705208599 45.3941055947764 91.4777762299046 68.8253876963265 70.0403790633471 104.724477161842 49.2428533134044 34.7039062712152 63.6070012673043 59.8241612601219 33.9468746640024 28.0852520597169 8.03334805923509 41.9387227639304 24.4049930171714 12.3709940039346 62.5512650861638 -0.783614211653661 34.679250252675 42.1464268188965 39.7837736870209 72.1163004159089 50.5163488595743 13.2650475914329 72.7587996764117 47.0175083588196 83.6851414590383 53.0754068324264 29.8852760656126 35.8195382330994 11.8092598989165 2.15343122218925 49.9476498386547 59.170541343118 54.4319963416362 34.829982234937 52.3241115897036 67.2537901155382 83.3247156049145 26.4147204710384 65.6360315675176 28.8075486194127 48.1017987574891
24.9429986131165 60.6449827297946 39.923429572431 54.9657210150444 55.4356908045894 44.8449324866384 60.0334620496839 27.9918280284854 56.3036539622895 79.7130265793399 59.7930993469156 49.7898411492715 82.1385336468808 61.3535533374441 50.4496704325255 37.3466379686618 54.9918405823361 62.3765360822794 33.7263647288656 24.5780420594759 51.6642029443017 61.9472266827199 20.2019285846499 62.569226048673 11.0016235092944 34.9148304748523 43.384839456196 36.2069884771605 71.9277350588853 51.2181034037689 20.412447405063 68.5218471551405 56.4392876216368 55.3546884853005 57.3650529279334 49.5566919407458 40.231795752799 41.6368222157203 18.16158473046 51.1902887052128 62.7218685866872 43.7048151990273 44.9648130819414 51.964850300637 58.6535646667845 57.8871481211262 57.4071488158713 40.3945798144676 60.6860542704564 41.5557316714579
7.24306358465079 9.77516909913766 8.51382762229757 7.46282284164693 8.16449609597687 9.41225702714383 7.09131451856313 8.50962116003565 7.21202390445117 4.41128640233713 8.89874045476615 6.37277102940928 9.47275644534891 9.94412959555648 9.02919870915921 8.41566979919577 7.70940866110206 5.71560391643896 7.06284293636975 8.24995481635727 7.84813718327721 7.21353500842031 8.55484019821861 10.0613182923468 9.72531437083325 9.61946694144998 9.12825562164461 6.54788566187228 8.92805203698782 11.7182240693414 7.87439848520104 9.37206274894528 11.0499524142803 8.21631588114011 8.544692896836 8.94688566813914 9.75256320315349 7.22965132813855 10.7741998844662 9.33897518793842 9.74274956992585 8.78410243418228 8.32225729257673 11.0977324129485 8.54735145944272 10.6686225826659 10.5791983742229 7.85302738809477 11.6656564730137 10.0861045374759
60.3528410881422 59.9097141100514 62.2162830044203 27.4716154686904 42.7122630623773 41.8506920962102 36.7391380985131 17.0620331268862 29.3988971617065 70.350284472103 35.7046282718447 60.0704331833207 99.6243870686029 60.7413263715661 66.5921289515282 24.1477550679666 49.2954278660398 40.0127910061456 35.2152785985666 13.1523649194716 32.6158118295771 54.7304468562518 18.6364454450019 55.3102284054728 8.95515773298012 27.5504421945267 46.5250107455488 28.5393716473526 88.3449458585329 36.19078218967 6.18047383209091 59.3663669532063 34.8319416231713 95.9818176289315 47.0886201857347 38.7939288223705 37.7856317679287 43.8379649413252 3.36757497628286 51.758807674243 52.1951644685844 41.6935323131465 52.2899961005376 48.443455454638 66.5887503770087 48.679352956307 14.5786715823963 71.833026850701 22.7999644005697 34.563301918285
21.9742862988013 48.8510449298342 27.4451743977638 43.9524185254697 39.0038791334817 47.2527930574984 39.1067314231738 14.2284769662836 27.5082211493475 40.7215902658373 45.2178577897851 34.752541509792 100.932727913982 42.172332945341 59.1919598799221 41.7763553856474 58.1537783172458 86.4928350524383 37.8309467532087 17.2438406708915 28.7577311831393 51.7420715673194 27.5051231115698 52.3566770519438 26.6829287041315 34.1289235401688 47.0177816900384 16.7708428158481 45.7873853484322 51.5788282184087 4.73398930114965 46.9380671931535 46.0352805331211 56.4218637860347 47.210867455224 69.1430519156831 34.8612649181078 37.5997546662971 9.30749615754572 32.849462391011 62.9007053480025 42.1450594874332 53.3126604737488 42.6155063393081 144.049211388923 31.0354220686078 25.2882544073455 39.4779915060712 23.8577597870448 15.163434205496
0.978984697174028 1.98072919055941 0.214722767565078 0.681584095322081 0.62096020854468 1.23970921687278 0.482068479012609 1.11559216088239 1.48886532751271 0.58695880175998 0.79531039540781 1.23969609771376 0.307530445733132 1.16933950567518 0.331838290886903 0.390571778420234 1.24842252903972 0.226531220030947 0.703504654636407 0.89101037235458 0.482995902582951 0.796282009001141 0.534306865920046 0.848137742176888 -0.0180127968817023 -0.102117280747575 0.755768874894538 0.433878788579069 0.62946272471746 0.492004439876078 0.361554175315666 0.287501257757591 0.823233211159087 0.461757461020396 0.361855854665174 1.09859227108169 0.440979441548771 1.02472426437951 0.196324785801806 0.891092557202674 0.88807679853736 0.611018240268557 0.165052918349255 1.11233867948354 0.733328272154069 1.16220954314787 0.853223924143233 1.6412981242605 2.01394949513243 0.584570315910114
64.9468928815178 79.609262751485 54.5170476618809 44.0061314424365 26.8538107506821 47.0617698048539 48.892881277209 40.7252685419638 68.1461296930778 40.0308113700912 51.9250653902178 61.8663672455811 81.3496934048003 46.7709133774297 50.6208810639457 32.9388562620392 50.0274097041114 41.7249451545999 77.6678475116396 38.827463664751 50.4701602067362 93.5827854019625 21.0776370020531 38.9527960034634 30.1736615518958 51.0547439000875 36.1912944735612 49.5319853281354 28.5172741921873 37.2075397775558 32.0100116750724 57.1931466912761 49.3217283168463 108.146732565958 40.202210842031 44.0249945868769 40.4007949578912 51.5359856592031 38.7368767849807 29.7979447379392 85.1671812695659 43.8053416323324 66.980777516903 48.3901594700518 57.1558177650113 46.3952290493292 24.5094330337399 71.3494042059286 45.5231799975649 62.2445012354185
34.0202056363738 70.9696293849327 33.7516106901909 45.7893291207934 26.7229825404965 41.4361212268757 46.8156737564281 33.3339739172341 36.4823878452664 31.8211312340914 48.8986923337184 19.4439832799451 76.7389317765688 32.9296952083811 48.0776979269569 34.8999955869665 68.7640767095902 68.3738432412804 32.2308990803085 23.6488152071134 42.8905030211657 38.7622948985683 20.2062923769635 30.3742996443239 28.354963469085 24.6653359065148 32.6401940111428 23.6691512735959 70.9672391651176 43.3533339098939 12.0856174333479 39.3364731713792 48.824259289583 51.5373332355044 11.2654842563732 58.2734644241625 31.9338845937562 47.5503137053806 29.0693804365866 15.8896959395215 58.9025538443928 37.4965435984176 53.3013181535598 41.8560301610071 141.482138160523 28.3510910288509 11.3316658094836 48.450461974544 53.7435984349993 37.0162484267923
4.60926513812704 6.42930945381614 5.02195471737957 4.2630784533088 5.264095669943 7.18880888917203 4.14085060787863 5.33915102262631 6.64562968406911 3.60047433720044 5.1348356684768 5.65519533995482 6.56245743469541 5.96856158397458 6.49841364904191 5.03881960651215 5.2384593975844 5.99208987962597 2.9948976411938 7.09889944596716 5.41479926564085 6.02826929571492 5.42679170092748 6.15085207300597 4.91674867215999 3.5571477336636 6.03962888943454 4.82750365391224 3.40967035374323 5.55898860409018 4.82693095956943 5.46389227473567 5.78729393978505 5.02770155312298 5.31453411809806 5.38546281889579 6.71530389534083 4.61503650823748 4.87943775564735 5.4063645951881 4.9716880273593 4.28672393111073 5.36204113567662 6.70152402983391 6.74658068130373 7.15811896917094 4.97366379374883 6.46710285089207 6.87941449025948 4.93570382575625
194.236522805965 372.754691139921 157.020883453251 236.526115633359 226.955293914367 229.863736531439 193.183383324898 65.5239370526044 194.310489866997 164.087145304737 55.4490167964959 216.539746447214 211.097522183434 198.599701020778 194.911505839166 204.327560378746 321.187070000669 231.983789948416 221.422355224328 269.662866459907 181.271232817137 109.902890114622 199.158232147515 142.810442360272 124.171706809819 238.019118836237 161.371208835919 199.702769258717 227.250244779711 51.1249859870811 232.018687128197 104.617983718582 207.253294928941 108.898967325305 249.540212599233 210.798502949032 236.944646728909 226.890796696924 244.452091392322 170.630872264349 225.799658827954 228.17293357916 174.679082568502 147.266256313104 94.3489663627198 132.513648070433 237.348473820731 121.529868265902 187.893300967789 157.878343581727
266.195518892381 123.977969569554 158.481832623254 148.592197632536 129.35934622513 120.855370723488 115.838043994284 216.732020918641 228.932546408071 148.624623958262 162.452116564975 180.43481871616 203.9543268872 141.261031227275 158.7378649074 143.210391775173 185.160340758389 119.68319076487 180.940236712884 133.810545912723 136.629756179881 187.836176820175 160.657621490609 277.102117879901 59.7003740515775 117.152576687659 168.404712028582 96.8202802110227 77.6067910864689 128.433831116431 186.597988115279 124.854113126354 95.8597722770704 193.198482262335 149.562559165397 143.191106707539 167.518161983674 189.957531124215 196.31688096696 205.050157188777 187.237601502677 136.556305632369 165.269395052186 181.812083274065 125.979473777633 178.402203278801 187.877974071113 176.76338794662 129.866337239593 194.026670398352
