34.2785766951779 34.0805831631802 34.5722608790026 34.4604815410582 34.4257539225704 33.8093662858075 34.7858412065791 33.8515642109263 33.7388805228913 34.5705803548266 34.8901921814298 34.6405427292056 34.3186364057983 34.0326290448921 33.7042632379204 34.3049120742871 34.6356863616616 34.0225349444871 34.1924712834686 34.544308863776 33.7669351198317 34.4486211592483 33.4084704401619 34.2391268447067 34.2480735770244 34.076497163885 34.6196286779773 35.6390904283901 34.0825450688381 33.6932091714821 34.3717421244005 34.101443780986 33.6805349066499 34.1321138950443 33.5812523254224 34.8159097167339 34.4163643335303 34.8047620807079 34.5793392825608 34.3345964434333 33.9284276852581 33.9869172292147 34.1354832078398 34.0598647220343 33.611981366819 34.7890060036966 33.9319659373631 34.5584426738897 34.1407752014867 34.4230636494539
36.3422637348992 36.8668552672455 36.841939526736 36.9539578590402 36.7437185276111 36.789446471316 36.7167494047041 36.6307231472256 36.4233526003546 36.8835626191574 37.0909326417478 36.9604399624548 36.4810909685514 36.7949806610202 36.685993123019 37.0393477045196 36.7289972200454 36.8925498912854 36.8610339680685 36.6255682534347 36.6894511529179 36.6116594385881 36.1780653692324 36.7264716273217 36.5785131034858 36.7596382035482 36.7381354048803 36.8220633989556 36.988091409546 36.857345054635 36.5882633174326 36.7912185091079 36.5997111502996 36.7825291830598 36.7701788234696 36.6830888788683 37.089430051497 36.7082649413483 36.688034763862 36.6785796628785 36.8055294377925 37.2543120707524 36.7290649247252 36.6903118922441 37.033481778529 36.7728147927059 36.7562800099098 36.5986602980003 36.4628545165355 36.5070148687791
39.118668407763 39.8081817816238 39.9380469186333 39.9732534293642 40.0515302621691 39.9483301002612 39.9246255835763 39.8761827373323 39.6794393894571 40.1589250607498 40.2258094977465 40.0261723461893 39.7865276816384 40.1359089430941 39.9284962670751 40.0647804808985 40.1732057733208 40.3948182365874 40.1728735367488 39.9805523978778 40.0666894010127 39.9083375871443 40.3427838996062 39.7408336040628 40.2043647185493 40.0955932391081 40.1313812094244 40.1445487446949 40.3408007204728 40.2698318425087 39.9216823228294 40.0614713491189 39.935166013277 40.2772788878324 40.2290484900082 40.0597996596951 40.0546698839307 39.9108911267 39.984941592608 39.8716622756774 40.4265985290457 40.2279726693978 39.6886850049369 39.9601510927461 40.0803690162914 40.0355402748963 40.123698079339 39.8267974795851 39.7708304486615 39.732242583845
42.9982594007272 43.5494938478907 43.6880298676773 43.8698616025539 43.7929042790644 43.4962560841251 43.7594890569016 43.5586892265679 43.3891095573843 44.0552556072492 43.7407327377389 43.8629173469702 43.5544210438227 43.7435520361236 43.6882578245463 43.7487727997605 43.8271812898868 43.7631155848552 43.7235778474623 43.6726845477294 43.6730233289371 43.6053005166548 43.7446425963453 43.5870140707727 43.869655914619 43.5567177298795 43.7961399039992 43.6832433576448 44.0047736510641 44.0590792720084 43.7760943854818 43.8334833160698 43.2538171918083 43.9411245567973 43.8903128146748 43.698529346541 43.9687678437505 43.5959023389871 43.81221634964 43.6104997184028 43.9353956971554 43.9881734863622 43.4611911660485 43.7207708300626 43.8433973630356 43.7715726734284 43.8394041174602 43.6209400315319 43.5915169712135 43.488454924585
48.7629098149644 49.2905030895914 49.5099274889942 49.6093650056722 49.5037306487939 49.2259495623276 49.511872857976 49.22375984556 49.0649009153408 49.8699514952837 49.5394412132142 49.6232842374896 49.2364763581569 49.4417686654964 49.3976457634357 49.5381635903525 49.8580865459404 49.4232671682319 49.4332560857449 49.4656816949394 49.3415093410154 49.3367641618139 49.421537894844 49.3842811707116 49.6015816038163 49.2558936232029 49.4916068625031 49.4312035495292 49.6849934344099 49.7967609327423 49.4217342666495 49.5527177294604 48.9351675122261 49.6363416341131 49.5851865433253 49.4558326503795 49.7391233924848 49.4219479482414 49.5492745852233 49.3025623829508 49.546978998331 49.6515242626793 49.171310286998 49.5147299089067 49.5610979724167 49.3943135308196 49.5906710819103 49.3696653063504 49.3066558100303 49.1705355135802
54.5668582519423 54.9443692215928 55.3514452104425 55.4025986385671 55.4132550975088 55.035672298137 55.2942370798452 54.7229097935638 54.7267115283438 55.6793966945737 55.2715745910727 55.3158792937527 55.0068960562832 55.1900431213801 55.0918978315102 55.2390152208904 55.5027813644585 55.2262423617214 55.2145555172859 55.2359701727965 55.105189879562 55.0514710855366 55.2073127633087 55.0341771802237 55.3637808340908 55.1491072568272 55.2947666171364 55.2568708984571 55.4779549750167 55.6007022122148 55.3203984712672 55.3333025724079 54.6400932354751 55.5540786771375 55.5017230833097 55.4193710590458 55.4226852637212 55.5359614168379 55.3722505344891 55.0418937099114 55.4180609095727 55.2057230844681 54.8758819310833 55.3204214687372 55.2190644698021 55.1057140681526 55.1870977920345 55.1043513212529 55.0200492218294 54.871435649235
5.78701126834117 5.71392284975506 5.85767650424363 6.02337296875842 5.57687993338793 6.17385512630795 5.84203809072232 6.19454157633449 5.88449469546368 5.78266139981658 6.11826677208304 6.12653361570768 5.78647454464647 6.05245832975416 6.07920117049549 6.0292676341381 5.40228108641972 5.83013775846875 6.24416371197876 5.83207999003387 5.99760332006031 5.94310741922248 5.79572591402803 5.8591652616967 6.24075334772118 6.58147546570393 6.13120669062923 6.01341631929478 5.98026417002474 6.01723850392987 5.63199576205252 6.08105989288308 6.01293437260547 5.87073334487035 6.01640979835206 6.08969291400768 6.17166800747947 5.85455792546134 5.90639801895017 5.98655462632452 5.9451162823938 6.24060919168676 5.90922510933151 5.78055475993086 5.97197662074998 6.14773925024958 5.79909946245538 5.93554164499206 5.81474922757493 5.99980559529162
27.9979833752919 20.9576662859659 18.4618843579832 21.5753206314223 19.6853062051335 14.7424678694108 19.2180038095675 16.616844090226 13.6229028950426 19.1011589870067 22.4264530891817 25.7512231793354 27.3694911250082 19.3070589546485 31.3969015566906 18.5776662915121 19.7461270662344 20.7309053168196 24.0348083746508 14.1687180799168 22.24135937563 19.7256908669858 20.5792575929521 18.8153314330473 20.6548238263186 19.1929208085023 18.413103044512 19.5350171454992 23.0898367937942 25.6468350900121 20.7973226284496 20.2084824843147 16.3411047484599 25.8561405200529 22.3765318698388 30.1262587176722 21.7978763235167 16.7206074836733 19.7329941134437 22.3749955498051 24.5615075389492 15.976619783137 32.0905342547092 17.9221475449793 19.092377015265 19.6145621126171 24.3240227123455 33.4995805665082 23.8053863568219 18.1948849775081
20.8089552597784 23.0192914471455 13.7216057484536 19.2278361098277 20.2304714442572 17.3334598529064 23.992046514513 11.2512339711489 19.256506756185 16.5844105693352 14.555891750149 21.9870433405147 22.6454235833905 20.3706373626787 15.3115192507277 15.7151888804964 17.8123909289943 19.8078272091281 25.6350940681423 16.5726918825689 16.3170333163775 18.2000561860112 15.9130495781718 14.1724423977419 19.4827059606888 16.2827073272034 16.0236042350055 23.6320163946481 11.7054822610006 16.7347318810348 16.4740189138996 16.7320192034863 13.0565528295655 17.3133940163117 18.7392149928665 15.1080446634442 20.1299171920185 21.2926994115668 20.8397890226865 22.304314562154 14.2932603703516 17.878368045222 17.4316205264411 15.7140777021891 23.1194960457572 20.532480178085 21.6582196467545 15.7709889135653 22.9823179193671 18.7203799094816
39.5531207142927 44.0813532895263 42.6463272558006 43.7916573272335 39.1325478675921 42.4799188475209 35.4231571530435 40.0489098739064 46.501601850598 46.6908163346917 37.723610259377 32.6348248148965 35.2437445107197 37.0081570882661 24.5889207757175 36.9909682160244 37.6888695209664 32.1795785499976 34.2345587010073 39.9592771848474 38.4752858816452 36.1215806903278 33.0327310042897 43.3009434649713 41.3552609713266 41.7928437221522 43.7374748834478 42.8173026792794 37.6302082899473 34.6594976430337 34.000172934115 39.3565385373419 37.7583806598334 37.3239650895209 40.2522106121936 31.2762382286794 44.6448419981841 39.7628688528289 42.7162390658643 28.0470013324957 34.628125255572 42.6002243591203 27.0626971496767 39.1554564596839 31.5694285475428 40.2563928564808 34.8523922878219 21.1002047422178 31.9722577766388 39.6951813098378
18.1126413696394 16.2880920613899 17.1345933217095 15.3260246575439 15.6832503815236 10.7884361533506 10.7575760318713 22.4410773848587 14.0682236455256 15.1121264574719 15.9484422698676 14.0086351373429 17.0089819874996 10.6282925315667 14.0427677941384 15.7096433233953 15.5204220194472 17.3104453779291 12.3391565432067 15.8660125314823 19.4764821679655 12.0634721104152 16.7012608834657 15.6249526028987 14.0170096119497 13.8344045219859 20.786651231291 11.4503189911891 21.0647580845315 16.9435371346755 16.6206946100601 16.0565822025476 15.9560753274274 16.0452718692665 15.9315234252349 17.1453570200603 15.5404689679115 12.5384532455763 15.6665555191538 12.6696336456801 22.5032963958062 19.4305526130751 18.2129200282595 19.3720411869351 12.0735109122393 11.4596378911912 13.3562030456324 19.6177664418882 10.7940798872313 16.6076360948354
10.6346449685256 13.1652168689536 12.7455616698668 14.0520876011515 8.70530440442908 11.257121418324 11.2866175779026 12.3294267527902 12.3097424754158 13.0756549374673 9.50913939487801 13.0329372932461 11.8003216282095 12.292480711173 13.6595037461982 12.4889465510585 10.6365358986051 11.9655826775854 13.3504049852222 11.4312955529911 12.0975856787716 12.8165183950983 13.3229942950876 12.4818065234886 12.617297872106 11.3897594879065 12.2769568594815 11.0812934595636 12.0065118176943 13.2343622878585 12.2081271872306 13.6805506014995 12.9919705975551 11.3032412373867 10.1977321425517 12.6456768989572 12.8249438482806 12.4169078590785 12.058301320685 11.3776851996191 12.7714528726192 10.3275746884765 12.990104027383 12.6244355552851 14.0363437177259 13.2751790594069 11.7405594060583 12.9721497674193 12.5151368050827 14.4900159932983
12.1699079136497 14.1812973325113 14.6254673735295 15.1740387399599 12.4767021459066 13.797661537087 13.2885298878811 13.8834597525299 13.3518351846682 14.3676546555166 14.4970275045664 16.1286499167515 12.2930011840136 12.7600929274674 15.0955997354611 15.2105947783042 14.3950028649371 14.4018255473744 15.2842809818156 12.3447637718778 13.6957062094043 14.2006277405351 14.5896166135926 15.3440653496742 12.8423229831615 14.0500140336981 12.6892493957462 13.3521168092645 14.9388692909014 14.3815568579302 12.7357301166378 13.7166278064812 14.1819933069949 14.3813348439185 14.1738525319715 14.3184895595671 16.3638193374567 14.5639740114265 12.5174400240918 14.0587009951325 13.5041184920418 12.595373730099 14.4306401810045 12.1157291483136 15.1009516100129 14.8847538697232 14.7814498783775 13.5203534583243 14.8765272684698 14.5646866754479
19.4889454698273 22.0539402567826 22.1426498344314 24.3987567148852 22.3476106685898 22.9029056075487 21.5417693517317 20.4318339453172 21.1708866289212 22.3147957077487 22.2222616228875 24.905844211077 19.7337791215294 19.7071300564788 21.1685493478605 23.4409635796624 24.1932821441417 23.7942381965127 23.7749085341587 19.3944716708253 21.2364634105356 21.2599487400049 22.6057035131502 23.8047637236766 20.8637999843913 24.0086616881461 19.7195878557388 20.368073691904 23.438458086559 20.441293415041 20.1653879909602 19.7633344339658 20.4443346518082 21.4808279801505 20.7469951284922 24.449895467474 22.8356986581096 21.750121944033 18.6644535500268 21.369190117739 21.3841927672814 19.4868953615617 21.9964975817517 19.8707933290894 26.6673089781152 23.0487984056265 21.5715657577548 21.7568135512803 19.2524295225832 22.6828457625721
25.3907503480891 28.4193666663546 28.744893785393 30.6232174513394 27.4802270538454 24.8386418106004 24.2549298370685 26.7881687801883 27.7367156089442 24.5465408479387 29.5389527457789 29.4140792738239 28.2891201658631 24.1321910778211 26.2897353712853 29.3773685968549 27.7236282853406 32.5292312383131 24.4670242513145 25.8295625431664 24.7494152456805 26.0497339506518 28.2352513598563 27.4101587288826 27.0266335424413 26.272168649312 27.231527598941 26.6578383019026 29.168248940523 27.374880284454 24.9895945092767 25.261996368705 27.3496374379223 24.0864633741996 26.2195346749912 29.049565946831 29.7687361404036 25.4030600081199 27.4775198415252 24.9416236072676 29.6143312434212 25.4886619108099 27.6967508057883 25.3220532011642 29.8875174286288 27.420183666775 27.5088860279391 25.4338352117102 24.0420726277943 29.8627420691403
31.7694929042956 34.4759809361785 35.295645483645 37.4229443708961 33.7978771680594 30.0222551347469 30.1059715385371 33.929284507621 34.2511525977677 31.3219529684183 34.7843687874934 38.9493056855019 33.2773659505615 29.5499327396217 31.5667181253652 37.2191633540992 33.9888604252116 38.0287249638863 34.384948347875 31.5874628266904 31.6289623973924 31.8964772951721 36.051160239586 32.6918063389591 35.0312606105854 33.0807895058973 32.4634476772774 34.7398543202273 36.5005243681151 33.0852771056638 30.376141587647 32.0910057319962 33.9394275476386 32.3498624011687 31.4462303654373 35.4225497845826 36.8645925758609 34.1649716253954 36.2745500266989 32.0807095923141 36.1866200588044 31.9155562626519 33.6443577695369 32.7703681178872 31.8412717332711 32.5924314715522 34.9854548440866 28.6984985548609 33.755699981843 36.0782812507054
34.6904820998381 39.5223725100751 40.8216717875454 41.2917540039021 38.58516425335 37.70603494405 37.2241686966336 38.0804858344774 39.2410867414854 36.7502126683308 38.1787884360504 39.0550959055887 39.2997885313632 35.9828043052629 38.7247139019994 41.1273306645499 40.7468059874614 44.5427004537797 37.2149390601428 36.8794225393298 38.7197319131442 35.2220170271524 40.5796049083325 39.0323384661377 38.0455130754834 38.3718216124153 35.7391516743376 38.2623349231479 39.8463326981709 39.1866683361696 36.7702365441388 35.9622655970055 38.326841447118 38.3827514906617 37.2709072567327 40.5359439748341 43.3519998795308 38.8172888622061 40.5631855629464 36.6362644230122 37.6130987259676 39.4911342684474 38.1274733321456 39.4957495193587 41.963403291934 38.621935999004 38.5718956578108 37.609403454544 38.3267340369216 39.6795704380227
16.4982946236169 18.2914158114968 18.8545845995817 12.6205628527937 13.5919930711019 18.7773870255808 17.3757907173618 18.7504692393999 15.4556687354475 19.8220756896067 14.7754739923182 18.5054613372505 13.8441958966275 16.0591724364014 14.5042928085254 19.18149931252 15.0320614100429 19.9880962971579 18.7309926530098 16.048431338169 19.7447360728682 15.391092107947 15.706513817936 17.9811026513009 17.3676086413412 18.8864595173027 19.1755542570845 16.4826718327118 21.4047478523504 17.2276560185666 16.9024800958762 19.8799600765245 18.2997080095662 17.999918543481 18.7428730895621 21.0488482362364 15.210376747061 18.1769882664612 14.927733977224 16.4110782537723 17.5041933331574 17.9210490449607 18.3836911751621 17.0356628905245 20.6310249010625 15.2747376941139 20.3109249096059 17.5429665261584 16.8860145665446 17.4465836384947
109.555574933338 7.59728154596982 30.294049051549 27.04754113968 88.7017568002955 35.5493623278023 36.8489426942254 64.0366875458732 37.1558375457881 -3.56500022791727 182.202564123185 12.9963998984398 -20.3096024527345 17.7794278211951 43.4771706927891 57.420894245192 -13.0592502654784 28.1603203135804 35.7979478804841 23.9323587807147 47.4669478701198 49.4187623481364 81.50450636717 46.6654950599166 56.3834230534785 47.6504609615299 52.8881869644569 69.5735924408102 10.5900953531781 102.99020998737 42.2860456118844 36.3648405489892 24.4804527384739 24.8156309840182 -17.8132257035355 18.4043948540333 50.0536272137074 52.0662894542193 38.470921424873 4.06530600093836 -6.21184500632229 -10.9532403865217 27.5986456638751 31.1542574113884 58.125731861902 38.6098698296723 29.459445307936 54.0879640679175 38.4672121791769 66.5018301512116
4.3597626958616 -4.17399002086464 -9.47064784620233 -4.97346486936665 10.6034125989642 7.08714125607417 -2.03885655130965 17.6428081498337 -15.3919783165518 -15.7328114390868 3.42950557258489 -1.41230555994499 -56.4873181642627 -18.7420710148238 -5.2374760548514 1.53799362103651 -16.6720674996893 8.6892891925903 9.79428540816299 -6.6726968790965 5.97207682277587 -1.01152690687918 36.3734174041526 -10.1243050010827 11.8420788190773 2.55546896952534 13.7618884346764 8.34616572700197 -5.46491827037706 5.94803473130368 10.6613903584731 -27.2953131106169 -16.209606798118 -8.14738238881898 -9.31235648940934 5.81273713754186 -0.200580991247793 -9.15335790609006 18.6100962270744 -6.22821405433761 -12.3051317728804 -5.78228216193657 -8.12453193557082 1.94790376845265 4.84866300084377 -4.06199375599625 0.0595024601244805 4.63000153734224 11.5690409865516 -0.927874591999095
2496.92127107586 3618.69892877347 3858.328065932 4274.24172737247 2783.76491281688 4236.84383310515 3390.2650165848 4941.7153406635 4560.11309790455 3582.67970075466 3720.29759335827 4054.79772247414 4269.74233717919 3847.94102406696 4745.27002988936 3961.4427855186 4206.59791067678 3653.38173700294 4633.87853965592 3353.20536200636 5232.60837646243 4555.47194867337 3506.35841574248 3472.32203972949 2954.81902776324 3968.83061907772 3922.87182824791 3641.22326929833 3071.06675495494 4530.29578351898 4330.23682535814 4203.81614239656 3470.78422601746 4120.97970846932 4498.04879880129 4466.52445184586 4278.54935155847 3991.48479299571 4077.8311478191 3557.67240062957 3330.92963690186 3559.07668248949 3601.81129097527 4206.47401400554 4100.24855051742 3752.7744074944 3457.09589531832 3916.68602161524 3348.47457737844 4358.84555494984
694.922293619378 2535.15575456672 1416.40055884907 1658.91609166805 1507.64826193234 1748.98869802018 1691.00587201467 1953.39743405896 2057.57031664395 1980.99429664493 1319.75417372232 1739.19039364299 1798.20271947527 2346.62326156818 1643.08431339867 1481.10819822927 2887.21790617145 1486.35371088194 2356.77475966898 1967.82462772947 2353.6971398321 1828.00926978411 2187.23131901755 2281.28706932734 1700.20113646834 1876.6858316502 1739.54143466849 1371.32778665549 1308.25113076219 1654.72704457996 2593.86270239046 2392.32740905626 1437.46820077581 1796.46972725316 2069.35015704649 1918.19498668477 1676.82102011137 2673.90837334022 2500.76523160979 2162.56092290274 1980.64947764475 1814.10030231701 1560.72263143524 2612.11438122264 2296.106483622 1950.60034712985 2371.18024602311 2063.25294636165 1660.01350448758 1924.2209807206
-49.958171504424 -11.4000782560054 -31.149563318269 -59.8369641379396 -82.796000291109 -40.9017983820268 -28.9985273889784 -29.7615801815168 -7.34190306301382 -25.226010889498 -30.0072495960182 -31.3172030617187 -23.3857501355397 -28.6959814826619 -13.3000097866462 -25.649946063019 -16.5164538873416 -36.7918695620375 -51.4905405076145 -14.555648757017 -42.9165796491278 -17.9410414831868 -36.5638518867649 -28.127097905224 -16.9705782296885 -18.0017498500841 -38.4851313109736 -38.7781057692645 -24.9205301850108 -44.8438379597252 -32.3566283645469 -21.067690592549 -38.4704812647857 -37.8714213498208 -17.9415866407094 -29.2855737908743 -36.3754863832439 -25.0952885235972 -12.2370361632404 -13.9492311640036 -21.6916534845373 -20.529209857407 -46.0327542725514 -8.20195784169023 -11.3423125081229 -36.0464990160943 -43.7645011947388 -27.0179979321533 -15.9339443117556 -40.4534170977205
-21.538728910743 10.4181423385934 -0.622161371706286 -10.7028915624841 -6.3772606099993 -6.48544637434855 -10.1943806655898 -19.9278842266793 1.79530091717774 -4.75958879169958 -15.0943955814317 -19.5905904105584 -5.30774903024278 -9.48842210115601 -0.712120293058398 -4.37903867316771 -7.25533808610695 -5.57604296056108 -33.747673086286 -10.7520476674973 -11.3522604422461 -8.88390770279401 0.682442083853949 -5.15311980510954 -5.83628124551286 -3.25885576697707 -18.8664708295791 -8.56335361571542 -4.73517778410443 -16.9657414140692 -21.1340761041392 15.9880494078502 -7.08020737401814 -20.085438894318 -4.29232833558765 -6.78200225983648 -9.55363431950488 -12.4338968985376 -0.946429999713908 -8.31315282795427 -6.3850572113062 -12.8679093137495 -7.85882811258285 -3.54247725052337 -13.9405170882562 -9.81956910411648 -8.60772335608045 -12.571967796766 -1.00146960502417 -12.1440169734293
789.49737644924 2017.40960651276 2519.46651802366 1944.32165852868 4237.19632635296 714.222637107592 2495.54194347491 1153.349072304 1169.39341141207 2312.34548003327 2186.74050127938 2039.987327028 2896.13261705678 902.517844289346 1958.62782114253 2036.96418827589 616.964688340587 2867.23913321542 1548.34613944108 2607.50079133854 873.598248462074 1426.55862048192 1653.32012990479 2240.00397225804 3804.36061079087 2716.59583262979 2640.24654507046 2621.92866768628 3206.39180046143 1626.81605510084 1218.68445798899 1487.97393375768 1425.01907495279 2135.69426515968 2384.06636818932 1541.32027148903 2393.81929050931 1382.52025440943 1955.26352121468 2081.62192495458 3229.77384305451 2602.30104385057 2432.46824029016 1532.7455526455 1156.31687963695 1445.59980940094 2433.97299393358 1978.69590244943 2343.05446512479 1433.03848205306
430.411651914987 1174.23536066265 1162.36326917784 1511.75642040236 756.328894071609 991.006314953224 1351.29103983602 1168.97296752191 1329.41512117489 1255.28230099289 578.788720472243 1063.26214814327 1169.93026800462 838.584173344497 1136.21496795695 935.83452981945 695.456063061762 747.236776115412 1352.09165124964 650.876235873451 730.973189089891 1003.69845877919 1170.15175725625 1049.88198509445 764.096049160845 767.779166109279 802.342225961704 1365.01573235825 875.246361137424 623.947160106055 1814.57760637278 1260.86890814718 814.433219163836 884.293504776439 677.242770949451 786.812704732277 1078.38542837942 1175.24334436807 746.636239688443 1054.54831637398 1829.03548912465 1126.64818214755 1171.41270408371 1648.14896130003 984.620456459547 1272.71473541118 983.801127717598 1184.77100689709 1785.42920460669 1187.79255397311
56.1258695394395 81.1925621731712 92.2691983321763 32.3405771343122 45.426887465393 35.1750799342106 52.2524032115836 6.69433282377888 56.8527018562482 109.2113140877 60.7302495237737 64.9242855076739 113.615614262407 56.0108988501262 68.1226153063053 49.7749152519434 49.8316777169096 51.623302657908 31.2172851047396 13.9774379518873 41.1502554803247 22.2931573592074 21.4785631808995 78.7622452926632 30.4809224933489 35.4036960208685 71.8125403137924 54.0498712047125 51.9395934614658 56.6584022430248 21.108236922604 112.647284563766 60.8004165140224 121.171957328039 68.295867475716 56.1734121604203 36.5056417246014 20.211875432285 10.9882074314574 26.98972334413 62.2117595484206 55.2267785545992 24.0240360088442 51.9309589892957 72.2628667500198 87.9602112207681 39.7701147881533 44.3386391168061 52.6503658046977 55.8534133128883
46.9912737282356 66.5828652780192 68.122106073552 38.8756688307765 61.8719751229513 15.3708211702164 48.6490337004313 22.4067598401261 20.9925344656852 71.8703040973827 45.3090803206666 54.6066055177812 136.797965269701 48.568099893958 50.7156093246169 50.5695016230045 41.30077145243 27.6756219303664 19.696188295241 43.7547539686083 51.3503525222928 57.7175035798182 17.2020333765369 52.6217347385548 26.6208517525287 36.8160194293092 63.7744755561832 47.3692322729257 59.9117822682628 46.8306437549731 22.4978167686458 110.329309477458 80.4057226427411 69.7942284681409 42.0621921354387 27.9824755495122 30.9330738689367 49.8974522345649 38.0535735859506 48.0069617141049 42.1709982607095 46.8335807540353 44.5412221472424 47.4107015809883 59.8394350564507 76.6879534079906 62.9714002882436 58.1423824926089 64.8071974090266 42.6815828136623
7.33081439553305 11.1524390922156 8.47499865066237 8.25344166028732 9.16572511210577 10.3090487052774 8.76274649715706 9.37872172725104 11.0998236394915 7.73849455813 10.2667088461644 10.4981745937734 12.1142136089317 8.98593443171908 10.048290450898 9.86022279032011 7.71282952478332 7.37259228128622 10.1480641786259 10.1685101250862 8.26309640599738 7.43742653277961 11.8442600539554 8.34333797280268 10.6839800214985 3.87469104039716 8.93498654175796 9.23412428183459 9.36357148426242 9.72831331458922 8.8211080895327 8.83338750393881 7.2619260221788 8.94949453737949 9.72960979527318 7.89421717615368 10.8597723534685 7.60663816824802 11.2459262459234 13.2352824185302 11.5094615390416 8.25646528992254 8.46782682265297 10.0151952757008 9.66901616557545 11.3058301114029 8.98443071736721 12.268647462878 11.2385832492955 9.68482331068202
40.813805882748 71.1069064587846 81.7779006681793 35.4514980071806 29.2141215805743 27.356519030648 41.9709688777127 12.4968891710007 47.1739898755779 95.356866008872 68.8253876963265 70.4710337798044 112.069240645765 50.8729606874246 35.2542231269122 64.6513036335752 60.857111358616 33.9468746640024 28.5330895381219 8.31470428371501 42.345295808075 78.9057555016487 12.4655307263957 79.4195507067765 -0.8015002207387 35.4581886724235 44.3976755152507 40.628266727664 73.2519684774498 51.8698050621051 13.9123476374867 75.2056795548301 47.0175083588196 86.2538257314939 52.259320611851 30.636983267529 36.529227139885 11.8963621853413 2.32331522585316 51.7238011981254 60.8325699909518 54.4319963416362 34.829982234937 54.2015246747335 69.3253089274976 89.6191973341532 26.8308602767303 70.1308081556326 28.4746063087128 50.785680180702
26.3620794254071 78.1458046465865 40.6621378026818 56.8455132490375 58.0819158657038 45.6352672535712 61.3842766107048 28.45245972376 58.5112971645535 83.0932354059881 59.7930993469156 50.0959821240827 87.8992509013611 62.9953175073795 51.2496755900546 37.959796608841 69.9266921516653 62.3765360822794 34.2641533911794 25.7227775368183 65.2063240182426 79.8877301743645 20.3563077812754 79.4423552267296 10.5848023571887 35.6990603148204 45.7022378844658 36.9755568395325 73.0604336440075 50.5154596807195 20.5064913953436 70.8262382361047 56.4392876216368 57.0537800473132 57.0513943224847 50.8031961441277 41.0289042738529 41.9439254927671 19.594350585761 53.0106286244916 64.4836497039535 43.7048151990273 44.9648130819414 50.5121539843923 60.4601834816792 77.8250443598365 58.3115460355866 43.160813654337 59.202007499686 44.0394715861703
7.73638022662539 10.0768560949167 8.67136004380758 9.64755821641876 8.78397815960333 9.57813605853886 7.2508763792555 8.64965493050263 9.36850550840444 7.18491528302391 11.1234255684577 6.41195505350252 12.6714003548083 10.1244210008354 11.4654739246873 8.55383861253319 7.84252267838333 5.71560391643896 7.17546452738372 10.7998643567146 7.92422059295638 7.51582657357506 8.62021461787 10.2196542588912 9.3803141044879 9.83553194641985 9.61584081259134 6.68687810426549 9.06864859410052 11.6101695939567 8.21532455858283 9.68724540536155 11.0499524142803 8.46851263929152 10.4183718819556 9.17192753747635 12.4322371957212 7.28297551323784 14.5302194818402 9.67107156343764 12.5205144668193 10.9801280427279 10.4028216157209 11.2918275152657 8.81062285738544 11.4745473246254 10.7458639863255 8.3908052336905 11.6839748446586 10.5166862574335
64.9216766103883 61.7586828066071 63.3674787008623 28.4111270126062 44.310692463393 42.5882571933076 37.565806443273 17.3428048305446 30.5516158736494 73.3334688114045 35.7046282718447 60.4397860582764 106.611460005897 62.8684926441018 67.6481129878029 24.5442139051256 50.1465842549798 40.0127910061456 35.7768089539066 15.7715124759724 64.3203209704217 55.3003419461567 18.7788615249172 70.2258137129748 8.81354941751884 28.169258857229 49.0101412226553 29.1451789528668 89.7361782544193 46.7827758180508 6.51290798350964 61.3628590531126 34.8319416231713 98.927943800037 45.9864601915137 39.7697162175542 38.5342746880878 44.1613033225012 3.63324267614455 53.5993642752472 53.661263251121 41.6935323131465 52.2899961005376 50.9145874766974 68.6397849556379 81.8072950170541 14.808345243573 76.7521756723331 23.3297276920548 36.6929080622284
29.3917608496337 50.3587144991362 27.952995905721 45.4555629122553 41.0525843955153 48.0855632974614 39.9866730496726 18.0782748183531 28.5868072295228 42.4483780288728 45.2178577897851 34.96622319042 108.011560240543 43.7995071068487 60.1305958072178 53.0778016360042 59.1578868542533 86.4928350524383 38.4341856261803 18.2503457632058 36.2956521283974 81.8523553838308 27.7153118958364 66.4757741068445 25.4347870498475 34.8955009481692 49.5292334956683 33.4508568533703 46.5084327518873 53.2194024115622 4.9995955816466 48.51659532525 57.5441006664014 58.1537118967386 47.0415633740828 70.8822137013527 35.5519676521265 37.877081495284 10.0417637278482 34.0175977782045 64.6675097727097 42.1450594874332 53.3126604737488 43.9627344401672 148.486145734592 33.3798872822224 25.6866477686115 42.1814570832787 38.2189290880763 16.1243795434236
1.05148042102877 2.04185961530106 0.21869580989439 0.704893832109649 0.670218340774882 1.26155751144371 0.492915514959335 1.13395027267771 1.54724312696373 0.611848627271914 0.79531039540781 1.24731857175793 0.329098835943617 2.3396596341359 0.337100413352703 0.396984201962869 1.26997833771586 0.226531220030947 1.11675389156119 0.938191640583169 0.487678284436302 0.770662297701188 0.538389934740262 0.861484970171105 -0.018167059601438 -0.0998533965572539 0.796138221070962 0.443088764996094 0.639375334048074 0.491582209850788 0.37822672470787 0.297169930766983 0.823233211159087 0.743642085057395 0.352007712785204 1.1262252673548 0.70268206695629 1.03228238632335 0.211812831246118 0.922780039236413 0.913021797300958 0.611018240268557 0.165052918349255 1.14252013020462 0.755915895966779 1.25000470310471 0.866665688116995 1.75369474859715 2.04732807421158 0.618376501335189
68.111503365571 82.0662104597142 69.407229300059 45.5111127763651 28.5309873589505 47.8911735035048 49.9930213275172 41.395440903337 70.8181115164651 41.7283068452679 51.9250653902178 62.2467627146047 87.0550860096695 47.3541518258092 51.4236011923951 33.4796477606377 50.891204811185 41.7249451545999 78.9063114894167 51.8749754052419 50.9594408839095 96.6908377329106 26.54838523943 49.4572500349331 23.0565801559695 52.2014959562721 38.1244501560837 50.5834043621347 28.9663565399436 47.8749849807184 31.7541480276383 73.895691688255 49.3217283168463 111.466256273707 39.6511439459368 45.1323594786259 51.5015648039883 51.9161028064671 41.7928256585081 30.8575673673661 87.5594239618282 43.8053416323324 66.980777516903 50.6887048376938 58.9163037020826 49.8999985460476 24.8955567752901 76.2354343930347 45.7332436565286 64.7279703511637
35.8675832448927 73.1599356664458 42.9701512258959 47.3552946660731 27.6371413102581 52.707975051118 47.869074503862 52.9414306509728 37.9128473245553 51.8289023369241 48.8986923337184 24.4544222357733 82.1209524768187 33.9535105762484 48.8400895535808 44.3412314397067 69.9513872930379 68.3738432412804 32.7448415772517 25.1511642318722 84.5826231558802 40.1159112757277 62.1359403101758 48.2067234663894 28.1861520380861 25.2193495496472 42.9795848616228 37.7680907173316 72.084812119786 44.2751883166306 12.7062558427671 40.6593595455233 48.824259289583 53.119252498808 13.7802348760182 74.6740280474729 32.5665874359668 47.9010334862483 31.3626613557589 16.4547376408973 60.5570550488396 58.5883493725275 53.3013181535598 43.6899254287889 145.840002754507 30.4927776003508 17.9846654047864 51.7683652201494 54.1474076318047 37.9166599297249
6.20679974331661 6.62773456896088 5.11487657608275 4.40887298891107 5.24389436089825 7.3155024815783 4.23402399993629 5.42701174341871 6.9062021010321 3.75315145481824 5.1348356684768 5.6899672326574 7.02270988987513 5.9172551248384 8.25182772523782 6.40193394290076 5.32890892561312 5.99208987962597 3.80331652231547 7.58094490189065 5.46729279133203 6.02002695340143 6.83532773034904 6.24764864376863 4.93442179313379 5.6828837920432 6.36223528077174 4.92997742302927 3.46336492347015 6.4243490896547 4.82775218319494 5.64764308047129 5.78729393978505 6.47753122645577 5.28674829623623 5.52092387930993 6.84835353571318 4.64907591758596 5.26437617997069 5.598616319875 5.11133670627958 4.28672393111073 6.70255141959578 7.10218620240029 8.69298200763426 7.69885467693867 5.05201932611105 6.90997213766821 6.3066304706314 5.09494321026451
259.715313688916 211.250878077112 199.907825719585 244.615156349889 195.69273994009 233.914791858415 197.530207882951 162.603014366733 201.929324558805 171.045215280245 55.4490167964959 217.871176464513 225.902670077211 192.796511508627 198.00231314467 207.682218679664 326.732826240354 231.983789948416 224.953077648158 182.740861150324 183.028558555385 107.483376877763 200.680160499625 181.32233061738 246.263229768997 243.365319660803 169.99084164802 203.941874381396 230.82892038405 53.7357723436394 277.998928467392 168.962950920622 207.253294928941 140.301975748797 269.032612512182 270.125922272339 235.184224122936 228.564289136774 244.915864547091 220.873187821985 232.142097026499 228.17293357916 174.679082568502 206.397028180746 121.568822159483 142.52394010202 241.087682338395 129.85227279879 181.687079492294 161.171441059849
246.345175062594 199.694141097162 161.414241871604 153.673955025752 130.24437250599 153.731615708171 148.055648712699 163.406393419684 231.93733170932 154.92700999627 162.452116564975 181.544251685148 161.958460543494 173.195368163214 161.255049054141 145.56162588503 188.357400076813 149.603988456088 229.781807022783 172.265120125306 137.954307149244 130.910100816031 161.885335687971 208.723595522747 152.229627119314 187.162448428507 131.671803952897 123.594364124636 123.17019049257 134.171475366045 180.614473803611 161.316199288663 95.8597722770704 147.786023003259 192.259565043161 146.792806284486 158.579581187951 191.358612599783 157.271891503983 157.548319640756 192.496878341883 136.556305632369 165.269395052186 197.078888476515 202.905988717193 142.429376662867 190.837820029334 188.868201702172 125.656531458668 192.664177743792
