2.66138877159116 1.62022030477757 2.65993977439591 2.3145623954142 2.16019411103366 2.35577375958189 4.54013618366818 2.21406446403837 1.9201041907152 1.81853728181343 2.76883538679053 2.42317553450379 2.63172401214173 1.96467040769497 1.91357986332476 2.00752742741258 2.45290595920144 2.52319570555123 2.44519940962361 2.32026250899131 1.67255376787343 2.16747929103074 2.52182927183681 2.47766190905434 2.12924022072069 2.13652619762527 2.10274626008474 2.76756663921772 2.14188851784572 2.67457324092745 2.23111182132764 2.89074768788606 2.38165137697666 2.17824919187922 2.72097778513291 1.7948638633036 2.01855486130101 1.81806045258761 2.38845237841274 2.16663973712782 1.66829337991083 2.21997827177384 2.01673291566583 2.46964354870795 2.72368863320696 7.35788938426346 2.56464255873244 2.07466922550269 2.24761920648146 2.19125861890742
-1.47656115254159 -1.6874696527552 -1.06992070477961 -1.48495166994511 -1.21266094977108 -1.28549845417141 -0.541121529684665 -0.719769454532572 -1.38171754148019 -1.43992551245392 -0.786535432292366 -0.853956744336 -0.760329074705213 -3.23527055154119 -2.66636036930504 -1.78397960534263 -0.955974708261526 -1.29735143041918 -1.84777887435844 -2.224961150386 -1.53591425553285 -1.43187177384213 -1.6181034383848 -1.01116612311708 -2.87874773980645 -1.12300399757719 -1.51932815002149 -2.75131349392914 -2.21019771127513 -1.46691690087649 -1.78767929343078 -1.08834791999855 -0.329436515902197 -1.03826331624262 -1.99591426597618 -0.962702275268011 -0.685215708072749 -1.34907881400526 -1.17661959907697 -1.1288246110243 -0.591637723111453 -0.693689630507538 -1.35294387342089 -1.80410556079589 -2.46919091731086 -2.00067727222343 -0.720008143975565 -1.28924783615237 -1.36114644458578 -1.15262971419367
-0.200150208712631 -0.306380229918206 -0.403529449852774 -0.113091455218487 -0.127544033967316 -0.149606975634957 -0.223677459765666 -0.112125080912423 -0.130161797088562 -0.167552284290179 -0.0738526597511148 -0.135374463839712 -0.166608514857414 -0.0850789480991856 -0.146355534952005 -0.248222598712751 -0.189275144606324 -0.11101394592027 -0.116485376627226 -0.128148256977628 -0.162109419285419 -0.125238109799355 -0.179219012240742 -0.226204460645594 -0.0976519031775198 -0.0755843432409782 -0.272459151399859 -0.251792059308796 -0.266550782570993 -0.178507691231384 -0.267040558317851 -0.10951387269901 -0.122519651015707 -0.0421121536248319 -0.0781093347142035 -0.180234206895239 -0.0257674616930312 -0.188428379333153 -0.234586157367114 -0.26142989695242 -0.0584643405720668 -0.174650169458827 -0.13313560216259 -0.106488720610838 -0.161896510161481 -1.18931667441261 -0.129887738620431 -0.15980241628898 -0.425733830214797 -0.0802024063591914
1.90229575396422 1.50828023692313 0.417916048861434 0.568856651307842 1.28331997023216 1.2799799027811 3.94965123727528 0.53920902449052 0.822535864134247 0.917078359760104 3.5479918878143 0.68933909968912 2.28775599191769 7.11542574554226 0.736641558317467 1.4663116846563 0.952994022240895 0.788274070405561 1.16979281366698 0.960260186085558 0.452076877207083 0.651063024360843 1.11403833059 1.08247397508175 0.615996803340153 2.59288521097179 1.49469709369798 3.89247062274597 0.906603368080277 4.37266999913244 2.4860309645243 0.80617067651145 0.70405845101919 1.39491331114257 2.09090012664595 1.10639973757044 0.135375914973257 0.88704927117233 0.655379041783863 1.23594921802813 0.729919953694604 1.95494936110889 1.08299366121096 1.33378732364377 0.385189621348269 1.61745733089272 0.712729708033155 0.95952666968692 2.97101100583389 0.910124641819154
-0.845493732232453 -0.256550323026462 -0.504402010702109 -0.0426225890986037 -0.0750934255696416 -0.0397028949201357 -0.777099285037357 -0.168899127386655 -0.0943055623497544 -0.282771935251418 -0.880431470502521 -0.112205840764065 -0.527812464667526 -0.127199599365985 -0.0712247764881334 -0.0264468654124396 -0.0828831641163259 -0.393048723815581 -0.144601505892146 -0.399975925634449 -0.0648519274415807 -0.040574156073539 -0.0473800936330419 -0.633873980075903 -0.619208310798568 -0.320968207409585 -0.0317309750051253 -0.923608430403205 -0.138747335926293 -0.249967125814227 -0.21467865347066 -0.534794554046771 -0.241780817076554 -0.872496673782939 -0.0599670239225271 -0.0934547570518047 -0.0879831651083254 -0.102880359604105 -0.0895149023234591 -0.0784428445159813 -0.283491266514495 -0.0642367811067624 -0.082515929016353 -0.154006011409696 -0.389451027504597 -0.0815410560276662 -0.675597599690811 -0.428897860856418 -0.0760573222734037 -0.181958509872879
-0.714940949031247 -0.270796490783337 -0.545563291323819 -0.34753701447539 -0.204893406296648 -0.418010701606673 -1.04068863247421 -0.233800631109063 -0.487809353928301 -0.564387622702717 -1.20622185551673 -0.439885175127725 -0.664130623998556 -0.328661050709075 -0.360727254752437 -0.47067587641212 -0.38854642655718 -0.316704441255158 -0.587151912408774 -0.659075139028549 -0.273330120473842 -0.348362970793137 -0.526357351622345 -0.88387551604653 -0.554631452343726 -0.21959848801039 -0.335679946018823 -0.704118076701645 -0.4385117900929 -0.580488844205331 -0.38053818519447 -0.580682452199768 -0.274785925604538 -1.15669408906116 -0.42559884500646 -0.303978817391239 -0.415735403483573 -0.245971674272912 -0.602111883955468 -0.136061421690969 -0.249572678723115 -0.509465582055818 -0.371615927545484 -0.360454403560533 -0.373884583607737 0.0428347948035996 -0.620793610218994 -0.362714026268917 -0.309004686879301 -0.458312360443271
0.819295026384334 0.904039402085379 1.19945574450458 0.387070846952505 0.365809924925347 0.531563438014367 0.54493839801766 0.222159907173978 0.866221057110753 0.713952830235866 0.507749516785701 0.410267674103898 0.891889783280572 0.539669723622586 0.990601721812522 0.588356844126855 0.431041182427825 0.419757327252149 0.377746176887926 0.827564603372974 0.748922545392048 0.423311809687209 0.553702232355052 0.518957803418575 0.651922931023645 0.475943296323278 0.480991877330746 0.755107523896016 0.636006288787416 0.279576141407739 0.428329906631538 0.371912742473643 0.336226381872731 0.747486655925964 0.32538468458945 0.735013718143082 0.673555473380669 0.803480590548391 0.460858342448955 0.461988419755008 0.643534303708655 0.607576090961065 0.707134124558315 0.599177781236623 0.43395573134874 1.00358328354049 0.413409327028458 0.593566071840213 0.512138758212607 0.506982807192494
-0.449481355808142 -0.355329282731872 -0.451153609189707 -0.828037580647766 -0.243469551944136 -0.496686700372539 -0.35869795644486 -0.246691847662536 -0.791117273654456 -0.244645016328705 -0.564978854053212 -0.499547566818019 -0.42264250182147 -0.301387809081264 -1.06259726141095 -0.235916150934172 -0.437859572255244 -0.263320863196926 -0.36807640764458 -0.414712945870108 -0.334959765282623 -0.391156832618761 -0.47252322857749 -0.31936848401319 -0.170627739557724 -1.22804422795477 -0.347065821377661 -0.354345711490911 -0.50467761858355 -0.578632580310973 -0.312159885178981 -0.288224805570571 -0.143963180679472 -0.245624429989726 -0.358743590659533 -0.365768294409605 -0.504325768639203 -0.26098640019841 -0.7448275694914 -0.39115488913379 -0.289931810046043 -0.407489137811889 -0.391941104622335 -0.361368651357345 -0.264266040327822 -0.691352711677367 -0.183625727304127 -0.309474534416526 -0.51495882580225 -0.358104330883903
13.9889335171562 5.25336095864295 31.0742716758934 2.99270762121016 2.22907671514287 4.45806227614719 84.0578994858819 3.70528463073014 2.45117779021219 4.4774067300438 75.2478203920979 -0.818895704351709 16.8588165591581 11.2954178472128 6.60764397494564 0.466719363862699 3.77607916372102 3.53009261924421 1.95741622010496 0.344434662634072 3.62857504472198 6.64045346292034 1.90682355212685 3.61654076038522 13.5262638757225 9.53982325642723 4.49474966620446 -0.135173864288768 1.48118357054727 10.4975613622154 1.46503816573578 3.35838020481932 7.67828755905817 5.58660177093253 5.93749650635344 4.02152063888946 4.34615966028599 2.28201838961369 1.76029069521913 9.79732969191788 4.78181731639562 2.5618796441859 7.33505954916744 4.22186917830129 7.17343940223377 55.3445555849409 1.44326029234866 7.43275004830661 6.11777533041232 5.9258149813554
2.69062109176296 4.75281090981022 2.8254548550371 2.5430191552148 2.62430460363828 5.07170034545138 2.39668973396397 4.73755422857193 1.2590085595441 2.79017347147813 15.9845405553785 4.3313202462158 3.58550484726796 7.03423659965366 8.75735289859594 3.90579171179079 1.74555199786106 3.16958342330988 2.22896089631154 4.69372873902365 5.29199574695039 4.62431464048407 5.37676317323431 2.2431534385619 3.52325562519993 4.83626191353527 5.42194371761904 4.73173151197483 2.20350475799576 8.35831413816867 4.49422915760043 2.87376241296266 4.1258445345186 2.36672832112158 4.65515548924313 5.30561105342594 6.04872938309208 5.34048936368866 5.61810163997098 8.25803041379049 4.11702238034244 4.58813531970135 5.93191006987452 4.12161726571608 9.2192759624094 1.75102339662378 2.38046989082748 8.07905004271909 4.21079901878371 1.2151244589502
0.321530272693765 0.194154546898666 0.111203387682895 0.468158736803562 0.414514268529373 0.130168553650819 -0.00560221363246399 0.13391510427359 0.375071661929596 0.251099661858694 0.00366993182743678 0.609574732042683 0.0505017742607522 0.0200066322907006 0.218799664839521 0.111775469833324 0.465383191281339 0.114247325169643 0.220861831019997 0.44487691351031 0.0959198215807521 0.0684743668236594 0.296940534838179 0.185788338981203 0.102803369706012 0.0526680164986879 0.0580427933661811 0.530953795568925 0.400903493465956 0.282150707752696 0.192975520438128 0.127712306386779 0.0752856170570543 0.430037082236158 0.0697573416061547 0.0623878424959181 0.0900399845564644 0.0898338451165082 0.354868137799531 0.0716753242819209 0.0609744265050695 0.197831858181957 0.0470316241957081 0.0253975244842191 0.114217800827233 0.105841805938869 0.234553316799169 0.132288500778151 0.0836573396264137 0.387017754347145
1.45294622526385 3.14652381796711 0.495358906722332 1.99014146462976 1.06986932442237 1.36860299347926 0.0336948970616102 1.35010055326888 1.37210336081772 3.1026698479328 0.444629562722273 2.06562104153717 0.787344222567018 0.689663893222632 1.34673898386142 2.94842869418639 1.06297301417707 1.51935934749376 1.73787346673422 1.93815606918524 3.44480920834944 1.80997523872676 2.47901630421288 1.70914430724687 2.02544096078104 1.34590254816623 1.18822614890525 3.10762297426477 1.77803796326503 4.31195064033467 0.834498685050055 1.30479983163012 2.45043605968153 2.62970311948666 2.00787777893929 1.41739463832794 1.3161195731995 0.780074418724655 3.99309250646002 2.2225158730055 1.75465773021157 0.620652331012602 1.04490998269868 1.42067298664839 3.50012539462152 0.0160296483649458 1.97221060997226 1.69762661761126 2.98683363013002 1.97478769486909
-1.19474438734739 -0.644950162023292 -1.29782838166949 -0.268010647473665 -0.918337485985852 -0.744185418757585 -0.0697038430680726 -0.70573349181513 -0.576698818383436 -1.31528735322498 -0.791843461062826 -0.785173173460598 -0.54195798092621 -1.01583076179786 -0.828243384083313 -1.16850272157043 -0.877612302916021 -0.619235973327038 -0.758633303466997 -0.605285918257529 -1.0401859050133 -0.735328889193297 -1.06589128783553 -0.675875363433226 -1.3433115602256 -0.638127194923345 -0.848712693103127 -0.841024635495102 -0.856623343147853 -0.746725176070915 -0.562155531390351 -0.496240052777872 -1.20358832439695 -0.809872053785338 -1.07824801504288 -1.00941480743294 -0.688034957315963 -0.8500235234717 -0.83101260448215 -0.419345543748308 -1.28495306044211 -1.29219432162814 -0.840252424924383 -0.682329812872373 -0.0186778443882116 -0.511890186783614 -1.06260571931217 -1.09985635105511 -0.797767329052317 -1.16886519088601
-0.461924905688376 -3.12159041646379 -1.21553619246253 -1.57917778018989 -1.33790808511963 -2.41490297552592 -2.73677984749917 -2.53080133680792 -1.14564462609836 -1.44557114986934 -2.46283168254014 -1.882382541372 -2.03482326559811 -1.57910065974824 -1.75466199071765 -2.27730111991988 -1.62099119158463 -1.24961942001763 -1.50316837870848 -1.49975915655023 -1.68943514933654 -1.77742992878576 -2.29612642349593 -1.62137389795766 -1.50142363753495 -0.812376321221985 -2.76452547786764 -1.43947564766189 -0.96644107648359 -2.42648291781373 -1.35917209745683 -1.85420166076647 -2.73726449189103 -1.65677478800272 -4.19207520993518 -2.33164220008939 -1.89229933265628 -2.16790643369506 -1.89912335094648 -2.7093408627736 -2.14501730059552 -2.76080747340734 -1.84228991597894 -2.01956926641856 -3.32246275615758 -1.72087684716505 -1.40896086790658 -2.27666432360933 -1.78128687005437 -1.56557010579815
-1.20984864227879 -2.85324263714315 -2.13900796613979 -2.84377377368606 -2.74261655909129 -2.59151343662311 -0.377884827004666 -1.35208684114537 -2.40511949690916 -2.87564924295695 -0.520300274767332 -2.92291798027244 -2.68887303393052 -3.1785388373397 -3.28545314927307 -2.84910765179603 -3.07019399536256 -2.4593806450298 -2.13789862853695 -1.74066246523443 -2.97281371876185 -2.42279784107377 -2.23389658142188 -1.87526321495009 -2.10390895902857 -2.37536788505243 -2.54834377934423 -2.54233003752743 -2.0072687466287 -1.48093561053276 -2.20602396958035 -2.25853091698821 -2.73076809062148 -2.76730232486602 -2.72945131999896 -2.57238954626284 -4.3512038333384 -2.77871659342591 -2.30133220798144 -3.22115774624458 -2.13698620843252 -2.96058721647523 -4.91316647319637 -2.16948790138614 -2.6241077731262 -2.15418981556289 -2.65239969780964 -2.69106657326131 -2.18136912548828 -2.80049423971113
-3.60747974968093 -4.04101434866572 -3.29031028647249 -4.41983613312128 -3.68681478367248 -3.36170084811676 -2.34963513437754 -3.2066078926926 -4.06096859076611 -3.52094419373462 -4.30970166186389 -4.06792864399166 -2.8625598204925 -4.11086588714238 -3.83836938165755 -3.35801884913902 -4.18378897815388 -3.22710394695866 -3.18308349330087 -3.25196058563142 -3.52955882741813 -3.53791988824438 -4.07911293756696 -2.78762403154524 -3.13310901392381 -3.16686666965169 -3.08575440066592 -2.54842404323031 -2.63156620139573 -2.67035958702292 -3.05481710062747 -3.41613682813532 -2.99351119124759 -2.71960299793834 -3.98165233449963 -3.19025803973794 -3.35953673246088 -3.77273299613 -3.33661763520217 -3.4966537025112 -2.62217014992945 -3.81761563945651 -2.99884105975431 -2.94484259197279 -4.274131986671 -4.59478291468944 -3.20843944785173 -3.3412895376575 -2.59402169705774 -3.14171218879757
-3.30122094467962 -3.94483110189156 -4.98721865677738 -4.35681873674082 -4.30117915001797 -3.15163751360117 -3.40714272762933 -2.9605735362789 -3.79041651104024 -3.29910106758412 -0.664661095616121 -3.85112767879703 -3.59703175850084 -3.44802812862697 -3.20890192971865 -2.85221803823654 -3.31799287259778 -2.4573954090532 -3.17294448462126 -3.53109925658489 -3.8317914803375 -2.52948422895396 -2.96081740649419 -2.43037004353926 -3.56112808553153 -3.64425806201892 -2.66889139284306 -3.75306105697046 -3.56437804451688 -3.01773343823193 -3.97077342287024 -2.7906839047969 -3.18657517710206 -2.58817297135142 -4.00977597649534 -2.94439667295109 -3.34445423864043 -3.59962697150302 -3.82923245036299 -3.69673429864591 -2.15305579071956 -3.74718421468643 -3.51364018080055 -3.08699792118874 -3.83688053448675 -7.38351110301785 -3.24748330737233 -3.44625847633043 -3.59691812894981 -4.38396108622977
0.4702400500361 0.875583015530162 1.76271170670766 1.00855278194847 1.21949786695385 0.40302012875697 0.681822211277989 1.76491763641119 0.826169854619397 1.05667849623552 -0.0472966268181056 0.566051383608371 0.724462038649419 0.482146894938288 0.762615182351619 0.902024134186176 0.549116684047352 1.26188036354482 0.893472648371066 0.264145419675701 0.72056891467224 0.950353509825864 0.345913723535416 0.473508034824619 1.25102010736058 1.42673263640204 1.44555897630289 0.414191687091659 0.469949335974204 0.262017836435711 0.957299895855027 0.561217456252068 1.39574695179749 1.49832232132065 1.39038579071966 1.22460392006088 0.980884953224393 1.4661208500729 0.442946375208732 0.741568454537281 0.545394842461046 1.29055771787862 2.89421480962174 0.772024445267303 0.838393790265567 -0.0881659388475438 1.15670414107585 0.542846946070498 1.10621682490887 1.04767797292864
8.48403863706033 29.2005666411352 17.2191899485618 24.8371316014844 17.743932317977 21.1798620369276 45.0119472432046 14.0326769751751 23.409446829366 28.8572000936938 19.6140624278715 50.5861772210324 26.295352404506 24.2820479934355 17.2412406023169 15.1279203137316 37.5519705632172 40.001316582945 45.9426598479882 17.1534781149691 20.5075517033845 16.6737240057582 21.5146068100373 25.4777153313337 26.9243743869547 17.8409326670903 14.3870938322662 38.8682958228084 27.2944490505367 27.1274889407731 20.214064953047 16.7209943061622 36.824955100087 1.5462495070359 23.4066687440125 20.3501891558898 25.570877230392 38.2372644931839 16.703237523687 39.3920919190716 23.8634661114867 16.2076108510405 40.30816956587 15.802507048325 31.0714276450359 41.8622383760419 27.8089323030735 2.64218756545911 13.6750764338476 22.9213584111736
1.80097740154999 8.85035391015844 14.1599216142791 15.6812427380131 10.7314197281346 8.60174781013503 2.91679271233625 19.4255187484535 15.2214570235688 16.7530729038021 2.17431662598909 4.80947453849215 8.87524106201895 9.58622003469226 10.7932778511177 16.1200431402385 13.4870193902193 14.7435600053331 12.8571736196959 2.84248721657214 11.3993145610494 8.40118010169197 3.59063514761301 23.7666347258912 8.64510288474974 18.5313233738145 7.81244563090982 2.36864651425754 14.2528222618774 4.22114178634163 12.9685257139025 14.8010364907315 10.8123346652283 16.2647956101872 19.7364349810521 14.8162364106753 12.697168062925 14.5701875886442 4.26362827427494 5.16282766918108 25.7221272547021 18.6604686895583 19.8045087479054 11.013500818688 3.96727294998819 0.162322874102034 15.2037433551289 16.1232363520393 13.1280896152127 17.5046909922312
0.25 0.25 0.25 0.25 0.25 0.25 0.25 0.25 0.25 0.25 0.25 0.25 0.25 0.25 0.25 0.25 0.25 0.25 0.25 0.25 0.25 0.25 0.25 0.25 0.25 0.25 0.25 0.25 0.25 0.25 0.25 0.25 0.25 0.25 0.25 0.25 0.25 0.25 0.25 0.25 0.25 0.25 0.25 0.25 0.25 0.25 0.25 0.25 0.25 0.25
-0.1 -0.1 -0.1 -0.1 -0.1 -0.1 -0.1 -0.1 -0.1 -0.1 -0.1 -0.1 -0.1 -0.1 -0.1 -0.1 -0.1 -0.1 -0.1 -0.1 -0.1 -0.1 -0.1 -0.1 -0.1 -0.1 -0.1 -0.1 -0.1 -0.1 -0.1 -0.1 -0.1 -0.1 -0.1 -0.1 -0.1 -0.1 -0.1 -0.1 -0.1 -0.1 -0.1 -0.1 -0.1 -0.1 -0.1 -0.1 -0.1 -0.1
