34.6292523637985 33.5823353375804 34.0976029085591 33.4930627252133 33.4152024474986 33.640731624837 34.2368338843062 32.8287134062979 33.4580946443848 33.1362400926652 34.4278612114253 33.7968839292115 34.4931265468139 33.6495405536592 33.1818053426139 33.8182514028014 33.8620572268955 34.4054904103493 33.4212845320776 34.4925708768771 32.69510613836 33.4741545129046 33.7821102869833 34.1398756804937 33.8807022557356 34.2491673575136 33.9937573174779 33.6078887307023 33.2020162089999 33.4974181411345 33.3572451834423 34.2651237768238 34.0814420688008 35.0756002712983 33.4471787875447 33.0691846442622 33.6290833944704 33.6862242945392 33.7549246500324 33.5933885970509 33.6463717793683 33.5645046637354 34.057232793979 33.3703947581269 34.0737793208689 33.6424688829503 33.3928938014446 34.44260445377 33.0484742318368 33.2162988510643
36.5323875294002 35.1214604116963 36.192807931977 35.1767390535041 35.4920781261396 35.4838017474738 36.1298264570039 35.092286926982 35.4048601251929 35.0465077307829 36.7288330899964 35.2489702970703 36.4591299550931 35.4093280270497 36.081319534415 35.5779730117716 35.5588480232377 36.0781225043038 35.8073165789831 36.4023255105788 35.3763287463424 35.5674269303471 36.0857246666988 36.11877420745 35.5460602019515 35.2788678628963 35.4582765816403 36.2733853757504 35.6498730738464 35.47378867019 35.2881613372016 36.3512959965875 35.6662757432926 36.8153987314098 35.6171595812948 35.3072499691526 35.4529411715818 35.6893822240961 35.504271908866 35.5438450618533 35.9751484257939 35.5131040728312 35.8864196890246 36.0761891709662 36.0608521298794 35.4981956820276 35.4456838490796 36.2585535639834 35.1011735177431 35.3571215419139
39.1548961337722 37.657879583837 38.4443734297322 37.5832467324989 37.8274005594451 38.0209291198222 38.8311180661182 37.7080707760184 37.7938439641553 37.3857353527889 39.365900074944 38.002082628107 38.7514618388513 37.8937621856992 39.0066485793382 38.0093412279562 38.0436144828217 38.4111156864017 38.1049982749955 38.7564344109238 38.0001327115143 38.1810216788524 38.3477470800287 38.5396997090304 38.1880868961694 37.9358036699841 37.8570010314138 38.5754961773086 38.2777290608628 37.8240728714608 37.6135901415703 38.4567009480541 37.785016609111 39.7653626169181 38.0068643765995 37.7384861563733 37.9207064017059 38.1134552624165 37.9439177634668 37.8831778726309 38.3440705223723 37.8919650684758 38.3007925762699 38.4487126778644 38.6088209688197 37.7292410424309 38.2341498109814 39.0440217193219 37.5510751235435 37.8091136800173
42.8411537128012 41.3951035187072 42.4639338871335 41.3778342606299 41.6757517086726 41.8788960531416 42.6065516213068 41.4794999455792 41.6187435898003 41.2829544936163 43.183653073914 41.7750425013365 42.7594476236598 41.7110072749928 42.4358797806234 41.9473390623671 42.0578647199666 42.340965851967 41.9483705451049 42.626271630805 41.5722576584689 41.8817313034005 42.3459830935792 42.409457662888 42.0639273531671 41.8366082456673 41.6534976095233 42.4653341955366 41.452738226219 41.8082047870083 41.3406317193731 42.5669424107693 41.9067436083296 43.684758671658 41.8438797203904 41.5362375435434 41.7362988786382 42.0036298096147 41.8400672387298 41.8129676988675 42.3058812001544 41.556695943853 42.2670293089346 42.4797144117484 42.3859679657063 41.7169112478618 41.7888987443752 42.8458457106416 41.3141230044116 41.6342785223101
48.702122531462 47.0133446588287 48.4110421994682 46.9720857083059 47.3410261668699 47.416582023993 48.3578881282646 47.2044660101826 47.3247908563864 47.0635834464402 48.844052200877 47.2824823242172 48.5417032256202 47.3179712042368 48.0694054621196 47.7133055272119 47.6798592054919 48.0764534963005 47.4571067691733 48.3046561183073 47.2047098633255 47.4658586674434 47.9956969934948 47.9580900052035 47.6922463066997 47.4906289889162 47.2677905884092 48.1960293991618 47.6284886440935 47.4431580288968 46.9416805526715 48.2671749580046 47.5301208391643 49.4061163586599 47.5613727397258 47.1747089631331 47.3685281383323 47.6207161440203 47.4624885350814 47.3533199423694 48.0246202437929 47.39693213689 47.9508939503189 48.163968397143 48.1480439503883 47.2905394744592 47.5701435889491 48.5856474054744 46.9156720341966 47.3180334125536
54.4031108157185 52.640934525876 54.048571963249 52.676454826418 53.0285705816658 53.2349558510555 54.0679104725964 52.8908072918691 52.9889577404293 52.7746652099673 54.8540829274724 52.9338299716222 54.403076252981 53.0652948475811 53.9334607211935 53.3824991851401 53.3315713946601 53.9346024100659 53.4172771426384 54.1150243384692 52.8379389627115 53.3160652397842 53.8805173464195 53.9086168666165 53.4450616995693 53.1270879968043 52.853844635948 54.0667808312463 53.3460174224859 53.2578518508807 52.5634755671058 54.2013135022147 53.2873642487214 55.4435292906582 53.2952326910981 52.9463311756912 53.0842763555629 53.3699845733581 53.2371136623929 53.2110753468768 53.8093455951463 52.9781634473459 53.6826074893028 53.9265392153449 53.9379277734252 53.1132396567814 53.2319524090201 54.467680810346 52.7170739713503 53.1347484830002
5.76946194131188 5.5036215260226 5.67015942667377 5.47130704776479 5.53177720388664 5.51421545221163 5.67746146110659 5.4497878329101 5.5861546496614 5.14502312136619 5.96379117008484 5.82922972387114 5.89045447374218 5.50896585744533 5.91304478553096 5.5595300566578 5.58791673109112 5.93198046542167 5.72521532549923 5.87049045144324 5.37711974429215 5.61598415277284 5.88247174433497 5.66584845961874 5.80689811135078 5.52745502723894 5.74573633245204 5.8406777684192 5.62626988233552 5.51229686967337 5.3256160242926 5.78910145873478 5.54466506472731 6.27340570287107 5.77507726165863 5.39687720096345 5.38395413170985 5.67000631376373 5.37617816725971 5.397036070291 5.56790131653689 5.63538362213419 5.60292281752268 5.87961290929843 5.84859699867564 5.63913829368651 5.55898649569955 5.67769263963613 5.42099178387633 5.53161806148176
36.0473552368194 35.8645869999805 29.0043101720513 28.9270365590031 30.5966744295916 28.7994606322667 32.7455606994822 33.678675760254 31.4692539922321 37.849920669545 38.9955456741666 29.6271544012922 36.0100737197148 31.859660936696 31.2127786859709 31.4225298514782 37.1613206612142 32.87016287388 28.7531850023406 33.5840615779777 23.5867865279575 37.3645375784812 28.5041546869872 31.2014709711957 37.0806677278612 29.6797852943442 30.8824129640653 31.9141973343065 31.742047016402 33.8031388477064 29.1037357241187 32.7646654133199 29.7054890313794 40.0309783095998 33.3408401831745 33.8748555709432 25.7149860120234 31.6509451649847 30.1590357144569 30.3302573860292 34.4256523043442 25.1493090145769 34.0657799514846 32.7656579183514 29.1061292043443 35.9365958329919 39.0511368103874 38.8232936275978 30.0106502792902 30.2518915407605
32.3967608675753 29.4170633709277 34.4354733016467 35.0559502807746 32.0501513748697 30.409168819332 32.7335456594259 28.8094848170361 33.8084279138428 31.1566796487423 26.8512413743694 29.2897039598077 40.1924748727318 33.4353546990092 21.9512790402215 23.5163413408605 32.9525310028844 33.16257325153 26.4206821555173 34.4251355258929 31.0132047324538 29.6620605867196 26.0414051252705 33.1399503325623 26.5836263893623 33.1534840092169 30.574022025357 36.6244544592274 25.2118945902794 29.9082647721561 21.4536921534162 30.5316658635537 33.5128480361956 30.1873930548229 37.2926915483652 28.2684554654909 30.2667406760507 29.5701339606335 32.2451145398636 28.788076289632 27.0051499538452 31.8461823040158 32.2210914609546 33.1453236887119 31.4625001151465 21.5090314371156 25.0963658286139 26.7854615201858 29.4288393525977 29.6042213558222
28.5544916975022 20.6062034656741 17.4053851544125 32.7500236737033 26.9262709468633 31.560128746166 19.6392739522698 27.2879180698757 25.7131043137325 24.7920417569874 32.1241385819809 23.4243410280343 22.5078239674538 18.2896798258323 27.5660841719023 38.1235576722989 21.869743246007 13.2035797185472 24.5637040071538 38.4918913048596 29.9651743008789 18.1203040982425 26.3282646261646 26.1001156772353 21.9676840358101 28.7484447252474 25.4997953788469 19.5761633999224 28.4397528908603 25.8292440118162 26.6076960271652 24.5756678796536 30.7834633806718 14.6380234084122 31.4230186424631 25.605538247439 24.4433097137389 40.0001741767871 22.8780765136073 32.2166612800286 20.8530275081419 22.6580111688106 21.3017549751489 26.051267274793 24.985964166571 24.9409094970626 19.849533416378 21.8085957239943 11.9395941620923 29.4184174437498
15.8217284098774 20.5830583480793 18.6114193597501 24.8110374061129 23.6989859065885 17.6944834654524 18.4087391083321 30.0330104443866 25.6703531915664 25.0368853491237 11.5603644287191 21.9750300783765 20.6528830694324 24.5568608834262 24.4071492059424 27.0369612232964 22.0104725109237 27.2815529478901 26.0640121664472 21.6170842879599 14.0845829375506 19.4597736364792 17.2051036631052 18.4467661999802 17.648341619792 24.2361870958836 18.0713655819319 20.41538361816 12.3708775716748 31.0858132116044 24.9374821998539 9.48326120561928 19.7925917385555 31.3242667449525 18.9901657820559 24.3609488803367 12.6404532252891 14.40486717826 18.9312218372859 23.1530204850683 28.1220754400963 19.3471607638265 21.7095999207918 18.2563926994188 20.1574160240756 23.3154854431683 24.9738488626968 28.4403876105502 23.0452137348497 24.2157610514238
12.242493812014 11.7716305914033 12.3332928698404 13.6906836637078 15.702381140352 9.67057480296243 14.795649907322 13.0602258773972 9.37978548979933 13.0095018880435 14.5574152182672 13.0329511659732 11.9946629063287 11.8420856958927 8.68287796018599 13.2554720026207 15.8993214133176 15.7130473367821 10.5027172895262 13.7014306700843 12.0290792331975 14.0595033045467 12.5716282693991 12.5972405248944 15.6855114665122 9.91494486860661 13.5447925029066 13.5944273560712 13.1926001587762 13.0145273740831 11.0043615362442 12.2718260715227 14.8816445227671 15.7903709040235 13.8198046320979 13.9924251803375 11.9367042450753 13.9391958791778 10.3973697892801 12.7363189545274 14.296005247682 12.3439714827473 12.2399140173196 12.8454633320081 13.1494940825435 14.6938407745544 13.5946739591907 11.3644101972876 13.2034637373441 12.7551501700765
15.8564882675845 15.094893030494 15.0850837644582 15.16031689189 14.4835420192854 15.535003914157 17.2043110479151 13.2617496976742 11.9841581399218 15.1345299067263 15.9368527232771 14.7575266000751 14.7880227112876 14.6789741310181 10.7548048961547 17.319741207466 14.7139889322439 18.1645321701143 15.021618462147 15.6484844271662 16.5429467765701 16.5959424986366 16.1616930421505 16.9431377004955 14.3719276959455 11.6067188514321 16.1974663465313 15.8233593763172 16.5582813334875 15.8756072049001 14.259523013136 18.0835592306539 15.3616825755507 18.3139390449791 15.1924811133362 15.2827724890717 14.5987511776842 16.756061913986 13.1784263568053 14.8904231871065 16.5643056774942 14.986945139007 15.7638340782073 16.0706510768708 16.9163110467984 16.1201773775494 13.9726758782878 13.0457440595815 14.915245181269 13.9523853587748
19.9242451702608 20.4004047810466 17.6511062847534 21.0746756652888 19.8272739193648 20.7014674103198 23.2017086330176 20.1214590151075 17.1346654281522 20.5676465481066 20.8934717434865 20.0406451695647 20.8231425002484 19.4501426276278 14.2571744414991 21.5284531770587 21.4101076640907 23.6466400713171 19.7062291743195 20.9333083504387 21.7567956672668 23.4750237893273 20.7580212423534 23.7348567940539 18.5734204359969 16.8399911828101 24.8246151725479 20.0586778053754 21.8510474874394 21.335939755147 20.5177668774806 22.1434723590582 18.907084896314 23.4460404773571 20.4128863715773 21.7846122657898 20.7898084444964 21.0421655627145 19.9416944974081 20.2819313436574 23.3880278057761 22.8165091562692 22.6076748976363 21.412824279515 21.8694144337795 20.7340123967933 21.084968183673 18.2210963948469 19.7069733371939 19.2473693833121
25.5098269755071 25.8762200909179 24.2490994159939 28.2416304560023 26.4998458565686 25.3904752377423 30.4877071689684 24.5745363055517 22.0362746861233 25.1521134354348 28.4882059624101 25.3355680715551 24.9773088791887 25.4638912037142 20.3668935845742 27.4170287212022 26.5575645541314 27.4344040306372 26.2249016758152 26.5692216205817 28.0777771677358 29.4344891110752 26.9813405377531 29.130446936247 24.9352668989558 20.8982420478065 29.4507380359486 25.8203263138243 26.7118920746756 27.010226015042 23.9600779496518 28.7719953865056 26.9729058141751 30.1521148470078 26.6325080272038 25.2455522965899 27.0595365873481 28.1677658932706 23.9915477223133 26.738334751315 28.3716737880115 26.8608893563493 25.9283127608929 26.5515318760275 26.7073160200731 24.0716593333581 25.2540251438604 24.062840993969 24.8921897722303 22.769300544468
34.7669657090472 35.4330239605606 36.2074367614908 36.4907025361971 32.2732512629337 33.5539741646757 40.6930493401855 32.5428153891824 31.9393616487582 35.5422621145827 36.4194507444242 32.8379272549272 35.4668740134242 33.7602225220754 29.7666168943832 37.1326657622552 34.4144083808693 39.4965225879257 34.7122326899556 36.6191267650758 34.6381374746468 39.3200085881969 34.6414197496583 37.2051873446307 35.178687819714 29.329283031026 39.7276894011036 34.5740654202085 36.9066861137902 34.9674277953404 33.1279841371549 40.820067656843 37.3226961173814 40.1994187416906 35.2099185688995 33.0501373487214 34.224802135187 37.198703882141 31.6962647375179 35.8809342596129 36.1199047959168 37.4930300511718 35.3606879885705 37.0963131629984 35.0573792749261 35.485897982627 32.9944128791936 31.668725275957 36.8803524848459 32.655542943335
41.2907355520302 39.625006648989 41.0955912460214 42.9265402670601 39.143234908253 43.2822170682444 45.2609029905786 39.3463327104189 35.477321823235 42.3264114704456 47.0883029246729 38.8576961395235 41.7762083978407 38.5981191310128 34.7924043363107 45.3157609232949 41.6770645183374 47.1262662033766 38.9910638965882 44.4983361940064 39.9376697860042 47.25154978805 46.3825660093757 46.4466622118129 40.3556522138915 35.726961672981 47.471344932369 41.8275890904412 47.8062905034126 46.2706284465518 38.312803714661 46.3503753128962 42.7118044085664 50.2702740892763 42.008871032396 40.347521255267 39.8486275001621 43.5743244570348 39.8153360680905 40.6459997087069 44.7132199501358 42.8723325314473 41.6566385229866 44.4024787157002 44.1913627172211 41.841719443133 38.9665662963557 37.8068890741298 42.4971797567149 38.6476792960831
21.0679598385799 21.3496477001011 19.9138350960463 19.6181113430805 16.4838830608339 22.1747770739488 19.3650508704591 21.0520106477718 19.929966817754 19.7326571561369 23.9953500849371 20.7962404050462 22.248759202882 18.6600165335776 19.4327597381084 21.1306066936798 20.6843169582485 24.2850001864727 20.4417540449375 22.6897421990342 19.9151458966826 21.17079480513 24.0116472737178 21.4418904818594 20.9690613247929 20.148678446631 18.9637184831597 23.1810723605717 23.4817454769126 21.8522112583522 17.5227079869991 24.1832793011672 22.8727830102991 27.4505905807594 21.4937014429812 21.1462097106175 20.4320224038812 21.7228402861539 19.7493798456045 17.8742018223466 18.3022930865658 21.055121498044 23.8278438957761 24.4129139988674 23.4729217998927 20.2122505286512 22.0074550346506 20.7997415196997 19.702830922398 20.9105058806139
-34.1664892617835 -21.9125011757463 -27.2615265675233 -28.6254600664107 -34.7500372799881 -15.5557473564128 -35.5751697700857 -25.5325131013784 -22.8278065028709 -25.6728160454869 -17.1998938842885 -24.7623429857966 -39.2295752404853 -39.5631969349895 -23.3176630054344 -19.2585090785707 -9.15085408502596 -19.209233368854 -28.0729477322141 -42.6770359429667 -46.7455375723455 -21.5254934831908 -17.9511072182392 -16.1848741809742 -28.4536610736682 -31.980029982907 -22.9282777111272 -31.0643143599147 -30.4882114725385 -31.1437019797585 -37.2532127492819 -13.2733519051441 -21.1784943022329 -41.5168620138665 -31.5550115316751 -17.3375043984394 -28.1209346982273 -30.2296668224567 -44.4541903176838 -38.8768905322681 -31.8818514376984 -19.5911011728489 -18.3534182793076 -9.26621979059011 -19.4246896023917 -29.6106360172118 -20.7191052764062 -31.4557656972799 -28.9332361046051 -27.8692855420543
-34.7353168629658 -18.343276381724 -33.6256609325623 -20.7639094423662 -21.4924509851502 -24.2775481607292 -32.6875798509067 -23.738387874063 -13.1200800549492 -20.588755041264 -24.6239674990465 -27.1408533427919 -18.2588134247211 -32.5131440778664 -33.1534098942522 -35.4322160188026 -24.2363059957806 -23.4030515185067 -18.5107919618705 -30.9851363326503 -38.1583892907398 -17.1149214559691 -23.0732715642173 -16.3076000373047 -24.8259995611407 -22.792871969757 -19.7780996838892 -35.3112340446768 -19.1112073679602 -24.8620872077476 -21.4510116775373 -32.6703168859535 -28.2011289371393 -14.7355132562665 -23.8677871367086 -21.3222717309776 -32.357954457067 -28.3129595081409 -28.2195507799248 -22.2543542995538 -21.8532759059679 -34.5274729123591 -18.3325991911986 -18.1190177904282 -14.4538277648051 -27.6547196150262 -15.5244451775303 -34.7419472016488 -21.8967324901428 -21.5250836689104
2874.88771102424 2953.28043397581 1957.0728401599 3318.02060477776 3663.44911442661 2509.70908225983 2173.67686943715 2862.34904881142 3399.67381423469 3570.19080241901 2772.60004283183 3545.9038401804 3107.92344958283 2435.75507422298 2597.45391698024 2844.95732196518 3087.04861879854 2784.36388771272 2732.77849325825 3072.65822664457 1875.39703560385 3230.99612384153 3019.23077318134 3093.24243984308 3106.94704132981 2663.15540330096 3827.55624984929 3406.4696078874 2499.2578534072 3324.81782152191 2304.22680654537 2111.6437360972 2974.39982777273 2816.48778059848 2701.08416139203 3118.47774738248 2829.47152916713 3907.66019343302 2521.21094229124 4189.45582693152 3110.21364597091 2808.50079768428 3254.94751228052 2615.33695507882 2127.76389936257 2644.4918494522 3199.09178526817 3447.14823988695 4005.75493270163 2655.73720575126
977.095504217418 1101.00620413263 1182.89742345579 1480.69412890676 908.305716605507 976.781109650116 836.020168405476 1535.02240547479 1214.63121420935 804.240555977362 1071.21593314328 1148.52230341913 1245.88527544913 1371.91362347669 777.064227605571 640.75950669763 1237.49857128496 1069.57300901592 514.242212139283 818.873618102097 784.559439322578 924.380719423175 732.806031962771 929.984089326884 764.953206395232 1292.63123656251 940.459238322944 1076.81228204204 764.949715722051 761.014467035782 865.242750216762 775.167394617121 1589.81820633189 783.081708873367 775.008339737639 1222.58291431757 879.596331021274 805.875793298712 674.524038539364 832.677599454054 1052.64329840069 798.738121265211 788.043070419098 1722.56045356233 839.829172090645 920.139366079624 717.836941623348 1146.46027263399 831.568698733053 1734.0645314962
-34.2567868143673 -24.4931285800991 -52.1020641145862 -32.4494075654624 -29.1849061469958 -32.166277334019 -42.0088302996728 -18.7183793131424 -30.037041245825 -41.215833295061 -28.4981820459482 -29.0086225959823 -30.3099451192575 -26.9823353764127 -25.2214880190567 -34.1833547594237 -32.7076912476519 -28.2810977859277 -42.0239082074476 -41.7144661153604 -36.1915035641216 -12.5690609746877 -24.1224667503126 -39.1151289944954 -44.8969112964728 -32.22516776185 -29.9690356026405 -33.1873612923838 -42.8040501994586 -27.3538920517122 -33.8787946716505 -43.2454746815076 -26.7526549033224 -32.2947302135464 -38.1931121051998 -32.6773027864129 -27.5294499779961 -36.4965122883652 -40.5102467468354 -49.0632904428743 -31.7813002598507 -29.5337539896794 -31.318878522148 -22.2573767768077 -24.6200319584068 -27.1546727504812 -35.4690360484919 -52.2770207573022 -31.7265064123921 -39.3279033045694
-9.61011377892381 -7.05895171781331 -13.0065723751762 -7.71164427473532 -9.26657669052301 -7.43239726584553 -11.1963936993244 -4.42518640251301 -7.2387725175338 -11.7628538195588 -6.19944556741461 -6.94180531518487 -6.81154740818273 -5.9787299385759 -9.22782459255843 -8.32345705357534 -14.31996835144 -8.39653985027576 -8.91353802349001 -8.75598203986022 -9.08768073467324 -6.5912416284022 -12.4247680967947 -7.58871321673438 -7.84910026769049 -7.38550798732153 -9.45366929091106 -7.62818663934151 -6.42450074169272 -7.71143421389904 -7.61416222944255 -7.24945034088382 -8.40189857468591 -7.23669404142152 -7.32506772972809 -7.05160377787409 -8.56311186389979 -9.30235065555738 -9.8960798289056 -8.46826544789224 -8.58765834420677 -4.3480351391631 -8.16749962260661 -10.6444493252304 -6.97035652608944 -6.59994080399254 -10.377206383025 -9.53567242094078 -7.46283129331408 -9.26072851540761
-313.319764687143 -456.813291378896 -356.346586713569 -555.425263287673 -297.988859910422 -358.010606777847 -443.146122108362 -408.115434614394 -354.118406285986 -267.020804722353 -291.617779765163 -443.107084857505 -409.059426519222 -489.17294143282 -424.173910103578 -269.558158308772 -466.384827555798 -304.682924847724 -433.168667355149 -571.011643668994 -435.766276531379 -370.876385049549 -315.033147234766 -292.238225321627 -433.546486881533 -395.469889247631 -353.876934890586 -395.518362704092 -289.578638081117 -339.428381098172 -443.454901770744 -384.437233307073 -353.727634318654 -374.664309314794 -394.019612243865 -317.838213411075 -329.124944814963 -459.936831321438 -427.969701822466 -300.607421557232 -387.55121477253 -326.678219351386 -209.934479702808 -574.23114615955 -237.53007707689 -352.490131655047 -381.939668180684 -350.605963142123 -508.556419167502 -518.444896947441
406.043525921773 262.489487527309 429.48782353484 477.306427898315 505.61897859231 460.401817642569 633.321404215133 369.095606560752 733.936156499641 639.428803619058 503.895863507724 950.330688592154 524.312531619733 378.781563421567 1050.51628480805 742.095534904285 534.256703058317 431.138670092068 384.431027056917 819.378551940276 466.389576207602 709.027378794789 448.755682635359 670.130769694309 304.250457147692 838.821450589984 201.898741159626 571.218168387217 649.813416239041 463.103004088081 585.071898740842 538.852355624525 802.127347239895 328.897672491865 496.307015039796 653.655950794043 868.490411811874 740.22275685236 684.663526236801 402.36227042769 1024.38750835063 650.466224111654 281.254784300058 400.920179445662 408.511225257668 474.487296534946 742.640556179962 329.573860180316 1079.46150568615 786.339317973249
66.0065872304436 47.5603578748795 51.1022197790138 58.5182342829955 59.6702736293409 36.5284546567184 53.7693531730978 57.5858697895922 42.6946884177084 48.5494132293016 60.408358268356 58.4717666249024 59.4714619190333 52.8773379706269 55.688288237071 45.1637988540726 53.3493637614931 60.2372722945356 52.0189902215559 49.71557827653 48.2483765567508 59.3593578133911 60.4630854430708 9.52934825347457 60.9986163331886 73.6777161424093 45.901726462291 48.2761034785475 28.4853668778698 55.7223661697035 69.1872759075491 70.2981440033913 62.748077963616 52.3679166141703 38.4457760331831 53.3736487694175 62.7283264858279 57.1109183408939 40.1654620668694 59.1616300035671 53.520927454656 60.3693751280156 16.1722844118579 48.7076194546205 83.2020520598465 75.4183337494906 41.91277117389 51.6354722580986 52.7791503990942 55.069229536574
64.6396237979892 63.5034803193156 54.8883488125428 57.6584509925432 47.7034464731406 60.1099395577932 47.9901088133969 26.8045321357546 33.9069579641216 37.9040684786267 64.8921505439508 36.5672411970526 26.524544786457 43.1806344947405 52.8413323032055 50.5090486631316 47.5761877468391 26.2797350181201 35.5585676994823 44.8244037949004 41.7865881421735 45.1665066695595 98.1723059775469 51.9001391825305 53.5591447738761 37.5475189356004 38.7799646452355 63.0134133961086 52.1423774592834 49.4799249944294 56.1906624749075 42.170011366174 105.30845928009 20.7736566703212 57.043165652139 50.2271850187563 25.5536984710239 52.5447129703276 50.5612566340922 84.2522309965817 43.5577499587758 69.2290996905944 50.3209392031638 44.8886093679102 78.0684436411725 58.9640328595915 50.4468004392466 46.9844514024953 54.865466769848 48.1636428829218
8.38300582370408 7.45939016426612 7.92648449737413 8.11542982683657 7.68931247033136 1.74815867804878 13.000158276452 8.25449669982259 10.7960182815137 7.23425879293676 8.01164095083842 6.61596070280056 7.30927249993914 7.49558190841412 7.92579362794728 5.00162521925269 6.85336403123327 7.95043101450399 6.53631664524756 6.55028307366371 7.84877349540463 7.31789308257939 8.4366064102888 6.60741202737848 7.20187943514277 8.10565677450362 10.8763428953512 7.26500069594313 5.74009347412215 7.84804502766778 7.01316035571792 11.8024895070451 7.61375189580391 6.79474380735414 8.45319016633155 9.01499922892424 4.47245705490214 5.15267845459174 8.50855865705911 5.20209229234536 7.18205656872233 6.62637634967518 8.51016643939638 5.95613485582631 7.62480961715018 8.50494682983867 6.17574888268095 7.36912298443944 6.31059695174917 6.29913908037493
34.8630499510207 35.8853453456256 33.8732247295997 32.4748286756153 39.8096280871662 25.7080180290424 27.7216572078242 32.2812402754319 20.938960067374 30.1014715161133 23.6907536675337 17.5944346730116 25.9926793968584 25.3761223003058 36.9013571661701 29.9574877982623 25.3161597795516 44.0022769576772 32.7272463019777 27.3152247077853 49.9188237106876 32.4756560751868 28.5973870130409 21.8950031000603 57.5209624756347 14.7668434070267 22.977897678601 25.4644670442518 30.4339255493507 34.4266959992382 27.083152310619 20.5967173010774 27.9833557006371 16.0772042006243 26.6546416085639 8.51266898332971 28.2456329285193 33.7105738124387 16.4022791679078 40.5155368239628 37.8762193439053 31.8726874704489 35.2297570464981 29.0489445328236 19.6685055512933 39.5562268199502 35.8921909251017 22.7884402152312 36.5034922510077 15.8214186144679
31.9020180581483 40.4161223277156 33.878351190131 40.3620492327595 7.87482269741255 34.8680779122745 28.6670393077422 33.2736332206023 32.4972238367129 31.2310468299953 33.8383141911233 34.5189257962216 12.4691485287892 25.0247347464112 39.858535406094 32.8235597170967 23.084165744629 37.4434744343169 28.9360082732687 28.1573578321928 14.0659783758851 26.0865777146124 17.119152083051 42.0309099282172 38.0760391604658 35.0760569275858 16.5866980159229 35.5586358847963 38.0784083657816 32.0091491373229 40.0008987028081 28.3267521447058 50.2862886926722 15.2074464448462 39.0899607873208 41.2337733321398 22.6471647548721 36.1968681670143 38.5785264553602 34.0402969518053 26.8889972081784 23.8509914802933 34.2967481487712 24.7893868130468 17.478999313931 44.6860165714455 22.5859598625033 42.24387525554 23.5684355183002 26.1913494724082
8.92661383288991 2.96379059081325 9.08320712382432 8.18983633627286 7.53167866317193 8.80961363439149 5.62336609457582 6.14133462500742 8.06622489438193 5.93810310103441 5.38694190023015 5.07243843144122 8.0002911173066 7.02139034863664 7.38379413572241 11.7179472729444 6.90416508125526 7.35234093065308 9.08306823975724 7.39260671552199 6.31401992525054 3.23482464475885 5.4394164556815 3.36843452564718 7.87618077568683 8.47629506842631 7.87467115530705 7.97405968307195 5.64203692267758 4.45194265776567 6.31296745446025 7.36132164969786 7.29843115293161 4.69346218889278 8.132914823133 5.15301666464749 10.1525219688825 3.71001759276725 8.27352947626764 8.82046488848621 6.69855888429638 7.01347569007765 8.88059017095777 2.96057439162277 4.79708766636601 3.10767621575607 8.19032386372564 7.73292762464304 6.25707929316554 7.30641337819862
74.6338524163784 58.4849226720206 62.3443931246154 30.5281349966582 58.1284609605873 52.3744451359221 53.0486862034486 62.4147878635434 63.5903963026439 51.3200075401984 52.451675856234 57.1807894252946 63.7364793191628 67.5264547680498 67.1315781504794 58.2607598305996 61.9904287853092 94.8808832477592 39.5586030681122 43.9508243201979 68.1459961149393 69.9471690860267 9.0132777918914 12.8436029031603 44.0250536343539 66.027258213542 73.7820710593639 23.908937568971 68.6139633174531 39.8209831099766 49.1621136278795 31.0154970803651 58.2092173909256 57.2745037072741 63.8666688030529 75.7351180786897 46.9408061806248 61.8363926952832 63.9599778168699 72.910437792849 53.6006892614861 36.495921593098 66.3537928399818 32.7456168998759 49.3915952462488 72.8133118934865 45.477777314637 55.4958623132164 52.3120764026762 53.4972846292404
49.8730902271394 46.8854211585218 39.333221394829 42.4556276441468 51.3821867013411 36.1884730127232 40.2517875097709 26.6321324563649 36.3426293840364 35.139067389731 38.6929902079046 52.9428512637524 34.5691733478593 41.5510321050824 43.6689089668823 39.5884543517376 28.9106073737269 45.7657449895677 45.2575434977772 38.4188408906069 32.481550608832 26.9419067026029 46.9006278322746 48.0943898920644 10.9855430699937 38.613105262461 36.8019452163927 58.1977741556517 48.832504467168 43.3634293859448 22.2135991637214 34.0806938771712 33.248995843459 40.923218110106 29.3981868768948 33.1201060786956 34.9120107039352 47.6475554647935 46.6727086893922 20.0609775792771 38.1840899339605 37.9662872502303 58.3426448473194 26.5578804260397 38.9222992681304 42.9935239732378 39.2857831461836 39.2764156476364 31.4654350579438 51.3551947492751
0.217305639611785 0.405606011096039 0.453925355830868 0.194236349732074 0.341571707991007 0.376382364299872 0.408341136621244 0.426042481018612 0.181568504779631 0.42938733879281 0.556005028924225 0.437627575376891 0.434870174462515 0.352956407941144 0.45099769929542 0.3706072555608 0.296871169337651 0.468065180426332 0.58794096397137 0.304587926593405 0.306783668283665 0.309975605890043 0.48801311570046 0.277115472436825 0.438590174985428 0.362522155764573 0.482911502350682 0.620164119274313 0.22535800618167 0.410589352742303 0.18042297503504 0.475762294610527 0.242037730478086 0.342208362570946 0.257771978938758 0.334725652280377 0.402979675452956 0.222625905114479 0.42545584213978 0.488189751966002 -0.0206202088836309 0.508851735671146 0.333507472761009 0.633636557272158 0.481513639764552 0.401364289218124 0.354513093284615 0.423976147123114 0.329834631096928 0.17687004282369
47.9545418226399 26.5268184858747 42.9341899191913 34.0104992630827 58.2792658130218 46.080383543469 6.6599189905521 44.0522178308466 36.1133283082591 35.1726746668357 39.4810039534242 54.8498247261888 24.3709509752021 26.5044881850721 51.947926412829 43.955816923814 24.2616368344055 16.2386312442861 45.5655457379103 19.131120832205 21.2498136551909 34.32915084129 45.3371397471742 46.4077728363797 47.7320375172072 44.0806630281795 38.9678892459594 53.2217103902052 47.7588267358434 47.0698809155125 44.7142543261273 30.8169846582285 23.4695890831146 37.0366748215372 40.404828768896 56.3730699464545 39.8993611065252 41.4757902897871 46.0943106992937 45.7797981487912 27.6258528107354 52.0681832406254 42.1355034833086 43.6132440923302 48.6824066377097 27.6163490940488 44.3288215891835 34.8656092329953 43.943533581866 42.1031125586068
33.1206761802517 18.8963645947499 22.0612392870762 22.6995766536682 32.2549821308942 26.702502440544 27.0305432808035 26.0628637096007 30.8989123535292 20.530311892455 35.4206925396181 17.1500527807795 30.5487788067792 18.5335437668085 26.1091636885388 10.5022696345038 32.1761621425672 29.0398228407315 30.293163252751 25.5721280524257 38.6359637866071 23.3500549209625 30.6014307753475 30.7558956039138 30.2472243152735 25.7230107099022 19.5630254573482 30.3204629843591 25.3225837599833 32.2744909764155 18.6867007939066 24.2210964791351 25.7165666071355 30.0080065468753 24.0542738967984 30.9004840130326 20.5703901839914 14.1646571010669 26.355510663998 18.5214984181521 28.3595025180414 24.6967024609707 18.8091902206446 21.0153016583594 27.9212185848787 28.613794036825 28.2797757328658 27.8213480294286 27.6621801266733 24.0491179884512
4.45713157584601 4.42345642368255 1.99622460293553 4.43768784172245 5.45558314171629 5.25213276392561 3.7952603738376 4.8834172709892 2.01573316683966 3.5462798065835 5.09784166554119 4.5944672475611 4.40344659255326 2.05448197096398 2.77331875935132 5.19761941390765 3.75080119058161 2.92023517719021 4.86935812546686 2.79362305544247 5.20587038475848 3.34025883462177 5.30133825293825 5.51547513980955 4.3291575792457 4.08430200866607 4.88744163168322 3.74414576703099 4.17173667732802 6.31826566426848 2.44553517188693 2.85375444262571 1.90647741211551 2.98500295258167 4.8521568753163 5.47619597203472 4.64606924586254 2.55037813479825 3.95488285152625 3.87823113364131 3.68583365494081 2.41122240308322 2.15451550652034 2.46665483631077 5.20380762808635 1.91957549808158 4.70458396761022 2.82617026652399 3.96432598666648 5.82960464356194
242.679417226765 223.358395650378 257.461446379686 214.818216371389 215.560825364505 266.61317966035 140.777292064657 196.69643707501 343.317707145799 282.345361053728 266.131934224265 233.56712346384 238.760162020694 265.891383228042 262.309930180554 214.210992890037 250.011311759382 280.100486982334 174.737997284594 233.767694765394 232.239579930823 192.36505614889 274.977211035797 204.569935545866 191.550459601707 289.179293361686 237.594392045828 222.564581196282 259.019797733531 240.678742541505 378.921089157309 99.2024502363702 211.745726027196 286.913194479652 294.303364644923 241.221133754933 275.806927309531 285.404359804871 236.813361093245 303.624917836615 211.267536616078 160.76774984075 269.449354819105 149.499541581489 151.146806931092 191.752083640539 283.630713750963 268.638836856901 262.607126097257 386.093443002617
135.373668285137 240.340566348061 244.485684543593 209.536055568544 345.660309700784 199.70972586947 122.138223136133 194.631393378095 282.422000735798 385.070654073259 273.287419137062 219.836237838448 186.187584965985 204.071660189312 300.972501917916 190.712085464811 296.506876360747 161.684405175769 266.019062636256 198.054433687429 216.079476343446 208.419202211452 277.670871723115 106.336313248502 269.648109942432 365.40874554667 313.960011120916 135.047272562753 276.070527291663 214.01767386432 309.429752492638 277.666481922334 232.967065410241 233.511815391885 210.932425133805 253.929948573328 401.329352685635 126.069274625394 268.849241462866 281.6236673203 161.969961222186 207.920001508854 280.281977117956 234.381372051268 275.539177889445 251.534230144635 276.760910646895 158.83418326087 261.892528663926 203.276131831745
